-1.8818,0,0.49387,0,-0.00045779,0
-1.8832,-5.7455e-05,0.49078,0.0001464,3.8866e-05,4.5024e-06
-1.8833,-8.6468e-05,0.48547,-0.00035711,0.00023586,0.00012388
-1.882,0.00015682,0.47725,-0.00085063,0.00018595,0.00033309
-1.8802,0.00030587,0.46583,-0.00046904,0.00013714,0.00054388
-1.8792,0.00024396,0.45237,-0.00010679,0.00029143,0.00073735
-1.8782,-5.7161e-06,0.4374,-1.9887e-05,0.0005469,0.001011
-1.877,-0.0002359,0.42223,0.00022469,0.0010525,0.0012696
-1.8753,-0.00036052,0.40751,-0.00017884,0.0017025,0.0013659
-1.873,-5.8448e-05,0.39357,-0.00034517,0.0023164,0.001445
-1.8698,-6.4159e-06,0.38049,-0.00022749,0.0028172,0.00158
-1.8657,6.7496e-05,0.36893,-0.00073484,0.0033165,0.0016418
-1.8612,-0.00010425,0.35876,-0.00016904,0.0039684,0.0016783
-1.8564,-0.00041394,0.35011,-0.00016841,0.0048032,0.001724
-1.8515,-0.00070115,0.34288,0.00044286,0.0058217,0.0015951
-1.8461,-0.001131,0.3371,0.00067958,0.0069945,0.0014449
-1.8405,-0.0013895,0.33257,0.00091192,0.0084751,0.0015678
-1.8343,-0.0011954,0.32943,0.00056597,0.010179,0.0017286
-1.8279,-0.00095902,0.32743,0.00074094,0.012178,0.0019216
-1.8215,-0.00098561,0.32652,0.00068124,0.014509,0.0020973
-1.8154,-0.00086816,0.32665,0.00082316,0.017173,0.0025088
-1.8096,-0.0010546,0.32768,0.0012112,0.020127,0.0027995
-1.8045,-0.0014907,0.32946,0.0014813,0.02342,0.0029538
-1.7997,-0.0017243,0.33176,0.0019131,0.026892,0.0028877
-1.7952,-0.0020195,0.33448,0.0021106,0.030487,0.003013
-1.791,-0.0021607,0.33744,0.0024228,0.034068,0.0031178
-1.7871,-0.0023062,0.34059,0.0024489,0.037626,0.0032042
-1.7835,-0.0023069,0.34377,0.0025904,0.041123,0.0031851
-1.7802,-0.0024616,0.34692,0.0026443,0.044545,0.0033922
-1.7774,-0.0025368,0.34983,0.0029547,0.047792,0.0035607
-1.7752,-0.0027783,0.35254,0.0030589,0.050875,0.0036928
-1.7734,-0.0030302,0.35498,0.0035598,0.053736,0.0036987
-1.772,-0.0033314,0.35709,0.0036681,0.056265,0.0037046
-1.7709,-0.0035751,0.35882,0.0041178,0.058393,0.0038044
-1.77,-0.0038201,0.36008,0.0042073,0.060082,0.0038557
-1.7691,-0.0039396,0.36095,0.0044427,0.061361,0.0039027
-1.7685,-0.0040013,0.36144,0.0044213,0.062217,0.0039866
-1.7681,-0.0040054,0.36162,0.0045086,0.062714,0.0041197
-1.7681,-0.0039405,0.36146,0.0043627,0.062825,0.0042148
-1.7683,-0.0038243,0.36103,0.0043719,0.062586,0.0043219
-1.7688,-0.0036957,0.36034,0.0041697,0.061989,0.0043572
-1.7695,-0.0035389,0.35951,0.0041017,0.061085,0.0044233
-1.7704,-0.0033333,0.35853,0.0038119,0.059855,0.0044247
-1.7713,-0.0030902,0.35749,0.0036549,0.058365,0.0044331
-1.7724,-0.002816,0.3564,0.0033753,0.05664,0.0044076
-1.7737,-0.0025836,0.35534,0.0031719,0.054759,0.004476
-1.7751,-0.0023528,0.35435,0.0029802,0.052749,0.0044445
-1.7768,-0.0021585,0.3535,0.0027198,0.050673,0.0044357
-1.7786,-0.0019057,0.35276,0.0026128,0.048544,0.0044051
-1.7806,-0.0018131,0.3522,0.0024284,0.046423,0.0044668
-1.7827,-0.0017966,0.35184,0.0026055,0.044343,0.0045681
-1.785,-0.0019592,0.35168,0.002736,0.042355,0.0046463
-1.7873,-0.0021046,0.35165,0.0028221,0.040442,0.0046611
-1.7897,-0.0022278,0.3518,0.0030946,0.03862,0.0045901
-1.7921,-0.0023647,0.35209,0.0031316,0.03689,0.0045694
-1.7944,-0.0026383,0.35256,0.0035774,0.035309,0.0045459
-1.7969,-0.0029087,0.35312,0.0036575,0.033868,0.0046463
-1.7995,-0.0030778,0.35379,0.0039365,0.032587,0.0047392
-1.8021,-0.0031182,0.35457,0.0039785,0.031475,0.0047869
-1.8047,-0.002998,0.35544,0.0037781,0.030518,0.0048471
-1.8073,-0.0028638,0.35638,0.0038093,0.02969,0.004871
-1.8097,-0.0027655,0.35735,0.0035575,0.028959,0.0048934
-1.8118,-0.0026283,0.35834,0.003573,0.028286,0.0048491
-1.8138,-0.0024267,0.35933,0.0032179,0.027699,0.0047932
-1.8156,-0.0023286,0.36027,0.0033809,0.027206,0.0047763
-1.8173,-0.0023788,0.36116,0.0032533,0.026815,0.0049675
-1.819,-0.0023641,0.36198,0.0033599,0.026506,0.0050929
-1.8205,-0.0024854,0.36274,0.0035059,0.026213,0.0052006
-1.8216,-0.0027295,0.36345,0.003726,0.025927,0.0052561
-1.8226,-0.002745,0.36405,0.0037496,0.02566,0.0052579
-1.8233,-0.002714,0.36454,0.0037399,0.025422,0.0052597
-1.8237,-0.0026295,0.36497,0.0038612,0.025222,0.0052354
-1.824,-0.0029224,0.36533,0.0039953,0.02507,0.0052677
-1.824,-0.0030522,0.36562,0.004166,0.024908,0.0052854
-1.8238,-0.0031071,0.36578,0.0042378,0.024774,0.0052832
-1.8236,-0.0030746,0.36583,0.0042687,0.024717,0.0054047
-1.8233,-0.00318,0.36578,0.0043313,0.024749,0.0055216
-1.8228,-0.003204,0.36569,0.0042678,0.024839,0.0055205
-1.8219,-0.0031789,0.3656,0.0042742,0.024974,0.0055302
-1.8208,-0.0030982,0.36539,0.0043702,0.025124,0.0054998
-1.8196,-0.0032085,0.36509,0.0045672,0.025303,0.0054643
-1.8181,-0.0034745,0.36471,0.0048492,0.025531,0.0054715
-1.8168,-0.0036404,0.36426,0.0049342,0.025848,0.0055213
-1.8155,-0.0037373,0.36371,0.0052187,0.026264,0.0056073
-1.8142,-0.0038974,0.36312,0.0054385,0.026757,0.0056768
-1.8131,-0.0040391,0.36249,0.0054225,0.027329,0.0057684
-1.8119,-0.0039618,0.36182,0.0055524,0.027964,0.0058239
-1.8107,-0.0039838,0.36117,0.0055853,0.028636,0.0058107
-1.8093,-0.0040167,0.36054,0.0055427,0.029323,0.0058161
-1.808,-0.0040365,0.35996,0.0054393,0.030029,0.0057484
-1.8067,-0.0039237,0.3594,0.0053846,0.030783,0.0057937
-1.8056,-0.003676,0.35884,0.0050946,0.031587,0.0058373
-1.8046,-0.0033733,0.35829,0.0049986,0.032422,0.0059582
-1.8036,-0.0031221,0.35784,0.0046459,0.033246,0.0060569
-1.8027,-0.0028959,0.3574,0.0044538,0.034071,0.0061352
-1.8018,-0.0024639,0.357,0.0040911,0.034868,0.0061973
-1.8009,-0.0021832,0.35661,0.0041182,0.035623,0.0064245
-1.8001,-0.0019461,0.35602,0.0040598,0.036339,0.0066179
-1.7997,-0.001866,0.3553,0.003842,0.037075,0.0066759
-1.7994,-0.0018691,0.35444,0.0039896,0.037796,0.0066371
-1.7992,-0.0018753,0.35348,0.0041825,0.038412,0.006774
-1.799,-0.0020767,0.35255,0.004263,0.038827,0.0069608
-1.7986,-0.0022071,0.3517,0.0044762,0.039046,0.0070109
-1.7982,-0.0025369,0.35089,0.0047931,0.03911,0.0069742
-1.7977,-0.0028542,0.35014,0.0051266,0.039027,0.0070523
-1.7971,-0.0031652,0.34947,0.0053918,0.038776,0.0071165
-1.7963,-0.0033665,0.34897,0.0055683,0.038314,0.0071275
-1.7952,-0.0034404,0.3486,0.0056804,0.037617,0.007216
-1.7939,-0.0033712,0.34836,0.0056276,0.036688,0.0072972
-1.7923,-0.0031043,0.34821,0.0053322,0.035542,0.0072933
-1.7905,-0.0027811,0.34813,0.0050449,0.034236,0.0073238
-1.7885,-0.0024307,0.34812,0.0047086,0.032804,0.0073921
-1.7863,-0.0021038,0.34823,0.0044365,0.031233,0.0074742
-1.7837,-0.0017881,0.34852,0.004013,0.0295,0.0075952
-1.7807,-0.0012036,0.34897,0.0034494,0.027619,0.007774
-1.7774,-0.00069372,0.34952,0.0029763,0.025648,0.0077995
-1.774,-0.0003137,0.35013,0.0026835,0.02368,0.0078021
-1.7705,-6.6294e-05,0.35081,0.0024908,0.021726,0.0078292
-1.7667,8.303e-05,0.35151,0.0024412,0.019791,0.0079166
-1.7626,0.00016735,0.35224,0.0024543,0.017834,0.007925
-1.7581,7.3613e-05,0.35296,0.0026057,0.015941,0.0079548
-1.7533,9.0189e-05,0.35374,0.0027862,0.014107,0.0079844
-1.7482,-0.00011441,0.35469,0.0030638,0.012385,0.0079504
-1.743,-0.00027854,0.35568,0.0031223,0.010787,0.0078323
-1.7376,-0.00023198,0.35664,0.0033768,0.0092776,0.0077574
-1.7317,-0.00035545,0.35747,0.0035214,0.0077661,0.0078426
-1.7256,-0.00036433,0.35827,0.0035728,0.0064027,0.0078926
-1.719,-0.00025973,0.35893,0.003259,0.0051592,0.0078962
-1.7121,0.00019574,0.35942,0.0030511,0.0039267,0.0078181
-1.7044,0.00054388,0.36003,0.0027642,0.0026638,0.0077673
-1.6961,0.00088105,0.36074,0.0023402,0.0015037,0.0077597
-1.6874,0.0013398,0.36142,0.0020911,0.00039961,0.0076635
-1.6782,0.0016675,0.36216,0.0017481,-0.00061298,0.0077169
-1.6682,0.0019922,0.36302,0.0015656,-0.0016107,0.0078316
-1.6577,0.0023594,0.36381,0.0012652,-0.0024147,0.0079964
-1.6468,0.0026597,0.36468,0.0010531,-0.0031527,0.0080041
-1.6354,0.0028992,0.36567,0.0008843,-0.0035925,0.0078414
-1.6236,0.0034043,0.36669,0.00021461,-0.0038665,0.007904
-1.6109,0.0040758,0.36782,-0.0006371,-0.0039118,0.0079081
-1.5973,0.0051444,0.36894,-0.0019675,-0.0040202,0.0078029
-1.5831,0.0063527,0.36972,-0.002477,-0.0041775,0.0077005
-1.5684,0.007259,0.3707,-0.0032635,-0.0040958,0.0078613
-1.553,0.0082195,0.37175,-0.003873,-0.003832,0.0081711
-1.537,0.0086183,0.37257,-0.0038918,-0.0035899,0.0087434
-1.5203,0.0086692,0.3735,-0.0035349,-0.003227,0.0089201
-1.503,0.0083923,0.37429,-0.0031735,-0.0027213,0.0089953
-1.4853,0.0080779,0.37482,-0.00264,-0.0021648,0.0090224
-1.467,0.0079668,0.3753,-0.0026214,-0.0015988,0.0087528
-1.448,0.0077371,0.37549,-0.0020052,-0.0010915,0.0086119
-1.4286,0.007609,0.37554,-0.0020385,-0.00061942,0.0088123
-1.4088,0.0076149,0.3753,-0.0016293,-0.00010862,0.0091137
-1.3888,0.0075404,0.37482,-0.0012815,0.00048552,0.0093305
-1.3682,0.006947,0.37446,-0.00045435,0.0011147,0.0095192
-1.3471,0.006291,0.37413,0.00036206,0.0016231,0.0097507
-1.3257,0.0055981,0.37389,0.0010375,0.0020039,0.0098548
-1.3043,0.0052753,0.37397,0.0012033,0.0023015,0.0094949
-1.2828,0.0051833,0.374,0.0010737,0.0027431,0.0091101
-1.2613,0.0052084,0.37408,0.00045621,0.0032037,0.0087583
-1.2395,0.0055782,0.37464,-0.00051193,0.0036906,0.0080254
-1.2174,0.0059288,0.37503,-0.00087746,0.0041878,0.0076349
-1.1949,0.0061683,0.37521,-0.00069132,0.0047094,0.0076735
-1.1722,0.0060467,0.37517,-0.00022636,0.005213,0.0078506
-1.1496,0.0058454,0.37445,0.0002302,0.0056563,0.0081019
-1.127,0.0055807,0.37318,0.0008138,0.0060864,0.0085415
-1.1046,0.0052416,0.37156,0.0013566,0.0066599,0.008748
-1.082,0.0047709,0.37004,0.002006,0.0072216,0.0091434
-1.0591,0.0045435,0.36873,0.0019116,0.007874,0.0094069
-1.0362,0.0045764,0.36748,0.0020035,0.0085848,0.0096074
-1.0135,0.0048125,0.3663,0.0021688,0.0094122,0.010058
-0.99089,0.0048453,0.36521,0.0024796,0.010381,0.01054
-0.96849,0.0049401,0.36418,0.0022696,0.011458,0.010936
-0.94596,0.0051738,0.36324,0.0023494,0.012567,0.011318
-0.92324,0.0051908,0.36247,0.0025307,0.013671,0.011559
-0.90028,0.0047191,0.36203,0.0037443,0.01466,0.011433
-0.87696,0.0042745,0.36184,0.0040171,0.015442,0.011413
-0.85312,0.0042626,0.36182,0.0044689,0.015833,0.011382
-0.82884,0.004317,0.36192,0.0047451,0.01611,0.011215
-0.80412,0.0042191,0.36192,0.0051647,0.016093,0.011101
-0.77869,0.0040281,0.36188,0.0053583,0.015779,0.011039
-0.75234,0.0033767,0.36226,0.0066002,0.014988,0.010752
-0.72508,0.0027019,0.36306,0.0070084,0.013772,0.01028
-0.69722,0.0024659,0.36383,0.0074859,0.012378,0.009875
-0.66898,0.0021322,0.36461,0.009026,0.010958,0.0096727
-0.64029,0.0012286,0.3657,0.010935,0.0095295,0.0094979
-0.61117,0.00031424,0.36671,0.011681,0.008112,0.00927
-0.58153,8.0796e-06,0.3675,0.01186,0.0068072,0.0094259
-0.55135,0.00015402,0.36805,0.011856,0.0054919,0.0097455
-0.52056,0.00048699,0.36827,0.011929,0.0042948,0.0097573
-0.48954,0.00096357,0.36832,0.011098,0.0034058,0.0095885
-0.45878,0.0020595,0.36831,0.0096847,0.0027368,0.0090673
-0.42795,0.0034462,0.36795,0.0087653,0.0022127,0.0088196
-0.39691,0.0049143,0.3674,0.0075064,0.0019655,0.008913
-0.36558,0.0064451,0.36689,0.0068926,0.0021807,0.0090178
-0.33417,0.0079027,0.36632,0.0055684,0.0027352,0.0092661
-0.30275,0.009616,0.36565,0.0042056,0.0035348,0.0094617
-0.27113,0.011389,0.36516,0.0026533,0.0042486,0.0095725
-0.23945,0.013361,0.36461,0.00077451,0.0051541,0.0095305
-0.20788,0.015382,0.36426,-0.00059211,0.0064474,0.009358
-0.17615,0.017014,0.36426,-0.0010378,0.0078047,0.0093938
-0.14389,0.018302,0.36449,-0.002151,0.0089608,0.0095657
-0.11078,0.019641,0.36456,-0.0036128,0.0097951,0.0097645
-0.076833,0.021066,0.36485,-0.0038461,0.010554,0.0099495
-0.042422,0.021833,0.36535,-0.0042674,0.011408,0.0098005
-0.0078232,0.022492,0.36583,-0.0046086,0.012209,0.009393
0.027253,0.022966,0.3659,-0.0047183,0.012648,0.0091268
0.063227,0.023793,0.36599,-0.0057178,0.012769,0.009261
0.10032,0.025091,0.36671,-0.0078188,0.013005,0.0099451
0.1372,0.026536,0.36785,-0.0090664,0.01318,0.0098931
0.17428,0.027705,0.36861,-0.0093437,0.012984,0.0096337
0.21177,0.028482,0.36888,-0.0091813,0.012496,0.0097879
0.24979,0.028527,0.36895,-0.008432,0.012174,0.010287
0.28788,0.028374,0.36935,-0.0077819,0.011819,0.010941
0.3261,0.028241,0.36994,-0.0064875,0.011217,0.011236
0.36418,0.027733,0.37006,-0.0050374,0.010643,0.011188
0.40195,0.027003,0.37004,-0.003775,0.01029,0.010778
0.43978,0.026559,0.37015,-0.003657,0.010058,0.010493
0.47805,0.026674,0.37019,-0.0031159,0.0097499,0.010567
0.51663,0.026438,0.36998,-0.0021498,0.0095523,0.010682
0.55546,0.026085,0.36975,-0.0015265,0.0095781,0.010806
0.59401,0.025694,0.36954,-0.0010856,0.0097593,0.01058
0.63253,0.02572,0.36877,-0.001087,0.0097517,0.010314
0.67147,0.025538,0.36768,-0.00063066,0.0096176,0.010121
0.71098,0.025617,0.36707,-0.00083175,0.009514,0.010043
0.75052,0.025894,0.36692,-0.0010712,0.0093863,0.0099473
0.79014,0.026305,0.3669,-0.001169,0.008912,0.0098007
0.83007,0.026871,0.36711,-0.0015071,0.0083363,0.009604
0.87035,0.027356,0.36736,-0.0015325,0.0077642,0.0092862
0.91107,0.027432,0.36777,-0.0013704,0.0068135,0.0087961
0.95201,0.028019,0.36839,-0.0013765,0.0058257,0.0082806
0.99351,0.02847,0.36914,-0.00074377,0.0048773,0.0080786
1.0354,0.028406,0.37001,0.00027507,0.0037329,0.0083133
1.0776,0.028118,0.37058,0.00077775,0.0025534,0.0087574
1.1203,0.028033,0.3711,0.0010153,0.0013206,0.0092211
1.1632,0.028231,0.37164,0.0011333,9.1942e-05,0.0093983
1.2064,0.028462,0.37176,0.00086497,-0.0011153,0.0091258
1.2498,0.028943,0.37186,0.00059442,-0.0022544,0.0090147
1.2937,0.029389,0.37188,0.00046484,-0.0031054,0.0090268
1.3381,0.029627,0.37211,0.0010799,-0.0040276,0.0093593
1.3828,0.029819,0.37253,0.00051943,-0.0046266,0.0097506
1.4277,0.030199,0.37373,0.00040899,-0.0048712,0.0097039
1.4731,0.031104,0.37494,-0.00066535,-0.0049946,0.0098243
1.519,0.032118,0.37584,-0.0014686,-0.0051766,0.0099709
1.5651,0.033259,0.37719,-0.0022008,-0.0048943,0.0099125
1.6114,0.034256,0.37857,-0.002461,-0.0045278,0.0095637
1.6584,0.03543,0.37959,-0.0029166,-0.0041743,0.0092056
1.7058,0.036478,0.3803,-0.0035898,-0.0035621,0.0092123
1.7537,0.037836,0.38049,-0.005,-0.0029092,0.0091098
1.802,0.039647,0.38005,-0.0059996,-0.0022429,0.0088211
1.8506,0.041264,0.37944,-0.0071594,-0.0015694,0.0083595
1.8997,0.042711,0.37835,-0.0079333,-0.0010289,0.0080468
1.9497,0.043608,0.37692,-0.0085611,-0.00063584,0.0081789
2.0004,0.044176,0.37567,-0.0090745,-0.00010628,0.0088284
2.0519,0.044891,0.37446,-0.009339,0.00022697,0.0094609
2.104,0.04524,0.37303,-0.0086893,0.00046971,0.0098797
2.1563,0.045327,0.37182,-0.0084744,0.00086544,0.0104
2.2092,0.045036,0.37059,-0.0080951,0.0010275,0.011168
2.2622,0.045102,0.36913,-0.0076302,0.0013176,0.012096
2.3156,0.045424,0.36808,-0.0078857,0.0018306,0.012635
2.3696,0.046495,0.36703,-0.0092527,0.0022407,0.012834
2.4238,0.048202,0.36605,-0.010425,0.0026794,0.012863
2.4782,0.049988,0.36565,-0.011247,0.003186,0.012603
2.5329,0.051331,0.36543,-0.011486,0.003574,0.012229
2.5873,0.052491,0.36542,-0.012162,0.0041416,0.011996
2.6419,0.053705,0.36582,-0.013256,0.0047513,0.011848
2.6972,0.055056,0.36645,-0.014675,0.0051504,0.011557
2.7533,0.056491,0.36761,-0.015377,0.0055825,0.011672
2.8094,0.05778,0.36888,-0.015965,0.0060117,0.012053
2.8654,0.058759,0.37023,-0.015854,0.0065866,0.012271
2.9213,0.059396,0.37181,-0.015518,0.0071086,0.012128
2.9775,0.059908,0.37314,-0.015166,0.0075722,0.011896
3.0339,0.060158,0.3745,-0.01501,0.0081327,0.011637
3.0906,0.060576,0.37588,-0.014448,0.0085556,0.011501
3.1474,0.060669,0.37709,-0.013382,0.0090469,0.011362
3.2043,0.061039,0.37829,-0.013645,0.0093973,0.011058
3.2617,0.060983,0.37915,-0.012158,0.0094418,0.011065
3.3195,0.060814,0.38002,-0.011326,0.0091781,0.011172
3.3774,0.060595,0.38082,-0.0097966,0.0086981,0.011664
3.4356,0.060461,0.38117,-0.0088228,0.0081734,0.01263
3.4938,0.060529,0.3814,-0.0079099,0.0075498,0.013829
3.5524,0.060518,0.38137,-0.006504,0.0067863,0.014814
3.6112,0.060639,0.38133,-0.0058314,0.006181,0.015295
3.6701,0.060843,0.3808,-0.0049158,0.0055303,0.015338
3.7292,0.060848,0.38015,-0.0037843,0.0052038,0.015079
3.7886,0.060856,0.37922,-0.0030848,0.0050103,0.014763
3.8481,0.060973,0.37796,-0.0027419,0.0051335,0.014389
3.9078,0.061469,0.37699,-0.0029539,0.0052393,0.013586
3.9678,0.062018,0.37595,-0.0027807,0.005385,0.012355
4.0283,0.062599,0.375,-0.0029154,0.0056221,0.011578
4.089,0.063758,0.37417,-0.0042053,0.0055522,0.010998
4.1496,0.064879,0.3733,-0.0031362,0.0052048,0.010584
4.2108,0.065742,0.3728,-0.0020596,0.0044505,0.010184
4.2735,0.066841,0.37241,-0.0022003,0.0033738,0.0094161
4.3377,0.067926,0.37233,-0.0028424,0.0014535,0.0074348
4.404,0.069169,0.37254,-0.004382,-0.00095701,0.0042201
4.4713,0.070439,0.37214,-0.0063213,-0.0036088,-0.00012185
4.5392,0.071642,0.37167,-0.008037,-0.0064197,-0.0048784
4.6079,0.072355,0.37112,-0.0091448,-0.0091048,-0.010192
4.6777,0.072615,0.37106,-0.0088591,-0.011753,-0.015975
4.7485,0.072431,0.37137,-0.0081629,-0.014175,-0.021971
4.82,0.071649,0.37195,-0.0075291,-0.016574,-0.028456
4.8922,0.069973,0.37294,-0.0067223,-0.01865,-0.034736
4.9657,0.067505,0.37423,-0.0059709,-0.02089,-0.041149
5.04,0.063981,0.37542,-0.0058507,-0.022667,-0.047632
5.1148,0.059927,0.37676,-0.0065028,-0.023941,-0.054197
5.19,0.055231,0.37791,-0.0062961,-0.024432,-0.060916
5.2659,0.049755,0.3799,-0.0052581,-0.024071,-0.068293
5.3426,0.043686,0.38203,-0.003419,-0.023074,-0.075833
5.4194,0.036866,0.38453,-0.00077368,-0.021408,-0.083536
5.4963,0.029341,0.38707,0.0021097,-0.019103,-0.091449
5.5739,0.02157,0.38972,0.0031468,-0.016476,-0.099563
5.6521,0.013408,0.39225,0.0039888,-0.013367,-0.10768
5.7304,0.005156,0.39384,0.0037539,-0.009994,-0.11574
5.8092,-0.0034621,0.3946,0.0029241,-0.0066596,-0.12347
5.8882,-0.01257,0.3944,0.0019725,-0.0030415,-0.13042
5.9676,-0.021987,0.39349,0.00092865,0.00072559,-0.13703
6.0477,-0.031669,0.39215,-1.3258e-05,0.004299,-0.14334
6.1286,-0.041461,0.39027,-0.00096102,0.0074342,-0.14919
6.2102,-0.051679,0.38795,-0.0015059,0.0099781,-0.15518
6.2921,-0.062211,0.38551,-0.0020571,0.01205,-0.16184
6.3747,-0.073423,0.38238,-0.0020563,0.013198,-0.16913
6.4582,-0.085263,0.37927,-0.0027849,0.013657,-0.1768
6.5426,-0.097518,0.37588,-0.0037533,0.013521,-0.1847
6.6278,-0.11034,0.37207,-0.004072,0.012928,-0.19296
6.7127,-0.1239,0.36844,-0.0042557,0.012214,-0.20097
6.7973,-0.13811,0.36524,-0.0043152,0.011294,-0.20869
6.882,-0.15303,0.36269,-0.0045704,0.010193,-0.21638
6.9667,-0.16838,0.36076,-0.0063232,0.0090118,-0.22402
7.0516,-0.18436,0.35947,-0.0077245,0.0078731,-0.23154
7.1365,-0.20112,0.35849,-0.0088955,0.0067024,-0.23889
7.2212,-0.21902,0.35776,-0.01069,0.0055316,-0.24582
7.3056,-0.23754,0.35758,-0.01194,0.0046585,-0.25218
7.3898,-0.25693,0.35811,-0.011333,0.0039757,-0.25835
7.474,-0.27772,0.35932,-0.0093175,0.0034045,-0.26484
7.5584,-0.29944,0.36106,-0.0072443,0.0029806,-0.27165
7.643,-0.32216,0.36283,-0.0050859,0.0023733,-0.27886
7.7275,-0.34568,0.3649,-0.002985,0.0018868,-0.28635
7.8117,-0.37016,0.36702,-0.0013751,0.0013853,-0.29426
7.8959,-0.39529,0.36924,-0.00098773,0.0009425,-0.30254
7.9799,-0.42156,0.37181,0.00016118,0.00067,-0.31044
8.0642,-0.4484,0.3746,0.0014579,0.00039029,-0.31839
8.1488,-0.47558,0.37711,0.0024597,2.6811e-05,-0.3263
8.234,-0.50322,0.3789,0.0028054,-0.00058781,-0.33412
8.3198,-0.53145,0.3803,0.0026035,-0.001445,-0.34214
8.4056,-0.5605,0.38132,0.0025593,-0.0022679,-0.35079
8.4906,-0.59007,0.38197,0.002562,-0.0027199,-0.3598
8.575,-0.62036,0.38247,0.0027868,-0.0029006,-0.36895
8.6594,-0.65143,0.38267,0.0020457,-0.0028167,-0.37773
8.7436,-0.6829,0.38246,0.00015699,-0.0022792,-0.38631
8.8278,-0.71474,0.38186,-0.00092479,-0.0013383,-0.39469
8.9123,-0.74722,0.38158,-0.00040402,-0.00055033,-0.4035
8.9964,-0.78057,0.38112,-0.00013907,0.00033451,-0.41255
9.0802,-0.81473,0.38026,-0.00060679,0.0010476,-0.42135
9.1636,-0.84934,0.37931,-0.0016392,0.0019671,-0.42958
9.2468,-0.88469,0.37829,-0.0026593,0.0029409,-0.43735
9.3299,-0.92088,0.37733,-0.0032813,0.003858,-0.44509
9.4128,-0.95785,0.37635,-0.0028647,0.0049497,-0.45254
9.495,-0.99533,0.37581,-0.0016468,0.0061609,-0.45986
9.5768,-1.0334,0.37517,-0.0010821,0.0075153,-0.46706
9.6583,-1.072,0.37437,-0.0005951,0.0087816,-0.47391
9.7397,-1.1113,0.37333,-0.00077194,0.01006,-0.48048
9.8215,-1.1512,0.37232,-0.0012113,0.011341,-0.48759
9.9033,-1.1913,0.37158,-0.0022891,0.013134,-0.4949
9.9848,-1.2318,0.37112,-0.0017531,0.015116,-0.50157
10.066,-1.2728,0.37103,-0.0012062,0.017172,-0.50798
10.146,-1.3136,0.37123,-0.001417,0.019655,-0.51415
10.225,-1.3541,0.37136,-0.002216,0.0226,-0.51955
10.303,-1.3945,0.371,-0.0037991,0.025726,-0.52367
10.38,-1.4351,0.37035,-0.0061371,0.028893,-0.52647
10.457,-1.4759,0.3699,-0.0086991,0.032135,-0.52794
10.533,-1.5169,0.3697,-0.010487,0.035307,-0.52866
10.607,-1.5583,0.36977,-0.010716,0.038378,-0.52919
10.681,-1.6001,0.36977,-0.010694,0.041275,-0.5295
10.753,-1.6418,0.36928,-0.010936,0.04427,-0.52928
10.824,-1.6831,0.36831,-0.01022,0.047215,-0.5284
10.894,-1.7246,0.36689,-0.008559,0.050204,-0.52736
10.964,-1.7664,0.36527,-0.0078117,0.052725,-0.52648
11.034,-1.8075,0.36358,-0.0076046,0.054996,-0.52556
11.103,-1.8484,0.36214,-0.0059668,0.056894,-0.52391
11.172,-1.8892,0.3609,-0.0041872,0.058333,-0.52168
11.239,-1.9301,0.35961,-0.0024274,0.05922,-0.51966
11.306,-1.9708,0.35837,-0.00091872,0.0597,-0.51805
11.373,-2.011,0.35714,0.00057326,0.059628,-0.51721
11.44,-2.0507,0.35583,0.0020181,0.059222,-0.51708
11.507,-2.0904,0.35492,0.0033338,0.05831,-0.51757
11.574,-2.1295,0.35439,0.0033673,0.05685,-0.51799
11.64,-2.1679,0.35425,0.0035697,0.055113,-0.51817
11.706,-2.2059,0.35472,0.0033891,0.052981,-0.51805
11.773,-2.2433,0.35571,0.0027277,0.050579,-0.51817
11.839,-2.2804,0.35687,0.0015263,0.047908,-0.51865
11.905,-2.3175,0.3579,0.0015035,0.045052,-0.51988
11.972,-2.3544,0.35894,0.00084398,0.041609,-0.52111
12.038,-2.3913,0.35999,0.00011828,0.03785,-0.52238
12.103,-2.4278,0.3613,-0.0011057,0.03395,-0.52308
12.168,-2.4641,0.36257,-0.0013453,0.030308,-0.52324
12.233,-2.5007,0.36388,-0.0015054,0.026801,-0.52353
12.297,-2.5377,0.36521,-0.0016113,0.023423,-0.52403
12.361,-2.5746,0.36672,-0.0022533,0.020169,-0.52476
12.424,-2.6113,0.36861,-0.0025446,0.017008,-0.52503
12.489,-2.648,0.37039,-0.0026838,0.013921,-0.52489
12.552,-2.6848,0.37188,-0.0023682,0.010885,-0.5248
12.616,-2.7217,0.37345,-0.0023145,0.0080915,-0.52513
12.68,-2.7588,0.37492,-0.0014196,0.0054371,-0.52563
12.744,-2.7962,0.37613,-0.00085899,0.0031387,-0.52594
12.808,-2.8341,0.37749,-0.00013341,0.00087565,-0.52604
12.872,-2.872,0.37893,-9.5345e-05,-0.0011329,-0.52613
12.937,-2.9098,0.3803,-0.00052776,-0.0027524,-0.5264
13.001,-2.9472,0.38133,-0.00089625,-0.0042004,-0.52664
13.067,-2.9848,0.38213,-0.0013889,-0.0057004,-0.52673
13.133,-3.0226,0.38276,-0.0022845,-0.0069777,-0.52709
13.199,-3.0604,0.38303,-0.0027169,-0.0075905,-0.52758
13.265,-3.0986,0.3827,-0.0028832,-0.0080458,-0.52763
13.332,-3.137,0.38224,-0.0026191,-0.0081863,-0.52687
13.398,-3.1755,0.38159,-0.002491,-0.0079406,-0.52512
13.464,-3.2133,0.38067,-0.0035949,-0.0070488,-0.52245
13.529,-3.2504,0.37947,-0.0044543,-0.0055679,-0.5188
13.594,-3.2869,0.37814,-0.0054035,-0.0032948,-0.51421
13.659,-3.3227,0.3766,-0.0059323,-0.00064384,-0.50869
13.724,-3.358,0.37545,-0.0069053,0.0025999,-0.50243
13.789,-3.3926,0.37416,-0.0075253,0.006079,-0.49532
13.853,-3.4267,0.3727,-0.0078431,0.0099156,-0.48766
13.916,-3.4603,0.37079,-0.0078251,0.013911,-0.47938
13.98,-3.4931,0.36879,-0.0079143,0.01789,-0.47051
14.043,-3.5254,0.36673,-0.00651,0.02185,-0.46131
14.106,-3.5574,0.3649,-0.0053991,0.025729,-0.45245
14.168,-3.5893,0.36321,-0.0048348,0.029309,-0.44333
14.23,-3.6208,0.36194,-0.0046263,0.032702,-0.43436
14.292,-3.652,0.361,-0.0048388,0.035759,-0.42539
14.353,-3.6828,0.36045,-0.0041424,0.038359,-0.41668
14.415,-3.7133,0.35994,-0.0023395,0.04055,-0.40796
14.477,-3.7438,0.35951,-0.00013581,0.042079,-0.39882
14.539,-3.7741,0.3593,0.0023024,0.042885,-0.38912
14.6,-3.8043,0.35937,0.0060568,0.043303,-0.3794
14.663,-3.8338,0.35913,0.0084266,0.043339,-0.3697
14.725,-3.8626,0.35877,0.0099968,0.042755,-0.36008
14.788,-3.8906,0.35863,0.010426,0.042036,-0.35046
14.851,-3.9175,0.35873,0.010277,0.041092,-0.34097
14.914,-3.9437,0.35895,0.0096726,0.040189,-0.33146
14.978,-3.9686,0.35935,0.0088063,0.038842,-0.32164
15.041,-3.993,0.35964,0.0088776,0.037205,-0.31212
15.105,-4.0168,0.35979,0.0085713,0.035479,-0.30339
15.168,-4.0399,0.35968,0.0087197,0.033695,-0.29522
15.231,-4.0627,0.35992,0.011553,0.031926,-0.28776
15.294,-4.0844,0.36028,0.013345,0.030269,-0.28083
15.357,-4.105,0.36082,0.013065,0.028929,-0.2745
15.42,-4.1246,0.36149,0.013074,0.027818,-0.26839
15.483,-4.1435,0.36271,0.012357,0.026815,-0.26273
15.546,-4.1616,0.36404,0.012095,0.025988,-0.2576
15.608,-4.1788,0.36543,0.011223,0.025284,-0.25241
15.671,-4.1952,0.36672,0.010954,0.024456,-0.24701
15.735,-4.2112,0.36793,0.0096809,0.023502,-0.24104
15.798,-4.2269,0.36895,0.0087598,0.022474,-0.23506
15.862,-4.242,0.37012,0.0075483,0.021315,-0.22914
15.926,-4.256,0.37152,0.0057096,0.020017,-0.22273
15.99,-4.2697,0.37286,0.0052079,0.018592,-0.21582
16.054,-4.2832,0.37376,0.0044168,0.017372,-0.20901
16.118,-4.2965,0.37433,0.0038478,0.016249,-0.20185
16.183,-4.3096,0.37489,0.0031841,0.014975,-0.19421
16.247,-4.3223,0.37546,0.0027762,0.013636,-0.18647
16.311,-4.3347,0.37578,0.0036255,0.012576,-0.17859
16.375,-4.3465,0.37549,0.0044634,0.011784,-0.17066
16.439,-4.3578,0.37529,0.0042245,0.011232,-0.16281
16.503,-4.3685,0.37492,0.0042159,0.010661,-0.15518
16.568,-4.3788,0.37449,0.0041171,0.010123,-0.14755
16.633,-4.3885,0.37392,0.0045623,0.0096499,-0.13978
16.698,-4.3977,0.37324,0.0046847,0.0092584,-0.1322
16.763,-4.4065,0.37226,0.0047956,0.0088731,-0.12441
16.828,-4.415,0.37122,0.0035426,0.008553,-0.11623
16.893,-4.423,0.36981,0.0029243,0.0081343,-0.10751
16.958,-4.4305,0.36857,0.0022354,0.0078478,-0.098915
17.024,-4.4375,0.36795,0.0019355,0.00768,-0.09077
17.09,-4.4438,0.36757,0.00019031,0.0076504,-0.082634
17.156,-4.45,0.36799,-0.0012824,0.0079065,-0.074476
17.221,-4.4564,0.3687,-0.0019031,0.0081601,-0.066417
17.287,-4.4626,0.36957,-0.0027587,0.0082716,-0.05833
17.353,-4.4686,0.37057,-0.0028007,0.0078074,-0.049866
17.419,-4.4747,0.37165,-0.0023182,0.007297,-0.041434
17.485,-4.4803,0.37264,-0.0015785,0.0065254,-0.03359
17.552,-4.4852,0.37334,-0.00091338,0.0051568,-0.027059
17.62,-4.4895,0.37391,-0.00081101,0.0033905,-0.021856
17.69,-4.4927,0.37495,-0.0013205,0.00085771,-0.017833
17.762,-4.4955,0.37582,-0.00076641,-0.0024609,-0.01488
17.835,-4.498,0.37683,-0.00034023,-0.0060732,-0.013097
17.909,-4.5,0.37805,8.5765e-05,-0.0099434,-0.01237
17.984,-4.5018,0.37937,0.00041493,-0.014059,-0.012211
18.06,-4.5033,0.38098,0.0003071,-0.01803,-0.012739
18.136,-4.5045,0.38198,0.00012411,-0.021652,-0.01355
18.213,-4.5061,0.38287,0.00031568,-0.024874,-0.014159
18.291,-4.507,0.38353,-0.00036374,-0.027785,-0.014475
18.369,-4.5074,0.38452,-0.0014312,-0.030361,-0.014726
18.448,-4.5078,0.38616,-0.0021085,-0.032256,-0.014795
18.528,-4.5085,0.38781,-0.0021668,-0.033816,-0.014877
18.608,-4.5092,0.38951,-0.0025857,-0.034581,-0.014662
18.688,-4.51,0.3912,-0.0026097,-0.034584,-0.014986
18.768,-4.5113,0.39277,-0.0020381,-0.033554,-0.015606
18.849,-4.5133,0.39433,-0.0013873,-0.032047,-0.015904
18.93,-4.515,0.39582,-0.0015153,-0.030027,-0.016273
19.011,-4.5165,0.39729,-0.0018431,-0.027347,-0.016767
19.092,-4.5176,0.39835,-0.0024252,-0.02412,-0.017723
19.173,-4.5189,0.39905,-0.0029774,-0.020403,-0.018769
19.254,-4.5202,0.39933,-0.0038867,-0.016535,-0.019879
19.336,-4.5217,0.39854,-0.0041014,-0.012213,-0.021098
19.418,-4.5233,0.39747,-0.0045319,-0.0082124,-0.02222
19.501,-4.5253,0.39599,-0.0034585,-0.0041536,-0.023832
19.583,-4.5274,0.39401,-0.0032372,8.7561e-06,-0.025565
19.665,-4.5295,0.39195,-0.0033591,0.0040372,-0.026749
19.749,-4.5315,0.3897,-0.0040014,0.0077301,-0.02752
19.832,-4.5336,0.38721,-0.0041308,0.01133,-0.028375
19.915,-4.5353,0.38417,-0.0049984,0.014994,-0.029487
19.998,-4.5372,0.38139,-0.0055076,0.018546,-0.030373
20.081,-4.5393,0.37843,-0.0055203,0.02196,-0.031178
20.165,-4.5418,0.37558,-0.0042415,0.025226,-0.032026
20.248,-4.5444,0.37277,-0.0028758,0.028385,-0.033017
20.331,-4.5475,0.37025,-0.0017822,0.031448,-0.0339
20.413,-4.5508,0.36796,-0.00070006,0.034377,-0.034572
20.495,-4.5538,0.36595,-0.001398,0.037122,-0.035741
20.577,-4.5561,0.36432,-0.0028427,0.039886,-0.037048
20.658,-4.5588,0.36283,-0.0034735,0.042539,-0.038868
20.739,-4.5614,0.36182,-0.0036111,0.045327,-0.04048
20.82,-4.5646,0.36127,-0.0023602,0.047698,-0.041733
20.9,-4.5683,0.3608,-0.00049588,0.050133,-0.043082
20.98,-4.5723,0.36066,0.00069711,0.051986,-0.04443
21.059,-4.5765,0.36073,0.0014997,0.05345,-0.045616
21.138,-4.5804,0.36095,0.00085148,0.05464,-0.047346
21.217,-4.5842,0.36121,0.00092844,0.055531,-0.049149
21.295,-4.588,0.36128,0.0015643,0.056175,-0.050535
21.374,-4.5919,0.36157,0.001369,0.056449,-0.051088
21.453,-4.5958,0.36194,0.0011557,0.056298,-0.05106
21.531,-4.5999,0.36266,0.0021621,0.055776,-0.050598
21.608,-4.6041,0.36348,0.0029575,0.054799,-0.05029
21.686,-4.6083,0.36456,0.003157,0.05322,-0.050174
21.762,-4.6124,0.36562,0.0033415,0.051197,-0.050005
21.839,-4.6164,0.36667,0.003013,0.04886,-0.049954
21.915,-4.6205,0.36711,0.0035763,0.046186,-0.049893
21.991,-4.6247,0.36694,0.0041036,0.043032,-0.04948
22.067,-4.629,0.3669,0.0046158,0.039877,-0.048756
22.142,-4.6334,0.36712,0.0052845,0.036537,-0.048136
22.216,-4.6378,0.36736,0.0057235,0.03324,-0.047631
22.29,-4.642,0.36777,0.0067927,0.029689,-0.046991
22.364,-4.6463,0.3684,0.0077633,0.026109,-0.046424
22.438,-4.6506,0.36889,0.0083623,0.022795,-0.046036
22.512,-4.6542,0.36939,0.007666,0.019609,-0.045698
22.586,-4.6579,0.36978,0.0082845,0.016535,-0.045278
22.66,-4.6615,0.37018,0.0079288,0.013325,-0.044842
22.734,-4.6646,0.37054,0.0077725,0.010225,-0.044389
22.809,-4.6677,0.37114,0.0080303,0.0074107,-0.044237
22.882,-4.6703,0.37202,0.0067448,0.0050941,-0.044663
22.956,-4.6727,0.37259,0.0062862,0.0029518,-0.04506
23.03,-4.6757,0.3731,0.0070335,0.00080012,-0.044733
23.105,-4.6787,0.37335,0.0062606,-0.0012418,-0.044374
23.18,-4.6817,0.37399,0.006097,-0.0031138,-0.043597
23.256,-4.685,0.37461,0.0060664,-0.005052,-0.043056
23.332,-4.688,0.37554,0.0058647,-0.006682,-0.042675
23.407,-4.6913,0.37653,0.0067173,-0.0082221,-0.041985
23.483,-4.6949,0.37745,0.0070204,-0.0093819,-0.041499
23.56,-4.6983,0.37814,0.007409,-0.010102,-0.04161
23.636,-4.702,0.37906,0.0080209,-0.010516,-0.041794
23.713,-4.7054,0.3799,0.008162,-0.010895,-0.042087
23.791,-4.7087,0.38045,0.0083791,-0.011308,-0.042442
23.868,-4.7124,0.38107,0.0091498,-0.011507,-0.042542
23.946,-4.7158,0.38175,0.0081943,-0.011241,-0.04211
24.025,-4.7189,0.38219,0.0075188,-0.010758,-0.041819
24.104,-4.7218,0.38243,0.006809,-0.0099014,-0.041851
24.183,-4.7244,0.38263,0.0064255,-0.0084634,-0.042155
24.262,-4.7272,0.38287,0.0068112,-0.0068989,-0.042344
24.341,-4.73,0.38348,0.0067527,-0.0050411,-0.042455
24.421,-4.7325,0.38428,0.0059176,-0.0031484,-0.042422
24.501,-4.7351,0.38488,0.0052493,-0.0012384,-0.042488
24.582,-4.7376,0.38492,0.0038407,0.00048989,-0.042384
24.663,-4.7402,0.38481,0.0032425,0.0022061,-0.042357
24.745,-4.743,0.38442,0.0032681,0.0038677,-0.042114
24.826,-4.746,0.3837,0.0028758,0.0054435,-0.042005
24.907,-4.7492,0.38275,0.0029098,0.0068445,-0.042186
24.989,-4.7522,0.38208,0.0019471,0.0079993,-0.042435
25.071,-4.7552,0.38131,0.0024136,0.0090298,-0.0425
25.152,-4.7585,0.38007,0.0027581,0.010254,-0.042562
25.234,-4.7615,0.37838,0.0014662,0.011592,-0.042496
25.315,-4.7643,0.37681,0.00091684,0.012818,-0.042367
25.398,-4.7673,0.37535,0.00026505,0.013947,-0.042364
25.48,-4.7703,0.37393,-1.3482e-05,0.014919,-0.04199
25.563,-4.7735,0.37245,-0.00049556,0.015917,-0.041907
25.644,-4.7766,0.37136,-0.0017695,0.017015,-0.042003
25.725,-4.7798,0.37066,-0.0017493,0.017981,-0.042367
25.806,-4.783,0.36998,-0.0013161,0.01899,-0.042612
25.887,-4.7863,0.36944,-0.0015525,0.019871,-0.042562
25.968,-4.7899,0.36905,-0.0012652,0.020672,-0.042001
26.049,-4.7934,0.36906,-0.0013051,0.021406,-0.041684
26.13,-4.7967,0.36908,-0.0016953,0.022097,-0.041526
26.209,-4.8,0.369,-0.0016103,0.022831,-0.041757
26.289,-4.8036,0.36924,-0.0010293,0.023702,-0.04232
26.368,-4.8071,0.36974,-0.00072612,0.024654,-0.042835
26.447,-4.8107,0.37011,-0.000406,0.025462,-0.042755
26.526,-4.8142,0.37031,-0.0010377,0.025954,-0.042341
26.605,-4.8175,0.37039,-0.0012719,0.026273,-0.041698
26.684,-4.8211,0.37029,-0.00068649,0.026585,-0.041536
26.762,-4.8248,0.37037,0.00048738,0.026766,-0.041705
26.84,-4.829,0.37068,0.0016352,0.026711,-0.041468
26.918,-4.833,0.37114,0.0023128,0.026423,-0.040918
26.997,-4.8369,0.37183,0.0027141,0.026076,-0.040214
27.075,-4.8409,0.37246,0.0031723,0.025602,-0.039674
27.153,-4.8444,0.37295,0.0033726,0.025057,-0.039446
27.23,-4.8474,0.37335,0.002013,0.024534,-0.039421
27.307,-4.8501,0.37351,0.0012394,0.024211,-0.03933
27.384,-4.8526,0.37358,0.00049524,0.024056,-0.03879
27.46,-4.8552,0.37389,0.00071375,0.023869,-0.038158
27.537,-4.8581,0.37456,0.0015333,0.023433,-0.037232
27.613,-4.8611,0.37525,0.0020565,0.02276,-0.036277
27.69,-4.8643,0.37575,0.0028426,0.022025,-0.035759
27.765,-4.8677,0.37629,0.0035649,0.021324,-0.035429
27.841,-4.8704,0.37659,0.002328,0.020346,-0.035094
27.917,-4.873,0.37666,0.0014687,0.019145,-0.034232
27.993,-4.8756,0.3763,0.00080749,0.017847,-0.033298
28.07,-4.8781,0.37606,0.00082335,0.016432,-0.032319
28.146,-4.8806,0.37599,0.00051312,0.015077,-0.031652
28.222,-4.883,0.3763,0.00066907,0.013969,-0.030583
28.297,-4.8851,0.37677,-0.00010161,0.012695,-0.029196
28.374,-4.8871,0.37737,-0.00027462,0.011503,-0.027694
28.45,-4.8892,0.37764,4.8312e-06,0.010427,-0.026458
28.527,-4.8914,0.37796,0.0011155,0.0095331,-0.025037
28.603,-4.8935,0.37795,0.0014264,0.0088647,-0.023668
28.68,-4.8955,0.37775,0.001091,0.0083448,-0.02239
28.756,-4.8972,0.3775,0.00056051,0.0080586,-0.021284
28.833,-4.899,0.37742,0.0011045,0.0081837,-0.020231
28.909,-4.9005,0.37783,0.0011391,0.0085058,-0.019458
28.985,-4.9022,0.37852,0.002087,0.0090081,-0.018817
29.062,-4.9041,0.37883,0.0029732,0.0093891,-0.018404
29.139,-4.9063,0.37887,0.0039634,0.0098113,-0.018039
29.216,-4.9082,0.37856,0.0038246,0.010225,-0.017418
29.294,-4.9095,0.37811,0.0026802,0.01043,-0.015929
29.372,-4.9105,0.37741,0.0015759,0.010739,-0.014553
29.449,-4.9113,0.37664,0.0016268,0.011195,-0.013681
29.527,-4.9122,0.37628,0.0016506,0.012088,-0.013402
29.605,-4.9133,0.37599,0.0031798,0.013231,-0.012601
29.683,-4.9145,0.37592,0.0049105,0.014763,-0.011071
29.76,-4.9157,0.37564,0.0049607,0.016623,-0.0095421
29.838,-4.9164,0.37528,0.003603,0.018406,-0.0080602
29.917,-4.9165,0.37492,0.0019891,0.020029,-0.0067252
29.996,-4.9166,0.37471,0.0017593,0.021378,-0.0054689
30.075,-4.9168,0.37428,0.0017448,0.022587,-0.0045487
30.154,-4.9171,0.37372,0.0013566,0.023814,-0.0039483
30.233,-4.9169,0.373,-0.00071702,0.024547,-0.0035094
30.311,-4.9165,0.37219,-0.0014642,0.025241,-0.0026875
30.39,-4.9158,0.37135,-0.0021233,0.025578,-0.0022487
30.469,-4.9156,0.37085,-0.0017377,0.025829,-0.001721
30.548,-4.9157,0.37053,-0.0016892,0.025801,-0.0012506
30.627,-4.9157,0.37019,-0.0016865,0.025597,-0.0010281
30.706,-4.9152,0.3701,-0.0024262,0.025353,-0.0014973
30.785,-4.9149,0.37034,-0.0023017,0.025123,-0.0018797
30.863,-4.9144,0.37065,-0.0029304,0.024858,-0.0016214
30.94,-4.9141,0.37093,-0.003675,0.024632,-0.0012854
31.018,-4.9138,0.37109,-0.0040017,0.024411,-0.0011829
31.096,-4.9139,0.37139,-0.0044889,0.023952,-0.0011816
31.174,-4.9139,0.37165,-0.0050545,0.023327,-0.0011509
31.252,-4.9132,0.37189,-0.0066185,0.022645,-0.0007735
31.329,-4.9126,0.37196,-0.0064773,0.022071,-0.00016236
31.406,-4.9126,0.37211,-0.0050366,0.021238,-0.00022698
31.482,-4.9129,0.37203,-0.0047922,0.020199,-0.00085943
31.559,-4.913,0.3718,-0.0051353,0.019104,-0.0014038
31.636,-4.9129,0.37179,-0.0054566,0.018226,-0.0017725
31.712,-4.9128,0.37199,-0.0052124,0.017415,-0.0019192
31.788,-4.9126,0.37219,-0.0057975,0.016956,-0.0020086
31.864,-4.912,0.37226,-0.0070995,0.016711,-0.0022733
31.94,-4.911,0.37221,-0.0080731,0.016612,-0.002694
32.015,-4.9103,0.37254,-0.0082386,0.016732,-0.0033859
32.091,-4.91,0.37274,-0.0078238,0.016609,-0.0045521
32.167,-4.9101,0.37279,-0.0073078,0.016473,-0.0054116
32.244,-4.9104,0.37243,-0.0067935,0.016223,-0.0062553
32.32,-4.9111,0.37169,-0.0056979,0.015906,-0.0076697
32.396,-4.9125,0.37054,-0.0042975,0.015607,-0.0097421
32.472,-4.9141,0.36947,-0.0033018,0.015566,-0.01186
32.547,-4.9155,0.36835,-0.0030237,0.015396,-0.013654
32.624,-4.9172,0.36733,-0.0023189,0.015334,-0.014905
32.701,-4.9185,0.36607,-0.0022179,0.015269,-0.015978
32.778,-4.9197,0.36503,-0.002308,0.015337,-0.016819
32.854,-4.9212,0.36409,-0.0014967,0.015391,-0.017601
32.931,-4.9232,0.36365,-0.00060026,0.015406,-0.018314
33.008,-4.9254,0.36347,0.00039596,0.015461,-0.018517
33.085,-4.9276,0.36387,0.0016453,0.015582,-0.018847
33.163,-4.9298,0.36448,0.0019369,0.015795,-0.019086
33.241,-4.9315,0.36511,0.0013579,0.016156,-0.019239
33.319,-4.9327,0.36587,0.00075281,0.016337,-0.019456
33.397,-4.9337,0.3669,0.00041376,0.016451,-0.019997
33.475,-4.9352,0.36789,0.001204,0.016601,-0.020713
33.553,-4.9371,0.36906,0.0018264,0.01662,-0.021046
33.632,-4.939,0.37036,0.0017557,0.016413,-0.020807
33.711,-4.9407,0.3717,0.0015745,0.016193,-0.020272
33.789,-4.9422,0.3726,0.00098726,0.016225,-0.01988
33.868,-4.9434,0.37283,-0.00010937,0.016439,-0.020019
33.947,-4.9442,0.3733,-0.0018787,0.016613,-0.020517
34.026,-4.9446,0.37361,-0.0031061,0.01683,-0.021005
34.104,-4.9454,0.37367,-0.0031096,0.017175,-0.021045
34.183,-4.9468,0.37413,-0.0024054,0.017641,-0.020537
34.262,-4.9485,0.37447,-0.0022253,0.017674,-0.01957
34.341,-4.9501,0.37457,-0.0016098,0.017509,-0.018673
34.419,-4.9517,0.37424,-0.0011938,0.017386,-0.018358
34.497,-4.953,0.37324,-0.0019566,0.017433,-0.018679
34.575,-4.954,0.37153,-0.0025674,0.017481,-0.01935
34.653,-4.9551,0.36958,-0.002679,0.017497,-0.019588
34.732,-4.9564,0.36735,-0.0023992,0.017406,-0.019108
34.811,-4.9581,0.36545,-0.0020622,0.017319,-0.018394
34.89,-4.96,0.36394,-0.0013897,0.017023,-0.017337
34.968,-4.9615,0.36281,-0.0020922,0.016619,-0.016811
35.047,-4.9626,0.36168,-0.00213,0.016098,-0.016659
35.125,-4.9637,0.36056,-0.0019434,0.015308,-0.016431
35.203,-4.9648,0.35913,-0.0019313,0.01429,-0.016257
35.282,-4.9659,0.35783,-0.0019984,0.013181,-0.015963
35.362,-4.967,0.35635,-0.0016078,0.012195,-0.015563
35.441,-4.9685,0.35524,-0.00089065,0.011206,-0.015187
35.519,-4.97,0.35497,-0.00033667,0.010506,-0.014645
35.597,-4.9712,0.35523,-0.00050798,0.0101,-0.014326
35.675,-4.9722,0.35607,-0.0010226,0.009902,-0.014237
35.753,-4.9727,0.35712,-0.0020682,0.0098278,-0.014504
35.832,-4.9734,0.35821,-0.0019301,0.0096976,-0.015149
35.911,-4.9739,0.35936,-0.0027296,0.0095714,-0.015667
35.99,-4.9749,0.3607,-0.0032155,0.0092978,-0.015858
36.068,-4.9754,0.36199,-0.0043805,0.0093023,-0.015652
36.146,-4.9756,0.36337,-0.0052419,0.0095944,-0.015261
36.224,-4.9759,0.3652,-0.0060299,0.010035,-0.014833
36.302,-4.9762,0.367,-0.0070475,0.010541,-0.01464
36.381,-4.9765,0.36879,-0.0077545,0.011338,-0.014851
36.459,-4.977,0.37037,-0.0074384,0.012218,-0.015139
36.538,-4.9779,0.37134,-0.0069271,0.012698,-0.01543
