-3.9672,1.08,-0.14114,0,-0.00045779,0,-3.9672,-1.08,-0.14114,0,-0.00045779,0
-3.9687,1.08,-0.14277,0.0001464,3.8866e-05,4.5024e-06,-3.9687,-1.08,-0.14303,0.0001464,3.8866e-05,4.5024e-06
-3.9691,1.0795,-0.14824,-0.00035711,0.00023586,0.00012388,-3.969,-1.0805,-0.14752,-0.00035711,0.00023586,0.00012388
-3.9681,1.0788,-0.15712,-0.00085063,0.00018595,0.00033309,-3.9673,-1.0812,-0.15505,-0.00085063,0.00018595,0.00033309
-3.9667,1.0789,-0.1682,-0.00046904,0.00013714,0.00054388,-3.9655,-1.0811,-0.16713,-0.00046904,0.00013714,0.00054388
-3.9659,1.0787,-0.18087,-0.00010679,0.00029143,0.00073735,-3.9644,-1.0813,-0.18072,-0.00010679,0.00029143,0.00073735
-3.9655,1.0779,-0.19525,-1.9887e-05,0.0005469,0.001011,-3.9633,-1.0821,-0.19523,-1.9887e-05,0.0005469,0.001011
-3.9648,1.0772,-0.20924,0.00022469,0.0010525,0.0012696,-3.9621,-1.0828,-0.20952,0.00022469,0.0010525,0.0012696
-3.9636,1.0766,-0.22301,-0.00017884,0.0017025,0.0013659,-3.9607,-1.0834,-0.22252,-0.00017884,0.0017025,0.0013659
-3.9617,1.0767,-0.23582,-0.00034517,0.0023164,0.001445,-3.9587,-1.0833,-0.23508,-0.00034517,0.0023164,0.001445
-3.9591,1.0766,-0.24772,-0.00022749,0.0028172,0.00158,-3.9556,-1.0834,-0.24729,-0.00022749,0.0028172,0.00158
-3.9556,1.0761,-0.25888,-0.00073484,0.0033165,0.0016418,-3.952,-1.0839,-0.25718,-0.00073484,0.0033165,0.0016418
-3.9516,1.0763,-0.2671,-0.00016904,0.0039684,0.0016783,-3.9478,-1.0837,-0.26667,-0.00016904,0.0039684,0.0016783
-3.9472,1.0759,-0.27397,-0.00016841,0.0048032,0.001724,-3.9435,-1.0841,-0.27368,-0.00016841,0.0048032,0.001724
-3.9428,1.0763,-0.27836,0.00044286,0.0058217,0.0015951,-3.9394,-1.0837,-0.27946,0.00044286,0.0058217,0.0015951
-3.9379,1.0764,-0.28148,0.00067958,0.0069945,0.0014449,-3.9349,-1.0836,-0.28304,0.00067958,0.0069945,0.0014449
-3.9333,1.076,-0.2826,0.00091192,0.0084751,0.0015678,-3.93,-1.084,-0.28483,0.00091192,0.0084751,0.0015678
-3.9284,1.0755,-0.28279,0.00056597,0.010179,0.0017286,-3.9247,-1.0845,-0.28383,0.00056597,0.010179,0.0017286
-3.9234,1.0755,-0.28032,0.00074094,0.012178,0.0019216,-3.9193,-1.0845,-0.28203,0.00074094,0.012178,0.0019216
-3.9187,1.0751,-0.27646,0.00068124,0.014509,0.0020973,-3.9142,-1.0849,-0.27793,0.00068124,0.014509,0.0020973
-3.9147,1.0744,-0.27059,0.00082316,0.017173,0.0025088,-3.9092,-1.0856,-0.27242,0.00082316,0.017173,0.0025088
-3.9109,1.0739,-0.26304,0.0012112,0.020127,0.0027995,-3.9049,-1.0861,-0.26561,0.0012112,0.020127,0.0027995
-3.9078,1.0732,-0.25404,0.0014813,0.02342,0.0029538,-3.9015,-1.0868,-0.25719,0.0014813,0.02342,0.0029538
-3.9049,1.0735,-0.24395,0.0019131,0.026892,0.0028877,-3.8988,-1.0865,-0.24814,0.0019131,0.026892,0.0028877
-3.9026,1.073,-0.2335,0.0021106,0.030487,0.003013,-3.8963,-1.087,-0.23802,0.0021106,0.030487,0.003013
-3.9005,1.0728,-0.22265,0.0024228,0.034068,0.0031178,-3.894,-1.0871,-0.2279,0.0024228,0.034068,0.0031178
-3.8986,1.0724,-0.21199,0.0024489,0.037626,0.0032042,-3.892,-1.0875,-0.21722,0.0024489,0.037626,0.0032042
-3.8969,1.0727,-0.20128,0.0025904,0.041123,0.0031851,-3.8903,-1.0873,-0.20684,0.0025904,0.041123,0.0031851
-3.8958,1.072,-0.19079,0.0026443,0.044545,0.0033922,-3.8886,-1.0879,-0.19656,0.0026443,0.044545,0.0033922
-3.8949,1.0719,-0.18071,0.0029547,0.047792,0.0035607,-3.8875,-1.0881,-0.18707,0.0029547,0.047792,0.0035607
-3.8945,1.0713,-0.17137,0.0030589,0.050875,0.0036928,-3.8867,-1.0887,-0.17789,0.0030589,0.050875,0.0036928
-3.894,1.0714,-0.16227,0.0035598,0.053736,0.0036987,-3.8865,-1.0885,-0.17001,0.0035598,0.053736,0.0036987
-3.8939,1.0711,-0.15475,0.0036681,0.056265,0.0037046,-3.8864,-1.0889,-0.16255,0.0036681,0.056265,0.0037046
-3.894,1.071,-0.14792,0.0041178,0.058393,0.0038044,-3.8864,-1.089,-0.15685,0.0041178,0.058393,0.0038044
-3.894,1.0706,-0.14301,0.0042073,0.060082,0.0038557,-3.8862,-1.0894,-0.15202,0.0042073,0.060082,0.0038557
-3.8938,1.0706,-0.13909,0.0044427,0.061361,0.0039027,-3.886,-1.0894,-0.14874,0.0044427,0.061361,0.0039027
-3.8937,1.0703,-0.13683,0.0044213,0.062217,0.0039866,-3.8857,-1.0897,-0.14634,0.0044213,0.062217,0.0039866
-3.8938,1.0701,-0.13546,0.0045086,0.062714,0.0041197,-3.8854,-1.0899,-0.14522,0.0045086,0.062714,0.0041197
-3.8939,1.0698,-0.13556,0.0043627,0.062825,0.0042148,-3.8853,-1.0901,-0.14493,0.0043627,0.062825,0.0042148
-3.8941,1.0698,-0.13643,0.0043719,0.062586,0.0043219,-3.8854,-1.0902,-0.14589,0.0043719,0.062586,0.0043219
-3.8944,1.0696,-0.13865,0.0041697,0.061989,0.0043572,-3.8855,-1.0903,-0.14757,0.0041697,0.061989,0.0043572
-3.8946,1.0697,-0.14141,0.0041017,0.061085,0.0044233,-3.8857,-1.0903,-0.15028,0.0041017,0.061085,0.0044233
-3.8949,1.0696,-0.14534,0.0038119,0.059855,0.0044247,-3.8858,-1.0903,-0.15351,0.0038119,0.059855,0.0044247
-3.8951,1.0698,-0.14964,0.0036549,0.058365,0.0044331,-3.886,-1.0901,-0.15758,0.0036549,0.058365,0.0044331
-3.8953,1.0699,-0.15476,0.0033753,0.05664,0.0044076,-3.8862,-1.09,-0.16196,0.0033753,0.05664,0.0044076
-3.8957,1.0699,-0.15995,0.0031719,0.054759,0.004476,-3.8864,-1.09,-0.16683,0.0031719,0.054759,0.004476
-3.8961,1.0701,-0.16546,0.0029802,0.052749,0.0044445,-3.8868,-1.0899,-0.17185,0.0029802,0.052749,0.0044445
-3.8967,1.0702,-0.17093,0.0027198,0.050673,0.0044357,-3.8874,-1.0898,-0.17684,0.0027198,0.050673,0.0044357
-3.8974,1.0704,-0.17633,0.0026128,0.048544,0.0044051,-3.8881,-1.0896,-0.18194,0.0026128,0.048544,0.0044051
-3.8984,1.0703,-0.18155,0.0024284,0.046423,0.0044668,-3.8889,-1.0897,-0.1868,0.0024284,0.046423,0.0044668
-3.8995,1.0702,-0.18613,0.0026055,0.044343,0.0045681,-3.8898,-1.0898,-0.19179,0.0026055,0.044343,0.0045681
-3.9007,1.0699,-0.19038,0.002736,0.042355,0.0046463,-3.8909,-1.0901,-0.19621,0.002736,0.042355,0.0046463
-3.902,1.0698,-0.19433,0.0028221,0.040442,0.0046611,-3.8922,-1.0902,-0.20039,0.0028221,0.040442,0.0046611
-3.9032,1.07,-0.19774,0.0030946,0.03862,0.0045901,-3.8936,-1.0899,-0.20441,0.0030946,0.03862,0.0045901
-3.9047,1.0699,-0.2011,0.0031316,0.03689,0.0045694,-3.895,-1.0901,-0.20775,0.0031316,0.03689,0.0045694
-3.9061,1.0701,-0.20338,0.0035774,0.035309,0.0045459,-3.8966,-1.0899,-0.21122,0.0035774,0.035309,0.0045459
-3.9079,1.0695,-0.20589,0.0036575,0.033868,0.0046463,-3.8981,-1.0904,-0.21367,0.0036575,0.033868,0.0046463
-3.9098,1.0695,-0.20753,0.0039365,0.032587,0.0047392,-3.8998,-1.0905,-0.21611,0.0039365,0.032587,0.0047392
-3.9119,1.0693,-0.2091,0.0039785,0.031475,0.0047869,-3.9018,-1.0907,-0.21767,0.0039785,0.031475,0.0047869
-3.9141,1.0692,-0.21039,0.0037781,0.030518,0.0048471,-3.9038,-1.0908,-0.21861,0.0037781,0.030518,0.0048471
-3.9161,1.0693,-0.21121,0.0038093,0.02969,0.004871,-3.9059,-1.0906,-0.21945,0.0038093,0.02969,0.004871
-3.9181,1.0692,-0.21206,0.0035575,0.028959,0.0048934,-3.9078,-1.0908,-0.21973,0.0035575,0.028959,0.0048934
-3.9199,1.0694,-0.21244,0.003573,0.028286,0.0048491,-3.9096,-1.0905,-0.22022,0.003573,0.028286,0.0048491
-3.9214,1.0695,-0.21308,0.0032179,0.027699,0.0047932,-3.9113,-1.0904,-0.22005,0.0032179,0.027699,0.0047932
-3.9229,1.0698,-0.21295,0.0033809,0.027206,0.0047763,-3.9128,-1.0901,-0.2204,0.0033809,0.027206,0.0047763
-3.9247,1.0692,-0.21312,0.0032533,0.026815,0.0049675,-3.9141,-1.0908,-0.22009,0.0032533,0.026815,0.0049675
-3.9263,1.0691,-0.21277,0.0033599,0.026506,0.0050929,-3.9155,-1.0909,-0.22011,0.0033599,0.026506,0.0050929
-3.9278,1.0687,-0.21258,0.0035059,0.026213,0.0052006,-3.9166,-1.0912,-0.22004,0.0035059,0.026213,0.0052006
-3.9288,1.0686,-0.21214,0.003726,0.025927,0.0052561,-3.9176,-1.0914,-0.22025,0.003726,0.025927,0.0052561
-3.9295,1.0685,-0.21217,0.0037496,0.02566,0.0052579,-3.9184,-1.0914,-0.22016,0.0037496,0.02566,0.0052579
-3.9301,1.0686,-0.21208,0.0037399,0.025422,0.0052597,-3.9189,-1.0914,-0.22024,0.0037399,0.025422,0.0052597
-3.9304,1.0688,-0.2121,0.0038612,0.025222,0.0052354,-3.9193,-1.0912,-0.22026,0.0038612,0.025222,0.0052354
-3.9306,1.0685,-0.21179,0.0039953,0.02507,0.0052677,-3.9195,-1.0914,-0.22043,0.0039953,0.02507,0.0052677
-3.9306,1.0685,-0.21165,0.004166,0.024908,0.0052854,-3.9193,-1.0915,-0.22064,0.004166,0.024908,0.0052854
-3.9303,1.0685,-0.21167,0.0042378,0.024774,0.0052832,-3.9191,-1.0915,-0.2209,0.0042378,0.024774,0.0052832
-3.9302,1.0682,-0.21181,0.0042687,0.024717,0.0054047,-3.9187,-1.0917,-0.22093,0.0042687,0.024717,0.0054047
-3.93,1.0679,-0.21169,0.0043313,0.024749,0.0055216,-3.9182,-1.092,-0.22103,0.0043313,0.024749,0.0055216
-3.9295,1.0679,-0.21162,0.0042678,0.024839,0.0055205,-3.9178,-1.0921,-0.22084,0.0042678,0.024839,0.0055205
-3.9288,1.0679,-0.21144,0.0042742,0.024974,0.0055302,-3.917,-1.0921,-0.22069,0.0042742,0.024974,0.0055302
-3.9277,1.0681,-0.2112,0.0043702,0.025124,0.0054998,-3.9161,-1.0918,-0.22069,0.0043702,0.025124,0.0054998
-3.9265,1.0682,-0.21093,0.0045672,0.025303,0.0054643,-3.915,-1.0918,-0.22081,0.0045672,0.025303,0.0054643
-3.9253,1.0681,-0.21055,0.0048492,0.025531,0.0054715,-3.9137,-1.0919,-0.221,0.0048492,0.025531,0.0054715
-3.9242,1.0678,-0.21024,0.0049342,0.025848,0.0055213,-3.9125,-1.0921,-0.22088,0.0049342,0.025848,0.0055213
-3.9232,1.0678,-0.20958,0.0052187,0.026264,0.0056073,-3.9113,-1.0921,-0.22092,0.0052187,0.026264,0.0056073
-3.9223,1.0676,-0.20894,0.0054385,0.026757,0.0056768,-3.9103,-1.0923,-0.22065,0.0054385,0.026757,0.0056768
-3.9216,1.0672,-0.20838,0.0054225,0.027329,0.0057684,-3.9093,-1.0927,-0.22008,0.0054225,0.027329,0.0057684
-3.9208,1.0673,-0.20753,0.0055524,0.027964,0.0058239,-3.9085,-1.0926,-0.21959,0.0055524,0.027964,0.0058239
-3.9199,1.0673,-0.2068,0.0055853,0.028636,0.0058107,-3.9077,-1.0926,-0.2188,0.0055853,0.028636,0.0058107
-3.919,1.0672,-0.206,0.0055427,0.029323,0.0058161,-3.9068,-1.0927,-0.21796,0.0055427,0.029323,0.0058161
-3.918,1.0673,-0.2052,0.0054393,0.030029,0.0057484,-3.9059,-1.0927,-0.21695,0.0054393,0.030029,0.0057484
-3.9172,1.0673,-0.20421,0.0053846,0.030783,0.0057937,-3.905,-1.0926,-0.21591,0.0053846,0.030783,0.0057937
-3.9166,1.0672,-0.20341,0.0050946,0.031587,0.0058373,-3.9043,-1.0927,-0.21444,0.0050946,0.031587,0.0058373
-3.9162,1.0672,-0.20237,0.0049986,0.032422,0.0059582,-3.9036,-1.0927,-0.21307,0.0049986,0.032422,0.0059582
-3.9158,1.067,-0.20143,0.0046459,0.033246,0.0060569,-3.9029,-1.0929,-0.21143,0.0046459,0.033246,0.0060569
-3.9154,1.067,-0.2003,0.0044538,0.034071,0.0061352,-3.9024,-1.093,-0.20997,0.0044538,0.034071,0.0061352
-3.9151,1.067,-0.19948,0.0040911,0.034868,0.0061973,-3.9019,-1.0929,-0.20825,0.0040911,0.034868,0.0061973
-3.9142,1.0669,-0.19827,0.0041182,0.035623,0.0064245,-3.9002,-1.093,-0.20731,0.0041182,0.035623,0.0064245
-3.9143,1.0667,-0.19742,0.0040598,0.036339,0.0066179,-3.9003,-1.0933,-0.20614,0.0040598,0.036339,0.0066179
-3.9143,1.0664,-0.19682,0.003842,0.037075,0.0066759,-3.9,-1.0935,-0.20512,0.003842,0.037075,0.0066759
-3.9141,1.0667,-0.19597,0.0039896,0.037796,0.0066371,-3.9002,-1.0933,-0.20465,0.0039896,0.037796,0.0066371
-3.9146,1.0664,-0.19556,0.0041825,0.038412,0.006774,-3.9002,-1.0935,-0.20435,0.0041825,0.038412,0.006774
-3.9149,1.0659,-0.19536,0.004263,0.038827,0.0069608,-3.9,-1.094,-0.2046,0.004263,0.038827,0.0069608
-3.9147,1.0658,-0.1955,0.0044762,0.039046,0.0070109,-3.8997,-1.0941,-0.20523,0.0044762,0.039046,0.0070109
-3.9144,1.0658,-0.19582,0.0047931,0.03911,0.0069742,-3.8994,-1.0942,-0.20624,0.0047931,0.03911,0.0069742
-3.9136,1.0655,-0.19642,0.0051266,0.039027,0.0070523,-3.8987,-1.0944,-0.20751,0.0051266,0.039027,0.0070523
-3.913,1.0652,-0.19732,0.0053918,0.038776,0.0071165,-3.898,-1.0947,-0.20899,0.0053918,0.038776,0.0071165
-3.912,1.0651,-0.19859,0.0055683,0.038314,0.0071275,-3.8969,-1.0948,-0.21064,0.0055683,0.038314,0.0071275
-3.9106,1.0649,-0.20034,0.0056804,0.037617,0.007216,-3.8954,-1.095,-0.2126,0.0056804,0.037617,0.007216
-3.9091,1.0648,-0.20255,0.0056276,0.036688,0.0072972,-3.8934,-1.0951,-0.2147,0.0056276,0.036688,0.0072972
-3.9068,1.0649,-0.20544,0.0053322,0.035542,0.0072933,-3.8912,-1.0951,-0.21693,0.0053322,0.035542,0.0072933
-3.9043,1.065,-0.20855,0.0050449,0.034236,0.0073238,-3.8886,-1.0949,-0.21949,0.0050449,0.034236,0.0073238
-3.9017,1.0649,-0.21194,0.0047086,0.032804,0.0073921,-3.8857,-1.095,-0.22212,0.0047086,0.032804,0.0073921
-3.8988,1.065,-0.2154,0.0044365,0.031233,0.0074742,-3.8825,-1.095,-0.22501,0.0044365,0.031233,0.0074742
-3.8952,1.0647,-0.21925,0.004013,0.0295,0.0075952,-3.8783,-1.0952,-0.22792,0.004013,0.0295,0.0075952
-3.8913,1.0646,-0.22334,0.0034494,0.027619,0.007774,-3.8744,-1.0953,-0.23082,0.0034494,0.027619,0.007774
-3.887,1.0648,-0.22746,0.0029763,0.025648,0.0077995,-3.8698,-1.0952,-0.23388,0.0029763,0.025648,0.0077995
-3.8824,1.065,-0.23129,0.0026835,0.02368,0.0078021,-3.8654,-1.095,-0.23708,0.0026835,0.02368,0.0078021
-3.8778,1.0651,-0.23491,0.0024908,0.021726,0.0078292,-3.8605,-1.0949,-0.24029,0.0024908,0.021726,0.0078292
-3.873,1.065,-0.23832,0.0024412,0.019791,0.0079166,-3.8555,-1.0949,-0.24363,0.0024412,0.019791,0.0079166
-3.8676,1.0651,-0.2417,0.0024543,0.017834,0.007925,-3.8501,-1.0948,-0.24697,0.0024543,0.017834,0.007925
-3.8621,1.065,-0.24472,0.0026057,0.015941,0.0079548,-3.8445,-1.0949,-0.25045,0.0026057,0.015941,0.0079548
-3.856,1.0651,-0.24773,0.0027862,0.014107,0.0079844,-3.8387,-1.0948,-0.25361,0.0027862,0.014107,0.0079844
-3.8501,1.0651,-0.25006,0.0030638,0.012385,0.0079504,-3.8325,-1.0948,-0.25658,0.0030638,0.012385,0.0079504
-3.8436,1.0653,-0.2523,0.0031223,0.010787,0.0078323,-3.8265,-1.0947,-0.25913,0.0031223,0.010787,0.0078323
-3.8371,1.0657,-0.25421,0.0033768,0.0092776,0.0077574,-3.82,-1.0942,-0.26154,0.0033768,0.0092776,0.0077574
-3.8305,1.0654,-0.25646,0.0035214,0.0077661,0.0078426,-3.8132,-1.0945,-0.264,0.0035214,0.0077661,0.0078426
-3.8236,1.0654,-0.25841,0.0035728,0.0064027,0.0078926,-3.8061,-1.0945,-0.26607,0.0035728,0.0064027,0.0078926
-3.8162,1.0653,-0.26059,0.003259,0.0051592,0.0078962,-3.7987,-1.0946,-0.26793,0.003259,0.0051592,0.0078962
-3.8082,1.0658,-0.26305,0.0030511,0.0039267,0.0078181,-3.7909,-1.0941,-0.26958,0.0030511,0.0039267,0.0078181
-3.7995,1.0661,-0.26534,0.0027642,0.0026638,0.0077673,-3.7825,-1.0938,-0.27136,0.0027642,0.0026638,0.0077673
-3.7906,1.0661,-0.2675,0.0023402,0.0015037,0.0077597,-3.7737,-1.0938,-0.27261,0.0023402,0.0015037,0.0077597
-3.7813,1.0667,-0.26938,0.0020911,0.00039961,0.0076635,-3.7643,-1.0932,-0.27392,0.0020911,0.00039961,0.0076635
-3.7715,1.0667,-0.27114,0.0017481,-0.00061298,0.0077169,-3.7543,-1.0933,-0.27496,0.0017481,-0.00061298,0.0077169
-3.7611,1.0667,-0.27261,0.0015656,-0.0016107,0.0078316,-3.7437,-1.0933,-0.27589,0.0015656,-0.0016107,0.0078316
-3.7502,1.0665,-0.27378,0.0012652,-0.0024147,0.0079964,-3.7323,-1.0935,-0.2765,0.0012652,-0.0024147,0.0079964
-3.7389,1.0665,-0.27485,0.0010531,-0.0031527,0.0080041,-3.7211,-1.0934,-0.27687,0.0010531,-0.0031527,0.0080041
-3.7267,1.0671,-0.2748,0.0008843,-0.0035925,0.0078414,-3.7096,-1.0929,-0.27667,0.0008843,-0.0035925,0.0078414
-3.7149,1.067,-0.2751,0.00021461,-0.0038665,0.007904,-3.6974,-1.0929,-0.27529,0.00021461,-0.0038665,0.007904
-3.7024,1.0672,-0.27477,-0.0006371,-0.0039118,0.0079081,-3.6847,-1.0927,-0.2739,-0.0006371,-0.0039118,0.0079081
-3.6882,1.0676,-0.27553,-0.0019675,-0.0040202,0.0078029,-3.6713,-1.0923,-0.27137,-0.0019675,-0.0040202,0.0078029
-3.6738,1.0688,-0.27559,-0.002477,-0.0041775,0.0077005,-3.657,-1.0912,-0.27028,-0.002477,-0.0041775,0.0077005
-3.6595,1.0688,-0.27522,-0.0032635,-0.0040958,0.0078613,-3.6423,-1.0911,-0.26826,-0.0032635,-0.0040958,0.0078613
-3.6449,1.0687,-0.27448,-0.003873,-0.003832,0.0081711,-3.6268,-1.0912,-0.26612,-0.003873,-0.003832,0.0081711
-3.6295,1.0679,-0.27306,-0.0038918,-0.0035899,0.0087434,-3.6102,-1.092,-0.26469,-0.0038918,-0.0035899,0.0087434
-3.6131,1.0678,-0.27101,-0.0035349,-0.003227,0.0089201,-3.5936,-1.0921,-0.26334,-0.0035349,-0.003227,0.0089201
-3.5962,1.0676,-0.26875,-0.0031735,-0.0027213,0.0089953,-3.5767,-1.0923,-0.26197,-0.0031735,-0.0027213,0.0089953
-3.5788,1.0676,-0.26637,-0.00264,-0.0021648,0.0090224,-3.5592,-1.0923,-0.26089,-0.00264,-0.0021648,0.0090224
-3.5608,1.068,-0.2649,-0.0026214,-0.0015988,0.0087528,-3.5416,-1.0919,-0.25908,-0.0026214,-0.0015988,0.0087528
-3.5418,1.0686,-0.26281,-0.0020052,-0.0010915,0.0086119,-3.5232,-1.0914,-0.25865,-0.0020052,-0.0010915,0.0086119
-3.5232,1.0679,-0.26195,-0.0020385,-0.00061942,0.0088123,-3.5039,-1.092,-0.25749,-0.0020385,-0.00061942,0.0088123
-3.5041,1.0675,-0.26064,-0.0016293,-0.00010862,0.0091137,-3.4841,-1.0924,-0.2571,-0.0016293,-0.00010862,0.0091137
-3.4845,1.0673,-0.25968,-0.0012815,0.00048552,0.0093305,-3.4644,-1.0926,-0.25655,-0.0012815,0.00048552,0.0093305
-3.4646,1.0668,-0.25765,-0.00045435,0.0011147,0.0095192,-3.4437,-1.0931,-0.25667,-0.00045435,0.0011147,0.0095192
-3.4441,1.0661,-0.2561,0.00036206,0.0016231,0.0097507,-3.423,-1.0938,-0.25681,0.00036206,0.0016231,0.0097507
-3.4232,1.0656,-0.25481,0.0010375,0.0020039,0.0098548,-3.4021,-1.0943,-0.25697,0.0010375,0.0020039,0.0098548
-3.4018,1.0662,-0.25402,0.0012033,0.0023015,0.0094949,-3.3811,-1.0937,-0.25651,0.0012033,0.0023015,0.0094949
-3.38,1.0668,-0.25302,0.0010737,0.0027431,0.0091101,-3.3604,-1.0931,-0.25547,0.0010737,0.0027431,0.0091101
-3.3585,1.0672,-0.25255,0.00045621,0.0032037,0.0087583,-3.3395,-1.0928,-0.25385,0.00045621,0.0032037,0.0087583
-3.3362,1.0684,-0.25217,-0.00051193,0.0036906,0.0080254,-3.3189,-1.0915,-0.25103,-0.00051193,0.0036906,0.0080254
-3.3137,1.0694,-0.25114,-0.00087746,0.0041878,0.0076349,-3.2973,-1.0905,-0.24919,-0.00087746,0.0041878,0.0076349
-3.2915,1.0696,-0.24972,-0.00069132,0.0047094,0.0076735,-3.2751,-1.0903,-0.24806,-0.00069132,0.0047094,0.0076735
-3.2692,1.0695,-0.24817,-0.00022636,0.005213,0.0078506,-3.2524,-1.0905,-0.24775,-0.00022636,0.005213,0.0078506
-3.2472,1.0691,-0.24753,0.0002302,0.0056563,0.0081019,-3.2297,-1.0909,-0.24795,0.0002302,0.0056563,0.0081019
-3.2258,1.0682,-0.24714,0.0008138,0.0060864,0.0085415,-3.207,-1.0917,-0.249,0.0008138,0.0060864,0.0085415
-3.2036,1.0678,-0.24704,0.0013566,0.0066599,0.008748,-3.1846,-1.0921,-0.24994,0.0013566,0.0066599,0.008748
-3.1822,1.0669,-0.24654,0.002006,0.0072216,0.0091434,-3.1621,-1.093,-0.25123,0.002006,0.0072216,0.0091434
-3.1594,1.066,-0.2468,0.0019116,0.007874,0.0094069,-3.1395,-1.0939,-0.25091,0.0019116,0.007874,0.0094069
-3.1373,1.0657,-0.24646,0.0020035,0.0085848,0.0096074,-3.1165,-1.0942,-0.25066,0.0020035,0.0085848,0.0096074
-3.1161,1.0651,-0.24569,0.0021688,0.0094122,0.010058,-3.0939,-1.0948,-0.25037,0.0021688,0.0094122,0.010058
-3.0945,1.0643,-0.24438,0.0024796,0.010381,0.01054,-3.0718,-1.0956,-0.24978,0.0024796,0.010381,0.01054
-3.0731,1.0634,-0.24351,0.0022696,0.011458,0.010936,-3.0494,-1.0965,-0.24832,0.0022696,0.011458,0.010936
-3.0516,1.0629,-0.24192,0.0023494,0.012567,0.011318,-3.0269,-1.097,-0.24702,0.0023494,0.012567,0.011318
-3.0296,1.0625,-0.24027,0.0025307,0.013671,0.011559,-3.0045,-1.0974,-0.24568,0.0025307,0.013671,0.011559
-3.0071,1.0633,-0.23707,0.0037443,0.01466,0.011433,-2.9824,-1.0965,-0.24563,0.0037443,0.01466,0.011433
-2.9842,1.0629,-0.2355,0.0040171,0.015442,0.011413,-2.9594,-1.097,-0.24421,0.0040171,0.015442,0.011413
-2.9607,1.0631,-0.23421,0.0044689,0.015833,0.011382,-2.9363,-1.0967,-0.24391,0.0044689,0.015833,0.011382
-2.9365,1.0637,-0.23321,0.0047451,0.01611,0.011215,-2.9118,-1.0961,-0.24351,0.0047451,0.01611,0.011215
-2.9112,1.0642,-0.2328,0.0051647,0.016093,0.011101,-2.8873,-1.0957,-0.24403,0.0051647,0.016093,0.011101
-2.8852,1.0641,-0.23339,0.0053583,0.015779,0.011039,-2.8616,-1.0958,-0.24479,0.0053583,0.015779,0.011039
-2.8579,1.065,-0.23317,0.0066002,0.014988,0.010752,-2.8351,-1.0949,-0.2475,0.0066002,0.014988,0.010752
-2.8302,1.0655,-0.23449,0.0070084,0.013772,0.01028,-2.8077,-1.0944,-0.24968,0.0070084,0.013772,0.01028
-2.8012,1.0665,-0.23606,0.0074859,0.012378,0.009875,-2.7798,-1.0934,-0.25231,0.0074859,0.012378,0.009875
-2.772,1.0675,-0.23664,0.009026,0.010958,0.0096727,-2.7505,-1.0923,-0.25605,0.009026,0.010958,0.0096727
-2.7419,1.0682,-0.23639,0.010935,0.0095295,0.0094979,-2.7213,-1.0916,-0.26023,0.010935,0.0095295,0.0094979
-2.7115,1.0682,-0.23757,0.011681,0.008112,0.00927,-2.6916,-1.0915,-0.26283,0.011681,0.008112,0.00927
-2.6815,1.0677,-0.23938,0.01186,0.0068072,0.0094259,-2.6602,-1.092,-0.26508,0.01186,0.0068072,0.0094259
-2.6501,1.0672,-0.24166,0.011856,0.0054919,0.0097455,-2.6291,-1.0925,-0.26719,0.011856,0.0054919,0.0097455
-2.6191,1.0676,-0.24373,0.011929,0.0042948,0.0097573,-2.598,-1.0921,-0.26951,0.011929,0.0042948,0.0097573
-2.5876,1.0678,-0.24623,0.011098,0.0034058,0.0095885,-2.5667,-1.0919,-0.27071,0.011098,0.0034058,0.0095885
-2.5557,1.0692,-0.24948,0.0096847,0.0027368,0.0090673,-2.536,-1.0906,-0.27035,0.0096847,0.0027368,0.0090673
-2.5242,1.0706,-0.25184,0.0087653,0.0022127,0.0088196,-2.5052,-1.0892,-0.27099,0.0087653,0.0022127,0.0088196
-2.4929,1.0709,-0.25437,0.0075064,0.0019655,0.008913,-2.474,-1.0889,-0.27051,0.0075064,0.0019655,0.008913
-2.4621,1.072,-0.25497,0.0068926,0.0021807,0.0090178,-2.4427,-1.0879,-0.27,0.0068926,0.0021807,0.0090178
-2.4313,1.072,-0.25594,0.0055684,0.0027352,0.0092661,-2.4113,-1.0879,-0.26793,0.0055684,0.0027352,0.0092661
-2.4006,1.0725,-0.25636,0.0042056,0.0035348,0.0094617,-2.3802,-1.0874,-0.26557,0.0042056,0.0035348,0.0094617
-2.3696,1.073,-0.25707,0.0026533,0.0042486,0.0095725,-2.3492,-1.0869,-0.26286,0.0026533,0.0042486,0.0095725
-2.3386,1.0739,-0.25788,0.00077451,0.0051541,0.0095305,-2.3181,-1.086,-0.25937,0.00077451,0.0051541,0.0095305
-2.3073,1.0754,-0.25688,-0.00059211,0.0064474,0.009358,-2.2867,-1.0845,-0.25561,-0.00059211,0.0064474,0.009358
-2.2763,1.0767,-0.25451,-0.0010378,0.0078047,0.0093938,-2.2562,-1.0832,-0.25233,-0.0010378,0.0078047,0.0093938
-2.2449,1.0769,-0.25312,-0.002151,0.0089608,0.0095657,-2.2247,-1.083,-0.24859,-0.002151,0.0089608,0.0095657
-2.2127,1.0769,-0.25278,-0.0036128,0.0097951,0.0097645,-2.1918,-1.083,-0.24521,-0.0036128,0.0097951,0.0097645
-2.1792,1.0779,-0.25122,-0.0038461,0.010554,0.0099495,-2.158,-1.082,-0.24287,-0.0038461,0.010554,0.0099495
-2.1453,1.0785,-0.24935,-0.0042674,0.011408,0.0098005,-2.1242,-1.0813,-0.24011,-0.0042674,0.011408,0.0098005
-2.111,1.0798,-0.2476,-0.0046086,0.012209,0.009393,-2.0904,-1.08,-0.23777,-0.0046086,0.012209,0.009393
-2.0756,1.0809,-0.24676,-0.0047183,0.012648,0.0091268,-2.056,-1.079,-0.23664,-0.0047183,0.012648,0.0091268
-2.0404,1.0807,-0.2473,-0.0057178,0.012769,0.009261,-2.0185,-1.0791,-0.23496,-0.0057178,0.012769,0.009261
-2.004,1.0791,-0.24844,-0.0078188,0.013005,0.0099451,-1.9821,-1.0807,-0.2316,-0.0078188,0.013005,0.0099451
-1.9672,1.0799,-0.24831,-0.0090664,0.01318,0.0098931,-1.9449,-1.0799,-0.22879,-0.0090664,0.01318,0.0098931
-1.9297,1.0816,-0.24823,-0.0093437,0.012984,0.0096337,-1.9092,-1.0782,-0.22815,-0.0093437,0.012984,0.0096337
-1.8923,1.0821,-0.24878,-0.0091813,0.012496,0.0097879,-1.8701,-1.0777,-0.22894,-0.0091813,0.012496,0.0097879
-1.8547,1.0816,-0.24851,-0.008432,0.012174,0.010287,-1.8322,-1.0782,-0.23051,-0.008432,0.012174,0.010287
-1.8165,1.0805,-0.24827,-0.0077819,0.011819,0.010941,-1.7929,-1.0793,-0.23148,-0.0077819,0.011819,0.010941
-1.7783,1.0805,-0.24763,-0.0064875,0.011217,0.011236,-1.7547,-1.0793,-0.23357,-0.0064875,0.011217,0.011236
-1.7403,1.081,-0.24696,-0.0050374,0.010643,0.011188,-1.7158,-1.0788,-0.23621,-0.0050374,0.010643,0.011188
-1.7016,1.082,-0.24643,-0.003775,0.01029,0.010778,-1.6783,-1.0779,-0.23829,-0.003775,0.01029,0.010778
-1.6635,1.0823,-0.24668,-0.003657,0.010058,0.010493,-1.6404,-1.0775,-0.23892,-0.003657,0.010058,0.010493
-1.6252,1.0824,-0.24697,-0.0031159,0.0097499,0.010567,-1.602,-1.0775,-0.23988,-0.0031159,0.0097499,0.010567
-1.5857,1.0827,-0.2462,-0.0021498,0.0095523,0.010682,-1.5633,-1.0771,-0.24179,-0.0021498,0.0095523,0.010682
-1.5474,1.0824,-0.24578,-0.0015265,0.0095781,0.010806,-1.5239,-1.0774,-0.24258,-0.0015265,0.0095781,0.010806
-1.5087,1.0828,-0.24526,-0.0010856,0.0097593,0.01058,-1.4863,-1.0771,-0.24292,-0.0010856,0.0097593,0.01058
-1.4697,1.0834,-0.24611,-0.001087,0.0097517,0.010314,-1.4477,-1.0764,-0.24369,-0.001087,0.0097517,0.010314
-1.4308,1.0839,-0.24677,-0.00063066,0.0096176,0.010121,-1.409,-1.076,-0.24552,-0.00063066,0.0096176,0.010121
-1.3913,1.084,-0.24793,-0.00083175,0.009514,0.010043,-1.3697,-1.0759,-0.24611,-0.00083175,0.009514,0.010043
-1.3518,1.0845,-0.24838,-0.0010712,0.0093863,0.0099473,-1.33,-1.0754,-0.24655,-0.0010712,0.0093863,0.0099473
-1.3118,1.085,-0.24962,-0.001169,0.008912,0.0098007,-1.2906,-1.0749,-0.24718,-0.001169,0.008912,0.0098007
-1.2709,1.0858,-0.25091,-0.0015071,0.0083363,0.009604,-1.2502,-1.0741,-0.24779,-0.0015071,0.0083363,0.009604
-1.23,1.087,-0.25198,-0.0015325,0.0077642,0.0092862,-1.2099,-1.0729,-0.24884,-0.0015325,0.0077642,0.0092862
-1.1885,1.0881,-0.25332,-0.0013704,0.0068135,0.0087961,-1.1696,-1.0719,-0.25052,-0.0013704,0.0068135,0.0087961
-1.1458,1.0898,-0.25486,-0.0013765,0.0058257,0.0082806,-1.1288,-1.0701,-0.25177,-0.0013765,0.0058257,0.0082806
-1.1037,1.0911,-0.25554,-0.00074377,0.0048773,0.0080786,-1.0864,-1.0688,-0.2537,-0.00074377,0.0048773,0.0080786
-1.0618,1.0912,-0.25582,0.00027507,0.0037329,0.0083133,-1.0435,-1.0687,-0.25639,0.00027507,0.0037329,0.0083133
-1.0192,1.0903,-0.25715,0.00077775,0.0025534,0.0087574,-0.99938,-1.0697,-0.25892,0.00077775,0.0025534,0.0087574
-0.976,1.0894,-0.25882,0.0010153,0.0013206,0.0092211,-0.95618,-1.0705,-0.26128,0.0010153,0.0013206,0.0092211
-0.93234,1.0892,-0.26089,0.0011333,9.1942e-05,0.0093983,-0.91234,-1.0707,-0.26331,0.0011333,9.1942e-05,0.0093983
-0.88798,1.0899,-0.26354,0.00086497,-0.0011153,0.0091258,-0.86847,-1.07,-0.26553,0.00086497,-0.0011153,0.0091258
-0.84337,1.0905,-0.26604,0.00059442,-0.0022544,0.0090147,-0.82441,-1.0694,-0.26741,0.00059442,-0.0022544,0.0090147
-0.79944,1.0909,-0.26801,0.00046484,-0.0031054,0.0090268,-0.78015,-1.069,-0.26912,0.00046484,-0.0031054,0.0090268
-0.75486,1.0908,-0.26899,0.0010799,-0.0040276,0.0093593,-0.7344,-1.0691,-0.27141,0.0010799,-0.0040276,0.0093593
-0.71019,1.0896,-0.27058,0.00051943,-0.0046266,0.0097506,-0.68915,-1.0703,-0.27152,0.00051943,-0.0046266,0.0097506
-0.66475,1.0904,-0.26966,0.00040899,-0.0048712,0.0097039,-0.64443,-1.0695,-0.27099,0.00040899,-0.0048712,0.0097039
-0.61989,1.0902,-0.27035,-0.00066535,-0.0049946,0.0098243,-0.59813,-1.0697,-0.26856,-0.00066535,-0.0049946,0.0098243
-0.57383,1.0905,-0.27031,-0.0014686,-0.0051766,0.0099709,-0.55215,-1.0694,-0.26731,-0.0014686,-0.0051766,0.0099709
-0.52753,1.0911,-0.26952,-0.0022008,-0.0048943,0.0099125,-0.50686,-1.0688,-0.26457,-0.0022008,-0.0048943,0.0099125
-0.48114,1.0926,-0.26748,-0.002461,-0.0045278,0.0095637,-0.46087,-1.0673,-0.26217,-0.002461,-0.0045278,0.0095637
-0.43438,1.0944,-0.26599,-0.0029166,-0.0041743,0.0092056,-0.41416,-1.0655,-0.25984,-0.0029166,-0.0041743,0.0092056
-0.38723,1.095,-0.26489,-0.0035898,-0.0035621,0.0092123,-0.36709,-1.0649,-0.25724,-0.0035898,-0.0035621,0.0092123
-0.33964,1.0955,-0.26501,-0.005,-0.0029092,0.0091098,-0.32019,-1.0643,-0.25424,-0.005,-0.0029092,0.0091098
-0.29077,1.0974,-0.26494,-0.0059996,-0.0022429,0.0088211,-0.2724,-1.0625,-0.25226,-0.0059996,-0.0022429,0.0088211
-0.24272,1.0992,-0.26549,-0.0071594,-0.0015694,0.0083595,-0.22436,-1.0606,-0.25008,-0.0071594,-0.0015694,0.0083595
-0.19356,1.1009,-0.2663,-0.0079333,-0.0010289,0.0080468,-0.17605,-1.059,-0.24929,-0.0079333,-0.0010289,0.0080468
-0.14403,1.1011,-0.26734,-0.0085611,-0.00063584,0.0081789,-0.12575,-1.0588,-0.2491,-0.0085611,-0.00063584,0.0081789
-0.094138,1.1,-0.26828,-0.0090745,-0.00010628,0.0088284,-0.075012,-1.0599,-0.24884,-0.0090745,-0.00010628,0.0088284
-0.043555,1.0991,-0.26915,-0.009339,0.00022697,0.0094609,-0.023178,-1.0607,-0.24899,-0.009339,0.00022697,0.0094609
0.0078727,1.0991,-0.26921,-0.0086893,0.00046971,0.0098797,0.029321,-1.0607,-0.25056,-0.0086893,0.00046971,0.0098797
0.058805,1.0982,-0.26948,-0.0084744,0.00086544,0.0104,0.082467,-1.0615,-0.25134,-0.0084744,0.00086544,0.0104
0.11078,1.0965,-0.27006,-0.0080951,0.0010275,0.011168,0.13565,-1.0633,-0.25238,-0.0080951,0.0010275,0.011168
0.16331,1.0949,-0.27022,-0.0076302,0.0013176,0.012096,0.18907,-1.0649,-0.25382,-0.0076302,0.0013176,0.012096
0.21526,1.0939,-0.27057,-0.0078857,0.0018306,0.012635,0.243,-1.0659,-0.25346,-0.0078857,0.0018306,0.012635
0.26877,1.0936,-0.2724,-0.0092527,0.0022407,0.012834,0.29665,-1.0661,-0.25223,-0.0092527,0.0022407,0.012834
0.32269,1.0946,-0.27336,-0.010425,0.0026794,0.012863,0.35015,-1.0651,-0.25114,-0.010425,0.0026794,0.012863
0.37758,1.0964,-0.27385,-0.011247,0.003186,0.012603,0.40446,-1.0633,-0.24956,-0.011247,0.003186,0.012603
0.43198,1.0984,-0.2733,-0.011486,0.003574,0.012229,0.45844,-1.0613,-0.24873,-0.011486,0.003574,0.012229
0.48585,1.0997,-0.27295,-0.012162,0.0041416,0.011996,0.51199,-1.06,-0.2468,-0.012162,0.0041416,0.011996
0.54115,1.1004,-0.27255,-0.013256,0.0047513,0.011848,0.56606,-1.0593,-0.24403,-0.013256,0.0047513,0.011848
0.59625,1.1015,-0.27262,-0.014675,0.0051504,0.011557,0.62148,-1.0581,-0.24082,-0.014675,0.0051504,0.011557
0.65171,1.1023,-0.27125,-0.015377,0.0055825,0.011672,0.67701,-1.0573,-0.23811,-0.015377,0.0055825,0.011672
0.70688,1.1022,-0.26966,-0.015965,0.0060117,0.012053,0.73334,-1.0573,-0.23527,-0.015965,0.0060117,0.012053
0.76221,1.1028,-0.26699,-0.015854,0.0065866,0.012271,0.78932,-1.0567,-0.23279,-0.015854,0.0065866,0.012271
0.81789,1.104,-0.26402,-0.015518,0.0071086,0.012128,0.8448,-1.0556,-0.23058,-0.015518,0.0071086,0.012128
0.87411,1.1052,-0.26127,-0.015166,0.0075722,0.011896,0.90048,-1.0543,-0.2285,-0.015166,0.0075722,0.011896
0.93041,1.1061,-0.25859,-0.01501,0.0081327,0.011637,0.95582,-1.0535,-0.22624,-0.01501,0.0081327,0.011637
0.98686,1.1072,-0.2559,-0.014448,0.0085556,0.011501,1.0128,-1.0525,-0.22462,-0.014448,0.0085556,0.011501
1.044,1.1083,-0.25229,-0.013382,0.0090469,0.011362,1.0687,-1.0514,-0.22352,-0.013382,0.0090469,0.011362
1.1006,1.1091,-0.25088,-0.013645,0.0093973,0.011058,1.1256,-1.0506,-0.22118,-0.013645,0.0093973,0.011058
1.1589,1.11,-0.24827,-0.012158,0.0094418,0.011065,1.1823,-1.0497,-0.22194,-0.012158,0.0094418,0.011065
1.216,1.1101,-0.24705,-0.011326,0.0091781,0.011172,1.2402,-1.0496,-0.22241,-0.011326,0.0091781,0.011172
1.274,1.1099,-0.24563,-0.0097966,0.0086981,0.011664,1.2992,-1.0498,-0.22431,-0.0097966,0.0086981,0.011664
1.332,1.1084,-0.24526,-0.0088228,0.0081734,0.01263,1.3588,-1.0514,-0.22615,-0.0088228,0.0081734,0.01263
1.3882,1.1064,-0.24542,-0.0079099,0.0075498,0.013829,1.4191,-1.0533,-0.22813,-0.0079099,0.0075498,0.013829
1.4469,1.1053,-0.24541,-0.006504,0.0067863,0.014814,1.4786,-1.0544,-0.23118,-0.006504,0.0067863,0.014814
1.5061,1.1048,-0.24604,-0.0058314,0.006181,0.015295,1.5384,-1.0549,-0.23346,-0.0058314,0.006181,0.015295
1.5645,1.1055,-0.24693,-0.0049158,0.0055303,0.015338,1.5982,-1.0542,-0.23609,-0.0049158,0.0055303,0.015338
1.6244,1.1068,-0.24699,-0.0037843,0.0052038,0.015079,1.6569,-1.053,-0.23884,-0.0037843,0.0052038,0.015079
1.6841,1.1079,-0.24763,-0.0030848,0.0050103,0.014763,1.7166,-1.0519,-0.24104,-0.0030848,0.0050103,0.014763
1.7441,1.109,-0.24809,-0.0027419,0.0051335,0.014389,1.7756,-1.0507,-0.2424,-0.0027419,0.0051335,0.014389
1.8049,1.1111,-0.24929,-0.0029539,0.0052393,0.013586,1.8343,-1.0487,-0.24293,-0.0029539,0.0052393,0.013586
1.8656,1.1143,-0.24992,-0.0027807,0.005385,0.012355,1.8923,-1.0455,-0.2437,-0.0027807,0.005385,0.012355
1.927,1.1165,-0.25028,-0.0029154,0.0056221,0.011578,1.9518,-1.0434,-0.24411,-0.0029154,0.0056221,0.011578
1.9885,1.1181,-0.2528,-0.0042053,0.0055522,0.010998,2.0122,-1.0418,-0.24356,-0.0042053,0.0055522,0.010998
2.0503,1.1207,-0.25328,-0.0031362,0.0052048,0.010584,2.0722,-1.0392,-0.24611,-0.0031362,0.0052048,0.010584
2.1122,1.1231,-0.25409,-0.0020596,0.0044505,0.010184,2.1337,-1.0367,-0.24973,-0.0020596,0.0044505,0.010184
2.1769,1.1256,-0.2568,-0.0022003,0.0033738,0.0094161,2.196,-1.0343,-0.25186,-0.0022003,0.0033738,0.0094161
2.245,1.1304,-0.26152,-0.0028424,0.0014535,0.0074348,2.2596,-1.0295,-0.25538,-0.0028424,0.0014535,0.0074348
2.3155,1.1374,-0.26804,-0.004382,-0.00095701,0.0042201,2.3237,-1.0226,-0.25873,-0.004382,-0.00095701,0.0042201
2.3889,1.1465,-0.27594,-0.0063213,-0.0036088,-0.00012185,2.3884,-1.0135,-0.26256,-0.0063213,-0.0036088,-0.00012185
2.4639,1.1564,-0.28435,-0.008037,-0.0064197,-0.0048784,2.4532,-1.0035,-0.26678,-0.008037,-0.0064197,-0.0048784
2.5407,1.1674,-0.29145,-0.0091448,-0.0091048,-0.010192,2.5178,-0.99243,-0.27176,-0.0091448,-0.0091048,-0.010192
2.6183,1.1797,-0.29705,-0.0088591,-0.011753,-0.015975,2.5824,-0.97993,-0.27739,-0.0088591,-0.011753,-0.015975
2.6971,1.1923,-0.30081,-0.0081629,-0.014175,-0.021971,2.6488,-0.96711,-0.28315,-0.0081629,-0.014175,-0.021971
2.777,1.2052,-0.30439,-0.0075291,-0.016574,-0.028456,2.7148,-0.95387,-0.28806,-0.0075291,-0.016574,-0.028456
2.8584,1.2168,-0.3071,-0.0067223,-0.01865,-0.034736,2.7826,-0.94186,-0.29223,-0.0067223,-0.01865,-0.034736
2.9407,1.2278,-0.30947,-0.0059709,-0.02089,-0.041149,2.8507,-0.93029,-0.29659,-0.0059709,-0.02089,-0.041149
3.024,1.2374,-0.31176,-0.0058507,-0.022667,-0.047632,2.9202,-0.92009,-0.29928,-0.0058507,-0.022667,-0.047632
3.107,1.246,-0.31394,-0.0065028,-0.023941,-0.054197,2.9894,-0.91072,-0.29976,-0.0065028,-0.023941,-0.054197
3.1907,1.255,-0.31336,-0.0062961,-0.024432,-0.060916,3.0583,-0.90092,-0.29999,-0.0062961,-0.024432,-0.060916
3.2753,1.2647,-0.30988,-0.0052581,-0.024071,-0.068293,3.1273,-0.89017,-0.29829,-0.0052581,-0.024071,-0.068293
3.3616,1.2748,-0.30359,-0.003419,-0.023074,-0.075833,3.1967,-0.87891,-0.29595,-0.003419,-0.023074,-0.075833
3.4452,1.2851,-0.29469,-0.00077368,-0.021408,-0.083536,3.2655,-0.86741,-0.29304,-0.00077368,-0.021408,-0.083536
3.5317,1.2951,-0.28407,0.0021097,-0.019103,-0.091449,3.3338,-0.85582,-0.28934,0.0021097,-0.019103,-0.091449
3.6172,1.304,-0.27509,0.0031468,-0.016476,-0.099563,3.4028,-0.84532,-0.28176,0.0031468,-0.016476,-0.099563
3.7035,1.3126,-0.26517,0.0039888,-0.013367,-0.10768,3.4713,-0.83491,-0.27403,0.0039888,-0.013367,-0.10768
3.7902,1.3201,-0.25702,0.0037539,-0.009994,-0.11574,3.5407,-0.82538,-0.26506,0.0037539,-0.009994,-0.11574
3.8771,1.3262,-0.2501,0.0029241,-0.0066596,-0.12347,3.611,-0.81732,-0.25659,0.0029241,-0.0066596,-0.12347
3.9629,1.3302,-0.24398,0.0019725,-0.0030415,-0.13042,3.6822,-0.8115,-0.24802,0.0019725,-0.0030415,-0.13042
4.0489,1.3332,-0.23783,0.00092865,0.00072559,-0.13703,3.7537,-0.80648,-0.24027,0.00092865,0.00072559,-0.13703
4.1353,1.3353,-0.23304,-1.3258e-05,0.004299,-0.14334,3.8272,-0.80263,-0.23284,-1.3258e-05,0.004299,-0.14334
4.2226,1.3363,-0.22933,-0.00096102,0.0074342,-0.14919,3.9015,-0.79971,-0.22727,-0.00096102,0.0074342,-0.14919
4.3109,1.3373,-0.22667,-0.0015059,0.0099781,-0.15518,3.9766,-0.79666,-0.22376,-0.0015059,0.0099781,-0.15518
4.4005,1.3393,-0.22574,-0.0020571,0.01205,-0.16184,4.0522,-0.79244,-0.22113,-0.0020571,0.01205,-0.16184
4.4927,1.342,-0.22623,-0.0020563,0.013198,-0.16913,4.1287,-0.78715,-0.22171,-0.0020563,0.013198,-0.16913
4.5866,1.3441,-0.22921,-0.0027849,0.013657,-0.1768,4.2064,-0.78213,-0.22334,-0.0027849,0.013657,-0.1768
4.6829,1.3458,-0.23417,-0.0037533,0.013521,-0.1847,4.2851,-0.77726,-0.22548,-0.0037533,0.013521,-0.1847
4.7798,1.3482,-0.23926,-0.004072,0.012928,-0.19296,4.3649,-0.77155,-0.2304,-0.004072,0.012928,-0.19296
4.8767,1.3493,-0.24484,-0.0042557,0.012214,-0.20097,4.445,-0.76712,-0.23522,-0.0042557,0.012214,-0.20097
4.973,1.349,-0.24993,-0.0043152,0.011294,-0.20869,4.525,-0.76399,-0.24039,-0.0043152,0.011294,-0.20869
5.0696,1.3479,-0.25471,-0.0045704,0.010193,-0.21638,4.6058,-0.76173,-0.24509,-0.0045704,0.010193,-0.21638
5.1663,1.3451,-0.26109,-0.0063232,0.0090118,-0.22402,4.6863,-0.76081,-0.24751,-0.0063232,0.0090118,-0.22402
5.2629,1.3415,-0.26634,-0.0077245,0.0078731,-0.23154,4.7673,-0.76076,-0.24964,-0.0077245,0.0078731,-0.23154
5.36,1.3371,-0.27082,-0.0088955,0.0067024,-0.23889,4.8484,-0.7614,-0.25184,-0.0088955,0.0067024,-0.23889
5.4557,1.3302,-0.27609,-0.01069,0.0055316,-0.24582,4.9299,-0.7647,-0.25323,-0.01069,0.0055316,-0.24582
5.5503,1.3219,-0.2795,-0.01194,0.0046585,-0.25218,5.0113,-0.76963,-0.25361,-0.01194,0.0046585,-0.25218
5.645,1.3135,-0.27973,-0.011333,0.0039757,-0.25835,5.0927,-0.77457,-0.25526,-0.011333,0.0039757,-0.25835
5.7401,1.305,-0.27739,-0.0093175,0.0034045,-0.26484,5.1746,-0.77959,-0.25733,-0.0093175,0.0034045,-0.26484
5.8364,1.2961,-0.27468,-0.0072443,0.0029806,-0.27165,5.2562,-0.78449,-0.25883,-0.0072443,0.0029806,-0.27165
5.9325,1.2874,-0.27166,-0.0050859,0.0023733,-0.27886,5.3378,-0.78908,-0.26049,-0.0050859,0.0023733,-0.27886
6.03,1.2776,-0.26831,-0.002985,0.0018868,-0.28635,5.4192,-0.79428,-0.26185,-0.002985,0.0018868,-0.28635
6.128,1.2674,-0.26551,-0.0013751,0.0013853,-0.29426,5.5006,-0.79944,-0.26261,-0.0013751,0.0013853,-0.29426
6.226,1.2563,-0.2639,-0.00098773,0.0009425,-0.30254,5.5814,-0.80527,-0.26175,-0.00098773,0.0009425,-0.30254
6.3235,1.2438,-0.26064,0.00016118,0.00067,-0.31044,5.6631,-0.81274,-0.26079,0.00016118,0.00067,-0.31044
6.4213,1.2309,-0.25706,0.0014579,0.00039029,-0.31839,5.7448,-0.82045,-0.26003,0.0014579,0.00039029,-0.31839
6.5198,1.2172,-0.25411,0.0024597,2.6811e-05,-0.3263,5.8273,-0.82879,-0.25945,0.0024597,2.6811e-05,-0.3263
6.6191,1.2021,-0.25323,0.0028054,-0.00058781,-0.33412,5.9099,-0.83812,-0.25932,0.0028054,-0.00058781,-0.33412
6.7189,1.1864,-0.25402,0.0026035,-0.001445,-0.34214,5.9937,-0.84821,-0.25942,0.0026035,-0.001445,-0.34214
6.8197,1.1712,-0.25468,0.0025593,-0.0022679,-0.35079,6.0769,-0.85705,-0.26007,0.0025593,-0.0022679,-0.35079
6.9205,1.1558,-0.25493,0.002562,-0.0027199,-0.3598,6.1598,-0.86584,-0.26033,0.002562,-0.0027199,-0.3598
7.0209,1.14,-0.2545,0.0027868,-0.0029006,-0.36895,6.2423,-0.8748,-0.2605,0.0027868,-0.0029006,-0.36895
7.1211,1.122,-0.25492,0.0020457,-0.0028167,-0.37773,6.3242,-0.88568,-0.25954,0.0020457,-0.0028167,-0.37773
7.2198,1.1027,-0.25597,0.00015699,-0.0022792,-0.38631,6.4058,-0.8981,-0.25642,0.00015699,-0.0022792,-0.38631
7.3183,1.0828,-0.25627,-0.00092479,-0.0013383,-0.39469,6.4872,-0.91093,-0.25364,-0.00092479,-0.0013383,-0.39469
7.4182,1.0642,-0.25405,-0.00040402,-0.00055033,-0.4035,6.5699,-0.9222,-0.25311,-0.00040402,-0.00055033,-0.4035
7.5186,1.0447,-0.25229,-0.00013907,0.00033451,-0.41255,6.6518,-0.93377,-0.25215,-0.00013907,0.00033451,-0.41255
7.6177,1.0236,-0.25196,-0.00060679,0.0010476,-0.42135,6.7339,-0.94734,-0.25095,-0.00060679,0.0010476,-0.42135
7.7153,1.0007,-0.25235,-0.0016392,0.0019671,-0.42958,6.8153,-0.96293,-0.24877,-0.0016392,0.0019671,-0.42958
7.8123,0.97601,-0.25243,-0.0026593,0.0029409,-0.43735,6.8972,-0.98056,-0.24662,-0.0026593,0.0029409,-0.43735
7.909,0.95087,-0.25205,-0.0032813,0.003858,-0.44509,6.9785,-0.99841,-0.2451,-0.0032813,0.003858,-0.44509
8.0054,0.9249,-0.2505,-0.0028647,0.0049497,-0.45254,7.0603,-1.0174,-0.24415,-0.0028647,0.0049497,-0.45254
8.1009,0.89885,-0.24724,-0.0016468,0.0061609,-0.45986,7.1422,-1.0367,-0.24354,-0.0016468,0.0061609,-0.45986
8.196,0.87132,-0.24434,-0.0010821,0.0075153,-0.46706,7.2234,-1.0573,-0.24191,-0.0010821,0.0075153,-0.46706
8.2902,0.84275,-0.24179,-0.0005951,0.0087816,-0.47391,7.3041,-1.079,-0.2408,-0.0005951,0.0087816,-0.47391
8.3842,0.81224,-0.24065,-0.00077194,0.01006,-0.48048,7.3848,-1.1027,-0.23887,-0.00077194,0.01006,-0.48048
8.4781,0.78237,-0.23939,-0.0012113,0.011341,-0.48759,7.4657,-1.1257,-0.23683,-0.0012113,0.011341,-0.48759
8.5721,0.75251,-0.23743,-0.0022891,0.013134,-0.4949,7.5473,-1.1489,-0.23245,-0.0022891,0.013134,-0.4949
8.6657,0.72156,-0.23345,-0.0017531,0.015116,-0.50157,7.6276,-1.1726,-0.22927,-0.0017531,0.015116,-0.50157
8.7582,0.69003,-0.22843,-0.0012062,0.017172,-0.50798,7.708,-1.1975,-0.22589,-0.0012062,0.017172,-0.50798
8.8488,0.65805,-0.22327,-0.001417,0.019655,-0.51415,7.7873,-1.2231,-0.22024,-0.001417,0.019655,-0.51415
8.937,0.62488,-0.21786,-0.002216,0.0226,-0.51955,7.8647,-1.2502,-0.21297,-0.002216,0.0226,-0.51955
9.0212,0.58996,-0.21318,-0.0037991,0.025726,-0.52367,7.9416,-1.2809,-0.20528,-0.0037991,0.025726,-0.52367
9.1021,0.55266,-0.20981,-0.0061371,0.028893,-0.52647,8.0172,-1.3151,-0.19667,-0.0061371,0.028893,-0.52647
9.1787,0.51336,-0.20609,-0.0086991,0.032135,-0.52794,8.0916,-1.353,-0.1875,-0.0086991,0.032135,-0.52794
9.2538,0.47313,-0.20185,-0.010487,0.035307,-0.52866,8.1651,-1.3923,-0.17899,-0.010487,0.035307,-0.52866
9.3277,0.4332,-0.19533,-0.010716,0.038378,-0.52919,8.2385,-1.4319,-0.17227,-0.010716,0.038378,-0.52919
9.4004,0.39261,-0.18922,-0.010694,0.041275,-0.5295,8.3107,-1.4722,-0.16627,-0.010694,0.041275,-0.5295
9.4707,0.35133,-0.18353,-0.010936,0.04427,-0.52928,8.3817,-1.5139,-0.16023,-0.010936,0.04427,-0.52928
9.5391,0.31008,-0.17778,-0.01022,0.047215,-0.5284,8.4515,-1.556,-0.15535,-0.01022,0.047215,-0.5284
9.607,0.26875,-0.17088,-0.008559,0.050204,-0.52736,8.5209,-1.5982,-0.15251,-0.008559,0.050204,-0.52736
9.6741,0.22696,-0.16647,-0.0078117,0.052725,-0.52648,8.5896,-1.641,-0.14958,-0.0078117,0.052725,-0.52648
9.7414,0.18538,-0.16316,-0.0076046,0.054996,-0.52556,8.6585,-1.6835,-0.14655,-0.0076046,0.054996,-0.52556
9.8069,0.14377,-0.15883,-0.0059668,0.056894,-0.52391,8.7268,-1.7268,-0.14566,-0.0059668,0.056894,-0.52391
9.8708,0.10142,-0.15495,-0.0041872,0.058333,-0.52168,8.7952,-1.7717,-0.14605,-0.0041872,0.058333,-0.52168
9.9345,0.059003,-0.15253,-0.0024274,0.05922,-0.51966,8.8622,-1.8161,-0.14709,-0.0024274,0.05922,-0.51966
9.9992,0.016647,-0.15112,-0.00091872,0.0597,-0.51805,8.929,-1.8596,-0.14914,-0.00091872,0.0597,-0.51805
10.065,-0.023601,-0.15077,0.00057326,0.059628,-0.51721,8.9971,-1.9014,-0.15219,0.00057326,0.059628,-0.51721
10.132,-0.063235,-0.15157,0.0020181,0.059222,-0.51708,9.0637,-1.9404,-0.15572,0.0020181,0.059222,-0.51708
10.201,-0.10161,-0.15271,0.0033338,0.05831,-0.51757,9.1313,-1.9783,-0.16008,0.0033338,0.05831,-0.51757
10.269,-0.14035,-0.1564,0.0033673,0.05685,-0.51799,9.1988,-2.0167,-0.16377,0.0033673,0.05685,-0.51799
10.336,-0.17869,-0.15976,0.0035697,0.055113,-0.51817,9.2665,-2.0551,-0.16779,0.0035697,0.055113,-0.51817
10.403,-0.21767,-0.16418,0.0033891,0.052981,-0.51805,9.334,-2.0943,-0.17147,0.0033891,0.052981,-0.51805
10.471,-0.25598,-0.16885,0.0027277,0.050579,-0.51817,9.401,-2.1323,-0.17502,0.0027277,0.050579,-0.51817
10.539,-0.29359,-0.17473,0.0015263,0.047908,-0.51865,9.4681,-2.1696,-0.17793,0.0015263,0.047908,-0.51865
10.609,-0.32991,-0.17967,0.0015035,0.045052,-0.51988,9.5357,-2.2046,-0.1831,0.0015035,0.045052,-0.51988
10.679,-0.36667,-0.18678,0.00084398,0.041609,-0.52111,9.6035,-2.2398,-0.18841,0.00084398,0.041609,-0.52111
10.749,-0.40319,-0.19421,0.00011828,0.03785,-0.52238,9.6718,-2.2753,-0.19481,0.00011828,0.03785,-0.52238
10.818,-0.44045,-0.20274,-0.0011057,0.03395,-0.52308,9.7389,-2.3118,-0.20014,-0.0011057,0.03395,-0.52308
10.885,-0.47779,-0.20927,-0.0013453,0.030308,-0.52324,9.8055,-2.3489,-0.20644,-0.0013453,0.030308,-0.52324
10.951,-0.51488,-0.21548,-0.0015054,0.026801,-0.52353,9.8719,-2.3861,-0.21231,-0.0015054,0.026801,-0.52353
11.018,-0.55253,-0.22144,-0.0016113,0.023423,-0.52403,9.9371,-2.4226,-0.21791,-0.0016113,0.023423,-0.52403
11.084,-0.58956,-0.22715,-0.0022533,0.020169,-0.52476,10.003,-2.4592,-0.2226,-0.0022533,0.020169,-0.52476
11.151,-0.62725,-0.23242,-0.0025446,0.017008,-0.52503,10.068,-2.4964,-0.22688,-0.0025446,0.017008,-0.52503
11.216,-0.66507,-0.23722,-0.0026838,0.013921,-0.52489,10.134,-2.5344,-0.23151,-0.0026838,0.013921,-0.52489
11.282,-0.70289,-0.24194,-0.0023682,0.010885,-0.5248,10.2,-2.5723,-0.23672,-0.0023682,0.010885,-0.5248
11.348,-0.74037,-0.24586,-0.0023145,0.0080915,-0.52513,10.265,-2.6093,-0.24103,-0.0023145,0.0080915,-0.52513
11.414,-0.77679,-0.24919,-0.0014196,0.0054371,-0.52563,10.331,-2.6456,-0.24584,-0.0014196,0.0054371,-0.52563
11.48,-0.81436,-0.25213,-0.00085899,0.0031387,-0.52594,10.396,-2.6827,-0.25029,-0.00085899,0.0031387,-0.52594
11.546,-0.85237,-0.2547,-0.00013341,0.00087565,-0.52604,10.461,-2.7204,-0.25432,-0.00013341,0.00087565,-0.52604
11.611,-0.89091,-0.25735,-9.5345e-05,-0.0011329,-0.52613,10.526,-2.7587,-0.25713,-9.5345e-05,-0.0011329,-0.52613
11.677,-0.92903,-0.26009,-0.00052776,-0.0027524,-0.5264,10.592,-2.7969,-0.25877,-0.00052776,-0.0027524,-0.5264
11.743,-0.96716,-0.26216,-0.00089625,-0.0042004,-0.52664,10.658,-2.8346,-0.26058,-0.00089625,-0.0042004,-0.52664
11.809,-1.0051,-0.26523,-0.0013889,-0.0057004,-0.52673,10.724,-2.8726,-0.26177,-0.0013889,-0.0057004,-0.52673
11.877,-1.0437,-0.2683,-0.0022845,-0.0069777,-0.52709,10.79,-2.9104,-0.26324,-0.0022845,-0.0069777,-0.52709
11.944,-1.0811,-0.26963,-0.0027169,-0.0075905,-0.52758,10.856,-2.9474,-0.26383,-0.0027169,-0.0075905,-0.52758
12.01,-1.1193,-0.27124,-0.0028832,-0.0080458,-0.52763,10.923,-2.9857,-0.26485,-0.0028832,-0.0080458,-0.52763
12.075,-1.1586,-0.27171,-0.0026191,-0.0081863,-0.52687,10.99,-3.0259,-0.26579,-0.0026191,-0.0081863,-0.52687
12.138,-1.1991,-0.27156,-0.002491,-0.0079406,-0.52512,11.056,-3.0684,-0.2662,-0.002491,-0.0079406,-0.52512
12.198,-1.2406,-0.27194,-0.0035949,-0.0070488,-0.52245,11.12,-3.1126,-0.26416,-0.0035949,-0.0070488,-0.52245
12.255,-1.2821,-0.27092,-0.0044543,-0.0055679,-0.5188,11.184,-3.1582,-0.26146,-0.0044543,-0.0055679,-0.5188
12.31,-1.3244,-0.26871,-0.0054035,-0.0032948,-0.51421,11.248,-3.2054,-0.25707,-0.0054035,-0.0032948,-0.51421
12.362,-1.3666,-0.26507,-0.0059323,-0.00064384,-0.50869,11.31,-3.2535,-0.25231,-0.0059323,-0.00064384,-0.50869
12.412,-1.4095,-0.26065,-0.0069053,0.0025999,-0.50243,11.373,-3.303,-0.24586,-0.0069053,0.0025999,-0.50243
12.461,-1.453,-0.25545,-0.0075253,0.006079,-0.49532,11.435,-3.3534,-0.23893,-0.0075253,0.006079,-0.49532
12.508,-1.4962,-0.24908,-0.0078431,0.0099156,-0.48766,11.496,-3.4047,-0.23233,-0.0078431,0.0099156,-0.48766
12.554,-1.5399,-0.24265,-0.0078251,0.013911,-0.47938,11.558,-3.4567,-0.22576,-0.0078251,0.013911,-0.47938
12.598,-1.5838,-0.23652,-0.0079143,0.01789,-0.47051,11.619,-3.5093,-0.21939,-0.0079143,0.01789,-0.47051
12.642,-1.627,-0.22878,-0.00651,0.02185,-0.46131,11.681,-3.5617,-0.21453,-0.00651,0.02185,-0.46131
12.686,-1.67,-0.22127,-0.0053991,0.025729,-0.45245,11.742,-3.6129,-0.20962,-0.0053991,0.025729,-0.45245
12.73,-1.7137,-0.21474,-0.0048348,0.029309,-0.44333,11.804,-3.665,-0.20426,-0.0048348,0.029309,-0.44333
12.774,-1.7573,-0.20868,-0.0046263,0.032702,-0.43436,11.865,-3.7169,-0.19874,-0.0046263,0.032702,-0.43436
12.817,-1.8011,-0.20343,-0.0048388,0.035759,-0.42539,11.926,-3.7689,-0.19276,-0.0048388,0.035759,-0.42539
12.861,-1.8436,-0.19761,-0.0041424,0.038359,-0.41668,11.988,-3.8192,-0.18886,-0.0041424,0.038359,-0.41668
12.906,-1.8857,-0.19162,-0.0023395,0.04055,-0.40796,12.05,-3.8689,-0.18643,-0.0023395,0.04055,-0.40796
12.951,-1.9284,-0.18651,-0.00013581,0.042079,-0.39882,12.113,-3.9193,-0.18616,-0.00013581,0.042079,-0.39882
12.996,-1.9721,-0.18219,0.0023024,0.042885,-0.38912,12.177,-3.9709,-0.1873,0.0023024,0.042885,-0.38912
13.041,-2.0153,-0.17716,0.0060568,0.043303,-0.3794,12.241,-4.0215,-0.1903,0.0060568,0.043303,-0.3794
13.086,-2.0585,-0.17476,0.0084266,0.043339,-0.3697,12.306,-4.0725,-0.19311,0.0084266,0.043339,-0.3697
13.133,-2.1019,-0.17469,0.0099968,0.042755,-0.36008,12.371,-4.1231,-0.19611,0.0099968,0.042755,-0.36008
13.18,-2.1454,-0.17593,0.010426,0.042036,-0.35046,12.437,-4.1734,-0.19834,0.010426,0.042036,-0.35046
13.227,-2.1878,-0.17798,0.010277,0.041092,-0.34097,12.504,-4.2231,-0.20001,0.010277,0.041092,-0.34097
13.274,-2.2298,-0.1801,0.0096726,0.040189,-0.33146,12.57,-4.2717,-0.20133,0.0096726,0.040189,-0.33146
13.321,-2.2718,-0.18367,0.0088063,0.038842,-0.32164,12.637,-4.3206,-0.20251,0.0088063,0.038842,-0.32164
13.369,-2.3123,-0.18643,0.0088776,0.037205,-0.31212,12.705,-4.3677,-0.20599,0.0088776,0.037205,-0.31212
13.418,-2.3513,-0.19054,0.0085713,0.035479,-0.30339,12.772,-4.4123,-0.20895,0.0085713,0.035479,-0.30339
13.469,-2.3885,-0.1944,0.0087197,0.033695,-0.29522,12.84,-4.4548,-0.21298,0.0087197,0.033695,-0.29522
13.522,-2.4226,-0.19464,0.011553,0.031926,-0.28776,12.907,-4.4933,-0.21957,0.011553,0.031926,-0.28776
13.574,-2.4554,-0.19583,0.013345,0.030269,-0.28083,12.974,-4.5303,-0.22441,0.013345,0.030269,-0.28083
13.627,-2.4872,-0.19834,0.013065,0.028929,-0.2745,13.041,-4.5659,-0.2266,0.013065,0.028929,-0.2745
13.682,-2.5177,-0.19999,0.013074,0.027818,-0.26839,13.108,-4.5999,-0.22835,0.013074,0.027818,-0.26839
13.735,-2.547,-0.20178,0.012357,0.026815,-0.26273,13.174,-4.6327,-0.22827,0.012357,0.026815,-0.26273
13.791,-2.5744,-0.2023,0.012095,0.025988,-0.2576,13.24,-4.6627,-0.22854,0.012095,0.025988,-0.2576
13.846,-2.6014,-0.20355,0.011223,0.025284,-0.25241,13.305,-4.6924,-0.22758,0.011223,0.025284,-0.25241
13.9,-2.6273,-0.20411,0.010954,0.024456,-0.24701,13.372,-4.7217,-0.22785,0.010954,0.024456,-0.24701
13.955,-2.6549,-0.20622,0.0096809,0.023502,-0.24104,13.439,-4.7524,-0.22738,0.0096809,0.023502,-0.24104
14.009,-2.6822,-0.20858,0.0087598,0.022474,-0.23506,13.506,-4.7826,-0.22731,0.0087598,0.022474,-0.23506
14.064,-2.7084,-0.21087,0.0075483,0.021315,-0.22914,13.574,-4.8121,-0.22759,0.0075483,0.021315,-0.22914
14.119,-2.7355,-0.2144,0.0057096,0.020017,-0.22273,13.642,-4.8423,-0.22646,0.0057096,0.020017,-0.22273
14.174,-2.7623,-0.21661,0.0052079,0.018592,-0.21582,13.711,-4.8722,-0.22803,0.0052079,0.018592,-0.21582
14.228,-2.7888,-0.21931,0.0044168,0.017372,-0.20901,13.78,-4.9017,-0.22843,0.0044168,0.017372,-0.20901
14.282,-2.8154,-0.22134,0.0038478,0.016249,-0.20185,13.85,-4.9317,-0.22999,0.0038478,0.016249,-0.20185
14.336,-2.8432,-0.22422,0.0031841,0.014975,-0.19421,13.92,-4.9628,-0.23125,0.0031841,0.014975,-0.19421
14.389,-2.8707,-0.22699,0.0027762,0.013636,-0.18647,13.989,-4.9933,-0.23275,0.0027762,0.013636,-0.18647
14.443,-2.8973,-0.22797,0.0036255,0.012576,-0.17859,14.06,-5.0231,-0.23583,0.0036255,0.012576,-0.17859
14.496,-2.9235,-0.22884,0.0044634,0.011784,-0.17066,14.13,-5.0523,-0.23856,0.0044634,0.011784,-0.17066
14.549,-2.9499,-0.2306,0.0042245,0.011232,-0.16281,14.199,-5.0814,-0.23983,0.0042245,0.011232,-0.16281
14.603,-2.9751,-0.23212,0.0042159,0.010661,-0.15518,14.27,-5.1092,-0.24121,0.0042159,0.010661,-0.15518
14.658,-3.0001,-0.23391,0.0041171,0.010123,-0.14755,14.341,-5.1367,-0.24267,0.0041171,0.010123,-0.14755
14.713,-3.0245,-0.235,0.0045623,0.0096499,-0.13978,14.412,-5.1634,-0.24468,0.0045623,0.0096499,-0.13978
14.768,-3.0481,-0.23629,0.0046847,0.0092584,-0.1322,14.483,-5.1893,-0.24664,0.0046847,0.0092584,-0.1322
14.823,-3.0719,-0.23772,0.0047956,0.0088731,-0.12441,14.555,-5.2152,-0.2485,0.0047956,0.0088731,-0.12441
14.877,-3.0972,-0.24105,0.0035426,0.008553,-0.11623,14.626,-5.2426,-0.24879,0.0035426,0.008553,-0.11623
14.93,-3.1226,-0.2438,0.0029243,0.0081343,-0.10751,14.699,-5.2702,-0.25031,0.0029243,0.0081343,-0.10751
14.985,-3.1477,-0.2466,0.0022354,0.0078478,-0.098915,14.772,-5.2972,-0.25155,0.0022354,0.0078478,-0.098915
15.04,-3.1708,-0.24779,0.0019355,0.00768,-0.09077,14.845,-5.322,-0.2521,0.0019355,0.00768,-0.09077
15.095,-3.1944,-0.2501,0.00019031,0.0076504,-0.082634,14.918,-5.3471,-0.25072,0.00019031,0.0076504,-0.082634
15.151,-3.218,-0.25087,-0.0012824,0.0079065,-0.074476,14.99,-5.372,-0.24809,-0.0012824,0.0079065,-0.074476
15.206,-3.2409,-0.25024,-0.0019031,0.0081601,-0.066417,15.063,-5.3961,-0.246,-0.0019031,0.0081601,-0.066417
15.263,-3.2639,-0.24992,-0.0027587,0.0082716,-0.05833,15.137,-5.4202,-0.24415,-0.0027587,0.0082716,-0.05833
15.319,-3.2871,-0.2502,-0.0028007,0.0078074,-0.049866,15.212,-5.4445,-0.24373,-0.0028007,0.0078074,-0.049866
15.376,-3.3103,-0.24953,-0.0023182,0.007297,-0.041434,15.286,-5.4684,-0.24457,-0.0023182,0.007297,-0.041434
15.433,-3.3316,-0.24942,-0.0015785,0.0065254,-0.03359,15.36,-5.4904,-0.24595,-0.0015785,0.0065254,-0.03359
15.494,-3.3496,-0.25062,-0.00091338,0.0051568,-0.027059,15.435,-5.5088,-0.24883,-0.00091338,0.0051568,-0.027059
15.558,-3.3645,-0.25372,-0.00081101,0.0033905,-0.021856,15.51,-5.524,-0.25202,-0.00081101,0.0033905,-0.021856
15.625,-3.3766,-0.2588,-0.0013205,0.00085771,-0.017833,15.586,-5.5362,-0.25568,-0.0013205,0.00085771,-0.017833
15.695,-3.3851,-0.26409,-0.00076641,-0.0024609,-0.01488,15.662,-5.5449,-0.26215,-0.00076641,-0.0024609,-0.01488
15.769,-3.3911,-0.27007,-0.00034023,-0.0060732,-0.013097,15.739,-5.5509,-0.26924,-0.00034023,-0.0060732,-0.013097
15.844,-3.3943,-0.27646,8.5765e-05,-0.0099434,-0.01237,15.817,-5.5541,-0.27643,8.5765e-05,-0.0099434,-0.01237
15.922,-3.3963,-0.28304,0.00041493,-0.014059,-0.012211,15.894,-5.5562,-0.28418,0.00041493,-0.014059,-0.012211
16,-3.3968,-0.29005,0.0003071,-0.01803,-0.012739,15.973,-5.5566,-0.29079,0.0003071,-0.01803,-0.012739
16.08,-3.3965,-0.29686,0.00012411,-0.021652,-0.01355,16.051,-5.5563,-0.29651,0.00012411,-0.021652,-0.01355
16.16,-3.3967,-0.302,0.00031568,-0.024874,-0.014159,16.129,-5.5564,-0.30308,0.00031568,-0.024874,-0.014159
16.24,-3.3974,-0.30845,-0.00036374,-0.027785,-0.014475,16.208,-5.5572,-0.30729,-0.00036374,-0.027785,-0.014475
16.32,-3.3981,-0.31389,-0.0014312,-0.030361,-0.014726,16.288,-5.5578,-0.31072,-0.0014312,-0.030361,-0.014726
16.401,-3.3988,-0.31694,-0.0021085,-0.032256,-0.014795,16.368,-5.5585,-0.31231,-0.0021085,-0.032256,-0.014795
16.481,-3.3991,-0.31831,-0.0021668,-0.033816,-0.014877,16.449,-5.5588,-0.31385,-0.0021668,-0.033816,-0.014877
16.562,-3.4007,-0.31885,-0.0025857,-0.034581,-0.014662,16.529,-5.5605,-0.31327,-0.0025857,-0.034581,-0.014662
16.642,-3.401,-0.31706,-0.0026097,-0.034584,-0.014986,16.61,-5.5607,-0.31177,-0.0026097,-0.034584,-0.014986
16.722,-3.4006,-0.31311,-0.0020381,-0.033554,-0.015606,16.688,-5.5603,-0.30837,-0.0020381,-0.033554,-0.015606
16.802,-3.4015,-0.30739,-0.0013873,-0.032047,-0.015904,16.769,-5.5612,-0.30468,-0.0013873,-0.032047,-0.015904
16.882,-3.4025,-0.30201,-0.0015153,-0.030027,-0.016273,16.847,-5.5622,-0.29894,-0.0015153,-0.030027,-0.016273
16.962,-3.4032,-0.2955,-0.0018431,-0.027347,-0.016767,16.926,-5.5629,-0.29169,-0.0018431,-0.027347,-0.016767
17.042,-3.4027,-0.28863,-0.0024252,-0.02412,-0.017723,17.004,-5.5623,-0.28324,-0.0024252,-0.02412,-0.017723
17.122,-3.4021,-0.28067,-0.0029774,-0.020403,-0.018769,17.08,-5.5617,-0.27423,-0.0029774,-0.020403,-0.018769
17.201,-3.4018,-0.27324,-0.0038867,-0.016535,-0.019879,17.159,-5.5614,-0.26492,-0.0038867,-0.016535,-0.019879
17.282,-3.4007,-0.26547,-0.0041014,-0.012213,-0.021098,17.236,-5.5602,-0.25647,-0.0041014,-0.012213,-0.021098
17.362,-3.4003,-0.25852,-0.0045319,-0.0082124,-0.02222,17.315,-5.5598,-0.24875,-0.0045319,-0.0082124,-0.02222
17.444,-3.3982,-0.25057,-0.0034585,-0.0041536,-0.023832,17.393,-5.5575,-0.24296,-0.0034585,-0.0041536,-0.023832
17.525,-3.3966,-0.24361,-0.0032372,8.7561e-06,-0.025565,17.471,-5.5559,-0.23656,-0.0032372,8.7561e-06,-0.025565
17.607,-3.3962,-0.2374,-0.0033591,0.0040372,-0.026749,17.55,-5.5555,-0.23006,-0.0033591,0.0040372,-0.026749
17.689,-3.397,-0.23241,-0.0040014,0.0077301,-0.02752,17.63,-5.5562,-0.22414,-0.0040014,0.0077301,-0.02752
17.771,-3.3973,-0.22775,-0.0041308,0.01133,-0.028375,17.71,-5.5564,-0.21875,-0.0041308,0.01133,-0.028375
17.853,-3.3973,-0.22391,-0.0049984,0.014994,-0.029487,17.79,-5.5563,-0.21345,-0.0049984,0.014994,-0.029487
17.934,-3.3975,-0.21995,-0.0055076,0.018546,-0.030373,17.87,-5.5565,-0.20782,-0.0055076,0.018546,-0.030373
18.017,-3.3979,-0.21581,-0.0055203,0.02196,-0.031178,17.95,-5.5569,-0.20362,-0.0055203,0.02196,-0.031178
18.099,-3.3978,-0.2104,-0.0042415,0.025226,-0.032026,18.03,-5.5567,-0.20115,-0.0042415,0.025226,-0.032026
18.181,-3.3974,-0.20496,-0.0028758,0.028385,-0.033017,18.111,-5.5562,-0.19861,-0.0028758,0.028385,-0.033017
18.263,-3.398,-0.19998,-0.0017822,0.031448,-0.0339,18.191,-5.5568,-0.19611,-0.0017822,0.031448,-0.0339
18.345,-3.3991,-0.19486,-0.00070006,0.034377,-0.034572,18.271,-5.5578,-0.1934,-0.00070006,0.034377,-0.034572
18.427,-3.4,-0.19152,-0.001398,0.037122,-0.035741,18.351,-5.5587,-0.1891,-0.001398,0.037122,-0.035741
18.508,-3.4007,-0.18931,-0.0028427,0.039886,-0.037048,18.429,-5.5592,-0.18272,-0.0028427,0.039886,-0.037048
18.59,-3.3998,-0.18574,-0.0034735,0.042539,-0.038868,18.507,-5.5582,-0.17828,-0.0034735,0.042539,-0.038868
18.671,-3.3992,-0.18114,-0.0036111,0.045327,-0.04048,18.585,-5.5574,-0.17314,-0.0036111,0.045327,-0.04048
18.752,-3.3988,-0.17535,-0.0023602,0.047698,-0.041733,18.663,-5.557,-0.16986,-0.0023602,0.047698,-0.041733
18.833,-3.3986,-0.16866,-0.00049588,0.050133,-0.043082,18.74,-5.5566,-0.16728,-0.00049588,0.050133,-0.043082
18.913,-3.3989,-0.16328,0.00069711,0.051986,-0.04443,18.817,-5.5568,-0.16499,0.00069711,0.051986,-0.04443
18.994,-3.4002,-0.15945,0.0014997,0.05345,-0.045616,18.895,-5.558,-0.16246,0.0014997,0.05345,-0.045616
19.074,-3.401,-0.15738,0.00085148,0.05464,-0.047346,18.971,-5.5586,-0.15902,0.00085148,0.05464,-0.047346
19.154,-3.4009,-0.1552,0.00092844,0.055531,-0.049149,19.048,-5.5583,-0.15703,0.00092844,0.055531,-0.049149
19.234,-3.4014,-0.15288,0.0015643,0.056175,-0.050535,19.125,-5.5587,-0.15635,0.0015643,0.056175,-0.050535
19.313,-3.4042,-0.15224,0.001369,0.056449,-0.051088,19.203,-5.5614,-0.15533,0.001369,0.056449,-0.051088
19.392,-3.4084,-0.15252,0.0011557,0.056298,-0.05106,19.283,-5.5656,-0.15492,0.0011557,0.056298,-0.05106
19.47,-3.4128,-0.15183,0.0021621,0.055776,-0.050598,19.361,-5.57,-0.15647,0.0021621,0.055776,-0.050598
19.548,-3.4172,-0.15224,0.0029575,0.054799,-0.05029,19.438,-5.5744,-0.15819,0.0029575,0.054799,-0.05029
19.626,-3.4215,-0.15428,0.003157,0.05322,-0.050174,19.517,-5.5787,-0.1609,0.003157,0.05322,-0.050174
19.703,-3.4258,-0.1571,0.0033415,0.051197,-0.050005,19.595,-5.5831,-0.16421,0.0033415,0.051197,-0.050005
19.781,-3.4302,-0.16119,0.003013,0.04886,-0.049954,19.673,-5.5875,-0.16789,0.003013,0.04886,-0.049954
19.858,-3.4342,-0.16606,0.0035763,0.046186,-0.049893,19.751,-5.5915,-0.17354,0.0035763,0.046186,-0.049893
19.936,-3.439,-0.17214,0.0041036,0.043032,-0.04948,19.83,-5.5963,-0.1811,0.0041036,0.043032,-0.04948
20.013,-3.4445,-0.17845,0.0046158,0.039877,-0.048756,19.908,-5.602,-0.18827,0.0046158,0.039877,-0.048756
20.089,-3.4499,-0.1845,0.0052845,0.036537,-0.048136,19.984,-5.6074,-0.19577,0.0052845,0.036537,-0.048136
20.165,-3.4552,-0.1908,0.0057235,0.03324,-0.047631,20.061,-5.6126,-0.20299,0.0057235,0.03324,-0.047631
20.24,-3.4601,-0.19656,0.0067927,0.029689,-0.046991,20.138,-5.6176,-0.21125,0.0067927,0.029689,-0.046991
20.315,-3.465,-0.20242,0.0077633,0.026109,-0.046424,20.215,-5.6226,-0.21912,0.0077633,0.026109,-0.046424
20.391,-3.4699,-0.20823,0.0083623,0.022795,-0.046036,20.29,-5.6274,-0.22615,0.0083623,0.022795,-0.046036
20.466,-3.4747,-0.2152,0.007666,0.019609,-0.045698,20.367,-5.6324,-0.2317,0.007666,0.019609,-0.045698
20.541,-3.4789,-0.22056,0.0082845,0.016535,-0.045278,20.443,-5.6366,-0.23833,0.0082845,0.016535,-0.045278
20.617,-3.4838,-0.22737,0.0079288,0.013325,-0.044842,20.519,-5.6415,-0.24438,0.0079288,0.013325,-0.044842
20.693,-3.488,-0.23364,0.0077725,0.010225,-0.044389,20.596,-5.6457,-0.25022,0.0077725,0.010225,-0.044389
20.768,-3.4912,-0.23829,0.0080303,0.0074107,-0.044237,20.672,-5.649,-0.25602,0.0080303,0.0074107,-0.044237
20.844,-3.4939,-0.24405,0.0067448,0.0050941,-0.044663,20.748,-5.6517,-0.25841,0.0067448,0.0050941,-0.044663
20.92,-3.4959,-0.24842,0.0062862,0.0029518,-0.04506,20.822,-5.6536,-0.26179,0.0062862,0.0029518,-0.04506
20.995,-3.499,-0.25153,0.0070335,0.00080012,-0.044733,20.898,-5.6568,-0.26661,0.0070335,0.00080012,-0.044733
21.07,-3.5031,-0.25605,0.0062606,-0.0012418,-0.044374,20.975,-5.661,-0.27017,0.0062606,-0.0012418,-0.044374
21.146,-3.5081,-0.25988,0.006097,-0.0031138,-0.043597,21.052,-5.666,-0.27286,0.006097,-0.0031138,-0.043597
21.222,-3.5124,-0.26316,0.0060664,-0.005052,-0.043056,21.129,-5.6704,-0.27637,0.0060664,-0.005052,-0.043056
21.298,-3.5165,-0.26607,0.0058647,-0.006682,-0.042675,21.206,-5.6745,-0.2787,0.0058647,-0.006682,-0.042675
21.374,-3.5206,-0.26723,0.0067173,-0.0082221,-0.041985,21.284,-5.6787,-0.28185,0.0067173,-0.0082221,-0.041985
21.451,-3.5252,-0.2683,0.0070204,-0.0093819,-0.041499,21.361,-5.6833,-0.2837,0.0070204,-0.0093819,-0.041499
21.528,-3.5282,-0.26888,0.007409,-0.010102,-0.04161,21.437,-5.6862,-0.28444,0.007409,-0.010102,-0.04161
21.605,-3.531,-0.26796,0.0080209,-0.010516,-0.041794,21.515,-5.6891,-0.28555,0.0080209,-0.010516,-0.041794
21.683,-3.5339,-0.26787,0.008162,-0.010895,-0.042087,21.591,-5.6919,-0.28561,0.008162,-0.010895,-0.042087
21.76,-3.5362,-0.26805,0.0083791,-0.011308,-0.042442,21.668,-5.6942,-0.28593,0.0083791,-0.011308,-0.042442
21.837,-3.5391,-0.26679,0.0091498,-0.011507,-0.042542,21.746,-5.6971,-0.28687,0.0091498,-0.011507,-0.042542
21.915,-3.5441,-0.26643,0.0081943,-0.011241,-0.04211,21.824,-5.7021,-0.2848,0.0081943,-0.011241,-0.04211
21.993,-3.5482,-0.26615,0.0075188,-0.010758,-0.041819,21.904,-5.7063,-0.28216,0.0075188,-0.010758,-0.041819
22.072,-3.5515,-0.26457,0.006809,-0.0099014,-0.041851,21.981,-5.7096,-0.27942,0.006809,-0.0099014,-0.041851
22.15,-3.5537,-0.26232,0.0064255,-0.0084634,-0.042155,22.059,-5.7117,-0.27585,0.0064255,-0.0084634,-0.042155
22.228,-3.5558,-0.25805,0.0068112,-0.0068989,-0.042344,22.137,-5.7138,-0.27264,0.0068112,-0.0068989,-0.042344
22.307,-3.5583,-0.25382,0.0067527,-0.0050411,-0.042455,22.215,-5.7163,-0.26828,0.0067527,-0.0050411,-0.042455
22.385,-3.5614,-0.24998,0.0059176,-0.0031484,-0.042422,22.293,-5.7194,-0.26266,0.0059176,-0.0031484,-0.042422
22.464,-3.5641,-0.24593,0.0052493,-0.0012384,-0.042488,22.373,-5.7221,-0.25747,0.0052493,-0.0012384,-0.042488
22.544,-3.5678,-0.24392,0.0038407,0.00048989,-0.042384,22.453,-5.7258,-0.25209,0.0038407,0.00048989,-0.042384
22.624,-3.5707,-0.24123,0.0032425,0.0022061,-0.042357,22.532,-5.7287,-0.2481,0.0032425,0.0022061,-0.042357
22.704,-3.574,-0.23798,0.0032681,0.0038677,-0.042114,22.613,-5.732,-0.24517,0.0032681,0.0038677,-0.042114
22.784,-3.5775,-0.23577,0.0028758,0.0054435,-0.042005,22.694,-5.7356,-0.2421,0.0028758,0.0054435,-0.042005
22.865,-3.5801,-0.23382,0.0029098,0.0068445,-0.042186,22.773,-5.7382,-0.24011,0.0029098,0.0068445,-0.042186
22.946,-3.5833,-0.23303,0.0019471,0.0079993,-0.042435,22.855,-5.7414,-0.23738,0.0019471,0.0079993,-0.042435
23.027,-3.5859,-0.23138,0.0024136,0.0090298,-0.0425,22.935,-5.7439,-0.23633,0.0024136,0.0090298,-0.0425
23.108,-3.5887,-0.22925,0.0027581,0.010254,-0.042562,23.016,-5.7467,-0.23568,0.0027581,0.010254,-0.042562
23.188,-3.5926,-0.2299,0.0014662,0.011592,-0.042496,23.097,-5.7506,-0.233,0.0014662,0.011592,-0.042496
23.269,-3.5961,-0.22936,0.00091684,0.012818,-0.042367,23.178,-5.7541,-0.23139,0.00091684,0.012818,-0.042367
23.35,-3.5993,-0.22912,0.00026505,0.013947,-0.042364,23.26,-5.7574,-0.22986,0.00026505,0.013947,-0.042364
23.432,-3.6034,-0.22887,-1.3482e-05,0.014919,-0.04199,23.342,-5.7615,-0.22897,-1.3482e-05,0.014919,-0.04199
23.514,-3.6069,-0.22852,-0.00049556,0.015917,-0.041907,23.423,-5.765,-0.22802,-0.00049556,0.015917,-0.041907
23.595,-3.6108,-0.22907,-0.0017695,0.017015,-0.042003,23.504,-5.7689,-0.22517,-0.0017695,0.017015,-0.042003
23.675,-3.613,-0.22765,-0.0017493,0.017981,-0.042367,23.584,-5.7711,-0.22382,-0.0017493,0.017981,-0.042367
23.756,-3.6154,-0.2257,-0.0013161,0.01899,-0.042612,23.664,-5.7735,-0.22281,-0.0013161,0.01899,-0.042612
23.836,-3.6189,-0.22464,-0.0015525,0.019871,-0.042562,23.745,-5.777,-0.22136,-0.0015525,0.019871,-0.042562
23.916,-3.6235,-0.22293,-0.0012652,0.020672,-0.042001,23.826,-5.7816,-0.22035,-0.0012652,0.020672,-0.042001
23.997,-3.6277,-0.22162,-0.0013051,0.021406,-0.041684,23.907,-5.7858,-0.21874,-0.0013051,0.021406,-0.041684
24.077,-3.6316,-0.22062,-0.0016953,0.022097,-0.041526,23.987,-5.7897,-0.21682,-0.0016953,0.022097,-0.041526
24.157,-3.6343,-0.21888,-0.0016103,0.022831,-0.041757,24.066,-5.7924,-0.21551,-0.0016103,0.022831,-0.041757
24.236,-3.6362,-0.21638,-0.0010293,0.023702,-0.04232,24.144,-5.7943,-0.21407,-0.0010293,0.023702,-0.04232
24.314,-3.6385,-0.21341,-0.00072612,0.024654,-0.042835,24.222,-5.7965,-0.21193,-0.00072612,0.024654,-0.042835
24.393,-3.642,-0.21103,-0.000406,0.025462,-0.042755,24.301,-5.8001,-0.21026,-0.000406,0.025462,-0.042755
24.472,-3.6467,-0.21039,-0.0010377,0.025954,-0.042341,24.38,-5.8048,-0.20826,-0.0010377,0.025954,-0.042341
24.55,-3.6517,-0.21016,-0.0012719,0.026273,-0.041698,24.461,-5.8099,-0.20725,-0.0012719,0.026273,-0.041698
24.629,-3.6551,-0.20883,-0.00068649,0.026585,-0.041536,24.539,-5.8133,-0.20722,-0.00068649,0.026585,-0.041536
24.707,-3.6577,-0.20707,0.00048738,0.026766,-0.041705,24.617,-5.8159,-0.20818,0.00048738,0.026766,-0.041705
24.784,-3.6618,-0.20559,0.0016352,0.026711,-0.041468,24.695,-5.8199,-0.20897,0.0016352,0.026711,-0.041468
24.862,-3.6664,-0.20483,0.0023128,0.026423,-0.040918,24.774,-5.8246,-0.21007,0.0023128,0.026423,-0.040918
24.94,-3.6716,-0.2046,0.0027141,0.026076,-0.040214,24.853,-5.8299,-0.21033,0.0027141,0.026076,-0.040214
25.017,-3.6764,-0.20451,0.0031723,0.025602,-0.039674,24.932,-5.8347,-0.21138,0.0031723,0.025602,-0.039674
25.096,-3.6803,-0.20495,0.0033726,0.025057,-0.039446,25.01,-5.8386,-0.21217,0.0033726,0.025057,-0.039446
25.174,-3.6841,-0.20697,0.002013,0.024534,-0.039421,25.088,-5.8424,-0.21158,0.002013,0.024534,-0.039421
25.25,-3.6875,-0.20846,0.0012394,0.024211,-0.03933,25.166,-5.8458,-0.21113,0.0012394,0.024211,-0.03933
25.327,-3.6917,-0.2095,0.00049524,0.024056,-0.03879,25.243,-5.85,-0.21062,0.00049524,0.024056,-0.03879
25.403,-3.6953,-0.20947,0.00071375,0.023869,-0.038158,25.32,-5.8538,-0.21104,0.00071375,0.023869,-0.038158
25.478,-3.6996,-0.20875,0.0015333,0.023433,-0.037232,25.398,-5.8581,-0.21214,0.0015333,0.023433,-0.037232
25.554,-3.7044,-0.20891,0.0020565,0.02276,-0.036277,25.476,-5.863,-0.21328,0.0020565,0.02276,-0.036277
25.63,-3.7082,-0.20912,0.0028426,0.022025,-0.035759,25.553,-5.8668,-0.21504,0.0028426,0.022025,-0.035759
25.707,-3.7117,-0.20925,0.0035649,0.021324,-0.035429,25.63,-5.8703,-0.21699,0.0035649,0.021324,-0.035429
25.782,-3.7161,-0.21244,0.002328,0.020346,-0.035094,25.706,-5.8747,-0.21708,0.002328,0.020346,-0.035094
25.857,-3.7209,-0.21546,0.0014687,0.019145,-0.034232,25.784,-5.8796,-0.21892,0.0014687,0.019145,-0.034232
25.933,-3.7258,-0.2196,0.00080749,0.017847,-0.033298,25.862,-5.8846,-0.22098,0.00080749,0.017847,-0.033298
26.011,-3.7304,-0.22253,0.00082335,0.016432,-0.032319,25.94,-5.8893,-0.22451,0.00082335,0.016432,-0.032319
26.086,-3.7345,-0.22605,0.00051312,0.015077,-0.031652,26.017,-5.8934,-0.2268,0.00051312,0.015077,-0.031652
26.162,-3.7388,-0.22745,0.00066907,0.013969,-0.030583,26.096,-5.8978,-0.2296,0.00066907,0.013969,-0.030583
26.236,-3.7445,-0.23073,-0.00010161,0.012695,-0.029196,26.173,-5.9036,-0.23047,-0.00010161,0.012695,-0.029196
26.312,-3.7497,-0.23283,-0.00027462,0.011503,-0.027694,26.251,-5.9088,-0.23229,-0.00027462,0.011503,-0.027694
26.387,-3.7542,-0.2345,4.8312e-06,0.010427,-0.026458,26.33,-5.9135,-0.23446,4.8312e-06,0.010427,-0.026458
26.463,-3.7586,-0.23482,0.0011155,0.0095331,-0.025037,26.409,-5.9179,-0.23733,0.0011155,0.0095331,-0.025037
26.538,-3.7634,-0.23588,0.0014264,0.0088647,-0.023668,26.487,-5.9228,-0.2391,0.0014264,0.0088647,-0.023668
26.614,-3.7682,-0.23774,0.001091,0.0083448,-0.02239,26.565,-5.9277,-0.23991,0.001091,0.0083448,-0.02239
26.689,-3.7727,-0.23913,0.00056051,0.0080586,-0.021284,26.643,-5.9322,-0.24029,0.00056051,0.0080586,-0.021284
26.765,-3.7762,-0.23826,0.0011045,0.0081837,-0.020231,26.72,-5.9357,-0.24066,0.0011045,0.0081837,-0.020231
26.839,-3.7794,-0.2371,0.0011391,0.0085058,-0.019458,26.798,-5.939,-0.23959,0.0011391,0.0085058,-0.019458
26.916,-3.7817,-0.23455,0.002087,0.0090081,-0.018817,26.874,-5.9413,-0.23867,0.002087,0.0090081,-0.018817
26.991,-3.7839,-0.2322,0.0029732,0.0093891,-0.018404,26.951,-5.9435,-0.23878,0.0029732,0.0093891,-0.018404
27.068,-3.7862,-0.23026,0.0039634,0.0098113,-0.018039,27.028,-5.9458,-0.23875,0.0039634,0.0098113,-0.018039
27.143,-3.7895,-0.22978,0.0038246,0.010225,-0.017418,27.105,-5.9491,-0.23824,0.0038246,0.010225,-0.017418
27.219,-3.7946,-0.23122,0.0026802,0.01043,-0.015929,27.185,-5.9543,-0.23711,0.0026802,0.01043,-0.015929
27.296,-3.7992,-0.23241,0.0015759,0.010739,-0.014553,27.264,-5.959,-0.23607,0.0015759,0.010739,-0.014553
27.372,-3.8018,-0.23214,0.0016268,0.011195,-0.013681,27.342,-5.9616,-0.23584,0.0016268,0.011195,-0.013681
27.449,-3.8032,-0.23081,0.0016506,0.012088,-0.013402,27.42,-5.963,-0.2343,0.0016506,0.012088,-0.013402
27.526,-3.8049,-0.22705,0.0031798,0.013231,-0.012601,27.498,-5.9647,-0.23386,0.0031798,0.013231,-0.012601
27.601,-3.8083,-0.22216,0.0049105,0.014763,-0.011071,27.576,-5.9681,-0.23247,0.0049105,0.014763,-0.011071
27.675,-3.8126,-0.21789,0.0049607,0.016623,-0.0095421,27.654,-5.9725,-0.22924,0.0049607,0.016623,-0.0095421
27.75,-3.8171,-0.21621,0.003603,0.018406,-0.0080602,27.733,-5.977,-0.2241,0.003603,0.018406,-0.0080602
27.827,-3.8212,-0.21517,0.0019891,0.020029,-0.0067252,27.812,-5.9811,-0.21937,0.0019891,0.020029,-0.0067252
27.903,-3.824,-0.21271,0.0017593,0.021378,-0.0054689,27.891,-5.984,-0.21618,0.0017593,0.021378,-0.0054689
27.981,-3.8261,-0.21039,0.0017448,0.022587,-0.0045487,27.971,-5.9861,-0.21457,0.0017448,0.022587,-0.0045487
28.058,-3.828,-0.20883,0.0013566,0.023814,-0.0039483,28.05,-5.988,-0.21199,0.0013566,0.023814,-0.0039483
28.136,-3.8299,-0.21037,-0.00071702,0.024547,-0.0035094,28.129,-5.9899,-0.20893,-0.00071702,0.024547,-0.0035094
28.213,-3.8317,-0.21077,-0.0014642,0.025241,-0.0026875,28.208,-5.9917,-0.20731,-0.0014642,0.025241,-0.0026875
28.291,-3.8324,-0.21115,-0.0021233,0.025578,-0.0022487,28.286,-5.9924,-0.20686,-0.0021233,0.025578,-0.0022487
28.369,-3.833,-0.21098,-0.0017377,0.025829,-0.001721,28.365,-5.993,-0.20714,-0.0017377,0.025829,-0.001721
28.448,-3.8341,-0.21117,-0.0016892,0.025801,-0.0012506,28.446,-5.9941,-0.208,-0.0016892,0.025801,-0.0012506
28.527,-3.8346,-0.21205,-0.0016865,0.025597,-0.0010281,28.524,-5.9946,-0.2084,-0.0016865,0.025597,-0.0010281
28.606,-3.8337,-0.21345,-0.0024262,0.025353,-0.0014973,28.602,-5.9936,-0.20799,-0.0024262,0.025353,-0.0014973
28.685,-3.8324,-0.21347,-0.0023017,0.025123,-0.0018797,28.681,-5.9924,-0.20861,-0.0023017,0.025123,-0.0018797
28.763,-3.8329,-0.21438,-0.0029304,0.024858,-0.0016214,28.76,-5.9928,-0.20807,-0.0029304,0.024858,-0.0016214
28.84,-3.8337,-0.21541,-0.003675,0.024632,-0.0012854,28.838,-5.9937,-0.20752,-0.003675,0.024632,-0.0012854
28.918,-3.8339,-0.21608,-0.0040017,0.024411,-0.0011829,28.916,-5.9938,-0.20739,-0.0040017,0.024411,-0.0011829
28.996,-3.8343,-0.21716,-0.0044889,0.023952,-0.0011816,28.994,-5.9943,-0.20773,-0.0044889,0.023952,-0.0011816
29.075,-3.8346,-0.21895,-0.0050545,0.023327,-0.0011509,29.073,-5.9946,-0.20805,-0.0050545,0.023327,-0.0011509
29.153,-3.8358,-0.2216,-0.0066185,0.022645,-0.0007735,29.152,-5.9957,-0.20771,-0.0066185,0.022645,-0.0007735
29.23,-3.8365,-0.2231,-0.0064773,0.022071,-0.00016236,29.229,-5.9965,-0.20861,-0.0064773,0.022071,-0.00016236
29.307,-3.8356,-0.22287,-0.0050366,0.021238,-0.00022698,29.306,-5.9955,-0.2118,-0.0050366,0.021238,-0.00022698
29.385,-3.8341,-0.22472,-0.0047922,0.020199,-0.00085943,29.383,-5.9941,-0.21459,-0.0047922,0.020199,-0.00085943
29.463,-3.8334,-0.22769,-0.0051353,0.019104,-0.0014038,29.46,-5.9934,-0.21674,-0.0051353,0.019104,-0.0014038
29.54,-3.8326,-0.22994,-0.0054566,0.018226,-0.0017725,29.538,-5.9926,-0.21835,-0.0054566,0.018226,-0.0017725
29.618,-3.8321,-0.2312,-0.0052124,0.017415,-0.0019192,29.614,-5.992,-0.21988,-0.0052124,0.017415,-0.0019192
29.694,-3.8321,-0.23263,-0.0057975,0.016956,-0.0020086,29.69,-5.992,-0.22011,-0.0057975,0.016956,-0.0020086
29.77,-3.8318,-0.23455,-0.0070995,0.016711,-0.0022733,29.766,-5.9917,-0.21897,-0.0070995,0.016711,-0.0022733
29.846,-3.8305,-0.2355,-0.0080731,0.016612,-0.002694,29.84,-5.9905,-0.21848,-0.0080731,0.016612,-0.002694
29.923,-3.8286,-0.2356,-0.0082386,0.016732,-0.0033859,29.915,-5.9885,-0.21744,-0.0082386,0.016732,-0.0033859
29.999,-3.8254,-0.23454,-0.0078238,0.016609,-0.0045521,29.99,-5.9853,-0.21809,-0.0078238,0.016609,-0.0045521
30.077,-3.8235,-0.23473,-0.0073078,0.016473,-0.0054116,30.066,-5.9834,-0.21863,-0.0073078,0.016473,-0.0054116
30.154,-3.8218,-0.2349,-0.0067935,0.016223,-0.0062553,30.141,-5.9817,-0.22048,-0.0067935,0.016223,-0.0062553
30.233,-3.8189,-0.23523,-0.0056979,0.015906,-0.0076697,30.217,-5.9788,-0.223,-0.0056979,0.015906,-0.0076697
30.311,-3.8149,-0.23531,-0.0042975,0.015607,-0.0097421,30.29,-5.9748,-0.22626,-0.0042975,0.015607,-0.0097421
30.389,-3.8115,-0.23555,-0.0033018,0.015566,-0.01186,30.364,-5.9713,-0.22849,-0.0033018,0.015566,-0.01186
30.467,-3.809,-0.23667,-0.0030237,0.015396,-0.013654,30.438,-5.9688,-0.23022,-0.0030237,0.015396,-0.013654
30.545,-3.8076,-0.23726,-0.0023189,0.015334,-0.014905,30.513,-5.9674,-0.23197,-0.0023189,0.015334,-0.014905
30.623,-3.8066,-0.23847,-0.0022179,0.015269,-0.015978,30.588,-5.9663,-0.23357,-0.0022179,0.015269,-0.015978
30.701,-3.8062,-0.2395,-0.002308,0.015337,-0.016819,30.664,-5.9658,-0.23431,-0.002308,0.015337,-0.016819
30.778,-3.8054,-0.2394,-0.0014967,0.015391,-0.017601,30.74,-5.9651,-0.23616,-0.0014967,0.015391,-0.017601
30.856,-3.8053,-0.23895,-0.00060026,0.015406,-0.018314,30.816,-5.9649,-0.23741,-0.00060026,0.015406,-0.018314
30.932,-3.8066,-0.23772,0.00039596,0.015461,-0.018517,30.893,-5.9662,-0.23848,0.00039596,0.015461,-0.018517
31.01,-3.8072,-0.23552,0.0016453,0.015582,-0.018847,30.97,-5.9669,-0.23933,0.0016453,0.015582,-0.018847
31.089,-3.8088,-0.23438,0.0019369,0.015795,-0.019086,31.047,-5.9684,-0.23844,0.0019369,0.015795,-0.019086
31.166,-3.8104,-0.23334,0.0013579,0.016156,-0.019239,31.125,-5.97,-0.23675,0.0013579,0.016156,-0.019239
31.244,-3.8117,-0.23324,0.00075281,0.016337,-0.019456,31.202,-5.9712,-0.23456,0.00075281,0.016337,-0.019456
31.323,-3.8118,-0.23229,0.00041376,0.016451,-0.019997,31.279,-5.9714,-0.23311,0.00041376,0.016451,-0.019997
31.401,-3.8112,-0.23011,0.001204,0.016601,-0.020713,31.357,-5.9708,-0.23264,0.001204,0.016601,-0.020713
31.48,-3.812,-0.22812,0.0018264,0.01662,-0.021046,31.435,-5.9716,-0.2322,0.0018264,0.01662,-0.021046
31.558,-3.8145,-0.22728,0.0017557,0.016413,-0.020807,31.515,-5.974,-0.23124,0.0017557,0.016413,-0.020807
31.637,-3.8174,-0.22661,0.0015745,0.016193,-0.020272,31.594,-5.977,-0.23003,0.0015745,0.016193,-0.020272
31.716,-3.8202,-0.22649,0.00098726,0.016225,-0.01988,31.673,-5.9797,-0.22852,0.00098726,0.016225,-0.01988
31.795,-3.8218,-0.22695,-0.00010937,0.016439,-0.020019,31.751,-5.9813,-0.22689,-0.00010937,0.016439,-0.020019
31.873,-3.8226,-0.22775,-0.0018787,0.016613,-0.020517,31.829,-5.9821,-0.224,-0.0018787,0.016613,-0.020517
31.952,-3.8228,-0.22867,-0.0031061,0.01683,-0.021005,31.907,-5.9823,-0.22165,-0.0031061,0.01683,-0.021005
32.03,-3.8235,-0.22782,-0.0031096,0.017175,-0.021045,31.985,-5.983,-0.22058,-0.0031096,0.017175,-0.021045
32.108,-3.8255,-0.22563,-0.0024054,0.017641,-0.020537,32.064,-5.985,-0.22025,-0.0024054,0.017641,-0.020537
32.186,-3.829,-0.22479,-0.0022253,0.017674,-0.01957,32.144,-5.9886,-0.2203,-0.0022253,0.017674,-0.01957
32.265,-3.8322,-0.22477,-0.0016098,0.017509,-0.018673,32.224,-5.9918,-0.22083,-0.0016098,0.017509,-0.018673
32.343,-3.8342,-0.22443,-0.0011938,0.017386,-0.018358,32.303,-5.9938,-0.22228,-0.0011938,0.017386,-0.018358
32.421,-3.8354,-0.22654,-0.0019566,0.017433,-0.018679,32.38,-5.995,-0.22208,-0.0019566,0.017433,-0.018679
32.5,-3.8353,-0.22866,-0.0025674,0.017481,-0.01935,32.458,-5.9949,-0.22316,-0.0025674,0.017481,-0.01935
32.578,-3.8358,-0.23087,-0.002679,0.017497,-0.019588,32.537,-5.9954,-0.22485,-0.002679,0.017497,-0.019588
32.657,-3.8381,-0.23287,-0.0023992,0.017406,-0.019108,32.615,-5.9977,-0.22748,-0.0023992,0.017406,-0.019108
32.735,-3.841,-0.23466,-0.0020622,0.017319,-0.018394,32.695,-6.0006,-0.23026,-0.0020622,0.017319,-0.018394
32.812,-3.8445,-0.23568,-0.0013897,0.017023,-0.017337,32.775,-6.0042,-0.23316,-0.0013897,0.017023,-0.017337
32.89,-3.8478,-0.23856,-0.0020922,0.016619,-0.016811,32.854,-6.0075,-0.23421,-0.0020922,0.016619,-0.016811
32.969,-3.8492,-0.24094,-0.00213,0.016098,-0.016659,32.933,-6.0089,-0.23627,-0.00213,0.016098,-0.016659
33.047,-3.8506,-0.24354,-0.0019434,0.015308,-0.016431,33.012,-6.0103,-0.2393,-0.0019434,0.015308,-0.016431
33.127,-3.8521,-0.24696,-0.0019313,0.01429,-0.016257,33.091,-6.0118,-0.24268,-0.0019313,0.01429,-0.016257
33.206,-3.8539,-0.25074,-0.0019984,0.013181,-0.015963,33.172,-6.0136,-0.24639,-0.0019984,0.013181,-0.015963
33.285,-3.8555,-0.25393,-0.0016078,0.012195,-0.015563,33.252,-6.0153,-0.25039,-0.0016078,0.012195,-0.015563
33.364,-3.8574,-0.25609,-0.00089065,0.011206,-0.015187,33.332,-6.0171,-0.25462,-0.00089065,0.011206,-0.015187
33.442,-3.8596,-0.2575,-0.00033667,0.010506,-0.014645,33.412,-6.0194,-0.25669,-0.00033667,0.010506,-0.014645
33.521,-3.8617,-0.25816,-0.00050798,0.0101,-0.014326,33.49,-6.0215,-0.25716,-0.00050798,0.0101,-0.014326
33.598,-3.8632,-0.25836,-0.0010226,0.009902,-0.014237,33.567,-6.023,-0.25612,-0.0010226,0.009902,-0.014237
33.677,-3.8638,-0.25851,-0.0020682,0.0098278,-0.014504,33.645,-6.0236,-0.25402,-0.0020682,0.0098278,-0.014504
33.757,-3.863,-0.25752,-0.0019301,0.0096976,-0.015149,33.723,-6.0228,-0.25355,-0.0019301,0.0096976,-0.015149
33.837,-3.863,-0.25764,-0.0027296,0.0095714,-0.015667,33.802,-6.0227,-0.25163,-0.0027296,0.0095714,-0.015667
33.915,-3.8638,-0.25727,-0.0032155,0.0092978,-0.015858,33.882,-6.0235,-0.25046,-0.0032155,0.0092978,-0.015858
33.993,-3.8656,-0.2575,-0.0043805,0.0093023,-0.015652,33.96,-6.0253,-0.24788,-0.0043805,0.0093023,-0.015652
34.07,-3.8672,-0.25625,-0.0052419,0.0095944,-0.015261,34.038,-6.0269,-0.245,-0.0052419,0.0095944,-0.015261
34.148,-3.8688,-0.25439,-0.0060299,0.010035,-0.014833,34.116,-6.0286,-0.24125,-0.0060299,0.010035,-0.014833
34.226,-3.8702,-0.2523,-0.0070475,0.010541,-0.01464,34.194,-6.0299,-0.23759,-0.0070475,0.010541,-0.01464
34.303,-3.8704,-0.24994,-0.0077545,0.011338,-0.014851,34.272,-6.0301,-0.23302,-0.0077545,0.011338,-0.014851
34.382,-3.8702,-0.24613,-0.0074384,0.012218,-0.015139,34.35,-6.0299,-0.23007,-0.0074384,0.012218,-0.015139
34.461,-3.8702,-0.24369,-0.0069271,0.012698,-0.01543,34.428,-6.0299,-0.22854,-0.0069271,0.012698,-0.01543
