-0.0016797,1.08,5.4233e-05,0,-0.00055936,0,-0.0016797,-1.08,5.4233e-05,0,-0.00055936,0
-0.0036178,1.08,-0.0031851,0.0001464,-0.0002496,4.5024e-06,-0.0036103,-1.08,-0.0034487,0.0001464,-0.00024931,4.5024e-06
-0.003995,1.08,-0.0096331,-0.00035711,-0.00023585,0.00012388,-0.0038017,-1.08,-0.0089284,-0.00035711,-0.00022111,0.00012388
-0.002655,1.0803,-0.018291,-0.00085063,-0.00014847,0.00033309,-0.001978,-1.0797,-0.016257,-0.00085063,-2.014e-05,0.00033309
-0.0010919,1.0811,-0.029065,-0.00046904,-0.00024682,0.00054388,6.087e-05,-1.0789,-0.02801,-0.00046904,3.7101e-05,0.00054388
-0.00040951,1.0816,-0.042315,-0.00010679,-0.00085976,0.00073735,0.0011768,-1.0784,-0.0422,-0.00010679,-0.00039316,0.00073735
0.00018072,1.0819,-0.057736,-1.9887e-05,-0.001562,0.001011,0.0023565,-1.0781,-0.057769,-1.9887e-05,-0.00089841,0.001011
0.00088663,1.0823,-0.073671,0.00022469,-0.0019888,0.0012696,0.0035796,-1.0777,-0.074001,0.00022469,-0.0012103,0.0012696
0.002199,1.0821,-0.090017,-0.00017884,-0.0024065,0.0013659,0.0051244,-1.0779,-0.089532,-0.00017884,-0.0014854,0.0013659
0.0041494,1.0824,-0.10527,-0.00034517,-0.0028908,0.001445,0.0072399,-1.0776,-0.10459,-0.00034517,-0.0016792,0.001445
0.0068726,1.0829,-0.11923,-0.00022749,-0.0032652,0.00158,0.010364,-1.0771,-0.11874,-0.00022749,-0.0018463,0.00158
0.010699,1.0828,-0.13236,-0.00073484,-0.0035538,0.0016418,0.014279,-1.0772,-0.13063,-0.00073484,-0.0021541,0.0016418
0.014686,1.083,-0.14305,-0.00016904,-0.003828,0.0016783,0.018451,-1.077,-0.14271,-0.00016904,-0.0023832,0.0016783
0.019011,1.0828,-0.15323,-0.00016841,-0.0040141,0.001724,0.022847,-1.0772,-0.15297,-0.00016841,-0.0026022,0.001724
0.023774,1.0826,-0.16172,0.00044286,-0.0040067,0.0015951,0.027113,-1.0774,-0.16283,0.00044286,-0.0027748,0.0015951
0.028627,1.0819,-0.16945,0.00067958,-0.0038622,0.0014449,0.031702,-1.0781,-0.17105,0.00067958,-0.0027348,0.0014449
0.033481,1.0821,-0.17645,0.00091192,-0.0035017,0.0015678,0.036791,-1.0779,-0.17869,0.00091192,-0.0026171,0.0015678
0.038539,1.0823,-0.18338,0.00056597,-0.0031175,0.0017286,0.042284,-1.0777,-0.18444,0.00056597,-0.0024308,0.0017286
0.043682,1.0831,-0.18878,0.00074094,-0.0026683,0.0019216,0.047876,-1.0769,-0.19054,0.00074094,-0.0021286,0.0019216
0.048669,1.0832,-0.1942,0.00068124,-0.0022289,0.0020973,0.053172,-1.0768,-0.19567,0.00068124,-0.0017635,0.0020973
0.052887,1.0843,-0.19887,0.00082316,-0.0017105,0.0025088,0.058333,-1.0757,-0.20072,0.00082316,-0.0013217,0.0025088
0.056768,1.0848,-0.20298,0.0012112,-0.0011902,0.0027995,0.062836,-1.0752,-0.2056,0.0012112,-0.00081712,0.0027995
0.060024,1.0848,-0.20705,0.0014813,-0.00062741,0.0029538,0.066373,-1.0752,-0.21025,0.0014813,-0.00027259,0.0029538
0.063114,1.0846,-0.21072,0.0019131,2.862e-05,0.0028877,0.069217,-1.0754,-0.21492,0.0019131,0.00029744,0.0028877
0.065432,1.0846,-0.21455,0.0021106,0.0007361,0.003013,0.071804,-1.0754,-0.21909,0.0021106,0.00093302,0.003013
0.067608,1.0848,-0.21788,0.0024228,0.0014786,0.0031178,0.07413,-1.0752,-0.22316,0.0024228,0.0015744,0.0031178
0.069392,1.0849,-0.22136,0.0024489,0.002193,0.0032042,0.076151,-1.0751,-0.22665,0.0024489,0.0022065,0.0032042
0.071093,1.0848,-0.22453,0.0025904,0.0028499,0.0031851,0.077733,-1.0751,-0.23011,0.0025904,0.0028108,0.0031851
0.072095,1.0851,-0.22766,0.0026443,0.0034204,0.0033922,0.079208,-1.0749,-0.23341,0.0026443,0.0033666,0.0033922
0.072908,1.0855,-0.23044,0.0029547,0.0039377,0.0035607,0.080293,-1.0745,-0.23683,0.0029547,0.003883,0.0035607
0.073182,1.0855,-0.23338,0.0030589,0.0044103,0.0036928,0.080885,-1.0744,-0.23991,0.0030589,0.0043686,0.0036928
0.073297,1.0856,-0.23562,0.0035598,0.0048193,0.0036987,0.080866,-1.0744,-0.24339,0.0035598,0.0047843,0.0036987
0.073189,1.0853,-0.23814,0.0036681,0.0051739,0.0037046,0.080728,-1.0747,-0.24601,0.0036681,0.0050895,0.0037046
0.073021,1.0855,-0.23982,0.0041178,0.0055684,0.0038044,0.080656,-1.0745,-0.24878,0.0041178,0.005411,0.0038044
0.072897,1.0853,-0.24166,0.0042073,0.0059819,0.0038557,0.080657,-1.0746,-0.25068,0.0042073,0.005744,0.0038557
0.072874,1.0855,-0.24284,0.0044427,0.0063005,0.0039027,0.080727,-1.0745,-0.25249,0.0044427,0.0060365,0.0039027
0.072871,1.0855,-0.24402,0.0044213,0.0064966,0.0039866,0.080923,-1.0745,-0.25353,0.0044213,0.0063004,0.0039866
0.072817,1.0858,-0.24462,0.0045086,0.0067056,0.0041197,0.081111,-1.0741,-0.2544,0.0045086,0.0065453,0.0041197
0.072685,1.086,-0.2452,0.0043627,0.0069067,0.0042148,0.081217,-1.074,-0.25459,0.0043627,0.0067981,0.0042148
0.072466,1.0863,-0.24515,0.0043719,0.0071036,0.0043219,0.081216,-1.0737,-0.25462,0.0043719,0.0070543,0.0043219
0.072257,1.0864,-0.24502,0.0041697,0.0072913,0.0043572,0.081125,-1.0736,-0.25396,0.0041697,0.007313,0.0043572
0.072055,1.0866,-0.2442,0.0041017,0.0074907,0.0044233,0.081045,-1.0733,-0.25311,0.0041017,0.0075742,0.0044233
0.071952,1.0867,-0.24329,0.0038119,0.0077284,0.0044247,0.080999,-1.0733,-0.25148,0.0038119,0.0078672,0.0044247
0.071898,1.0869,-0.24169,0.0036549,0.0080089,0.0044331,0.080983,-1.0731,-0.24966,0.0036549,0.0081929,0.0044331
0.071844,1.087,-0.23997,0.0033753,0.0082828,0.0044076,0.080938,-1.073,-0.24721,0.0033753,0.0085405,0.0044076
0.071584,1.0873,-0.23772,0.0031719,0.0085481,0.004476,0.080863,-1.0727,-0.24463,0.0031719,0.008898,0.004476
0.071341,1.0873,-0.23525,0.0029802,0.0088244,0.0044445,0.080603,-1.0726,-0.24167,0.0029802,0.0092792,0.0044445
0.07091,1.0874,-0.23249,0.0027198,0.0091285,0.0044357,0.080172,-1.0726,-0.23844,0.0027198,0.0096856,0.0044357
0.070316,1.0876,-0.22945,0.0026128,0.0094517,0.0044051,0.079557,-1.0724,-0.23508,0.0026128,0.010117,0.0044051
0.069473,1.0877,-0.22626,0.0024284,0.0097869,0.0044668,0.07885,-1.0723,-0.23154,0.0024284,0.010561,0.0044668
0.068508,1.088,-0.22254,0.0026055,0.01014,0.0045681,0.078087,-1.072,-0.22826,0.0026055,0.011013,0.0045681
0.067303,1.088,-0.21895,0.002736,0.010515,0.0046463,0.07704,-1.072,-0.2248,0.002736,0.011475,0.0046463
0.06604,1.0879,-0.21529,0.0028221,0.010906,0.0046611,0.07581,-1.072,-0.22138,0.0028221,0.011937,0.0046611
0.064843,1.0878,-0.21144,0.0030946,0.01129,0.0045901,0.074411,-1.0721,-0.21815,0.0030946,0.012382,0.0045901
0.063459,1.0877,-0.20796,0.0031316,0.011717,0.0045694,0.073,-1.0723,-0.21463,0.0031316,0.012804,0.0045694
0.062034,1.0876,-0.20394,0.0035774,0.012142,0.0045459,0.071478,-1.0724,-0.21181,0.0035774,0.0132,0.0045459
0.060183,1.0875,-0.20071,0.0036575,0.012448,0.0046463,0.069946,-1.0725,-0.20853,0.0036575,0.013585,0.0046463
0.058264,1.0877,-0.19727,0.0039365,0.012707,0.0047392,0.068194,-1.0723,-0.20586,0.0039365,0.013943,0.0047392
0.05621,1.0877,-0.19441,0.0039785,0.012931,0.0047869,0.066267,-1.0722,-0.203,0.0039785,0.014287,0.0047869
0.054043,1.0879,-0.19193,0.0037781,0.013135,0.0048471,0.064217,-1.0721,-0.20013,0.0037781,0.014599,0.0048471
0.051902,1.0881,-0.18943,0.0038093,0.013328,0.004871,0.062119,-1.0719,-0.19769,0.0038093,0.014884,0.004871
0.049869,1.0881,-0.18737,0.0035575,0.013494,0.0048934,0.060162,-1.0719,-0.19507,0.0035575,0.015127,0.0048934
0.048194,1.0882,-0.18507,0.003573,0.013636,0.0048491,0.05835,-1.0718,-0.19287,0.003573,0.015319,0.0048491
0.046618,1.0881,-0.1834,0.0032179,0.013795,0.0047932,0.056674,-1.0719,-0.19037,0.0032179,0.015466,0.0047932
0.045071,1.0883,-0.18128,0.0033809,0.013855,0.0047763,0.055136,-1.0717,-0.18874,0.0033809,0.015577,0.0047763
0.04326,1.0885,-0.1799,0.0032533,0.013814,0.0049675,0.053784,-1.0715,-0.18688,0.0032533,0.01567,0.0049675
0.041648,1.0888,-0.17831,0.0033599,0.013786,0.0050929,0.052425,-1.0712,-0.18567,0.0033599,0.01575,0.0050929
0.040235,1.089,-0.17695,0.0035059,0.013765,0.0052006,0.051267,-1.071,-0.18444,0.0035059,0.01583,0.0052006
0.039182,1.0889,-0.17538,0.003726,0.013758,0.0052561,0.050286,-1.071,-0.18351,0.003726,0.015899,0.0052561
0.038351,1.0889,-0.17433,0.0037496,0.013739,0.0052579,0.049486,-1.0711,-0.18237,0.0037496,0.015966,0.0052579
0.037789,1.0889,-0.17332,0.0037399,0.013683,0.0052597,0.048921,-1.071,-0.18147,0.0037399,0.016013,0.0052597
0.037493,1.089,-0.17251,0.0038612,0.013649,0.0052354,0.048533,-1.0709,-0.1807,0.0038612,0.016048,0.0052354
0.037304,1.0888,-0.17161,0.0039953,0.013691,0.0052677,0.048377,-1.0711,-0.18029,0.0039953,0.016061,0.0052677
0.03735,1.0888,-0.17085,0.004166,0.013723,0.0052854,0.048503,-1.0711,-0.17986,0.004166,0.016081,0.0052854
0.037555,1.0888,-0.17033,0.0042378,0.01372,0.0052832,0.048745,-1.0711,-0.17957,0.0042378,0.01611,0.0052832
0.037703,1.0891,-0.17023,0.0042687,0.013653,0.0054047,0.049147,-1.0709,-0.17935,0.0042687,0.016169,0.0054047
0.037892,1.0892,-0.1702,0.0043313,0.013672,0.0055216,0.049565,-1.0707,-0.17958,0.0043313,0.016246,0.0055216
0.038348,1.0892,-0.17055,0.0042678,0.01377,0.0055205,0.050002,-1.0708,-0.17975,0.0042678,0.016357,0.0055205
0.039127,1.0892,-0.17085,0.0042742,0.013911,0.0055302,0.050775,-1.0707,-0.18014,0.0042742,0.016478,0.0055302
0.040158,1.0893,-0.17123,0.0043702,0.014095,0.0054998,0.051722,-1.0706,-0.18073,0.0043702,0.016609,0.0054998
0.041372,1.0893,-0.17168,0.0045672,0.014326,0.0054643,0.052838,-1.0707,-0.18157,0.0045672,0.016741,0.0054643
0.042648,1.0891,-0.17218,0.0048492,0.01457,0.0054715,0.054137,-1.0708,-0.18264,0.0048492,0.01688,0.0054715
0.043793,1.0891,-0.17314,0.0049342,0.014796,0.0055213,0.055396,-1.0709,-0.18378,0.0049342,0.017044,0.0055213
0.044751,1.0893,-0.1741,0.0052187,0.015031,0.0056073,0.056559,-1.0706,-0.18546,0.0052187,0.017241,0.0056073
0.045647,1.0894,-0.17542,0.0054385,0.015253,0.0056768,0.057587,-1.0706,-0.18714,0.0054385,0.017473,0.0056768
0.046415,1.0894,-0.17713,0.0054225,0.015504,0.0057684,0.058538,-1.0706,-0.18884,0.0054225,0.017731,0.0057684
0.047187,1.0896,-0.1788,0.0055524,0.015788,0.0058239,0.059408,-1.0703,-0.19086,0.0055524,0.018011,0.0058239
0.048083,1.0896,-0.18073,0.0055853,0.016097,0.0058107,0.060247,-1.0704,-0.19275,0.0055853,0.018286,0.0058107
0.049041,1.0895,-0.18265,0.0055427,0.016418,0.0058161,0.061195,-1.0704,-0.19463,0.0055427,0.01855,0.0058161
0.050081,1.0893,-0.18466,0.0054393,0.016745,0.0057484,0.062077,-1.0706,-0.19642,0.0054393,0.018797,0.0057484
0.050893,1.0895,-0.18665,0.0053846,0.01707,0.0057937,0.06299,-1.0704,-0.19837,0.0053846,0.019037,0.0057937
0.05152,1.0897,-0.18905,0.0050946,0.017381,0.0058373,0.063736,-1.0703,-0.20008,0.0050946,0.019282,0.0058373
0.051932,1.0901,-0.19132,0.0049986,0.017681,0.0059582,0.064413,-1.0698,-0.20204,0.0049986,0.01954,0.0059582
0.052331,1.0904,-0.19364,0.0046459,0.017971,0.0060569,0.065062,-1.0695,-0.20366,0.0046459,0.019816,0.0060569
0.052687,1.0907,-0.19578,0.0044538,0.01826,0.0061352,0.065594,-1.0692,-0.20547,0.0044538,0.020104,0.0061352
0.053042,1.091,-0.19812,0.0040911,0.01855,0.0061973,0.066088,-1.0689,-0.20692,0.0040911,0.020398,0.0061973
0.052686,1.0917,-0.19991,0.0041182,0.019354,0.0064245,0.065802,-1.0682,-0.20898,0.0041182,0.021261,0.0064245
0.053062,1.0924,-0.20188,0.0040598,0.021426,0.0066179,0.06702,-1.0676,-0.21066,0.0040598,0.023225,0.0066179
0.053139,1.0924,-0.20423,0.003842,0.024927,0.0066759,0.067076,-1.0675,-0.21255,0.003842,0.026594,0.0066759
0.052802,1.0924,-0.20622,0.0039896,0.029763,0.0066371,0.066892,-1.0675,-0.21491,0.0039896,0.03137,0.0066371
0.052643,1.0927,-0.20827,0.0041825,0.035905,0.006774,0.066812,-1.0673,-0.21709,0.0041825,0.037441,0.006774
0.052561,1.0929,-0.20973,0.004263,0.043382,0.0069608,0.06708,-1.067,-0.21898,0.004263,0.044828,0.0069608
0.052808,1.093,-0.21076,0.0044762,0.052129,0.0070109,0.067379,-1.0669,-0.22052,0.0044762,0.053598,0.0070109
0.053361,1.0928,-0.21137,0.0047931,0.062258,0.0069742,0.067665,-1.0672,-0.22178,0.0047931,0.063617,0.0069742
0.053563,1.0927,-0.21163,0.0051266,0.073687,0.0070523,0.068308,-1.0672,-0.22273,0.0051266,0.074886,0.0070523
0.054231,1.0927,-0.21155,0.0053918,0.086408,0.0071165,0.069128,-1.0672,-0.22324,0.0053918,0.087559,0.0071165
0.055444,1.0926,-0.211,0.0055683,0.10056,0.0071275,0.070195,-1.0673,-0.22306,0.0055683,0.10159,0.0071275
0.056723,1.0928,-0.20995,0.0056804,0.11606,0.007216,0.071765,-1.0672,-0.22228,0.0056804,0.11694,0.007216
0.058712,1.0929,-0.20852,0.0056276,0.13297,0.0072972,0.073714,-1.067,-0.22071,0.0056276,0.13367,0.0072972
0.060837,1.0931,-0.2069,0.0053322,0.15117,0.0072933,0.075951,-1.0669,-0.21841,0.0053322,0.15176,0.0072933
0.063256,1.0933,-0.20484,0.0050449,0.1707,0.0073238,0.078522,-1.0666,-0.21579,0.0050449,0.17117,0.0073238
0.066039,1.0936,-0.20256,0.0047086,0.19166,0.0073921,0.081418,-1.0663,-0.21276,0.0047086,0.19197,0.0073921
0.069148,1.094,-0.19981,0.0044365,0.21403,0.0074742,0.084597,-1.0659,-0.20945,0.0044365,0.21417,0.0074742
0.072378,1.0943,-0.19672,0.004013,0.23766,0.0075952,0.087891,-1.0657,-0.20552,0.004013,0.23768,0.0075952
0.076297,1.095,-0.19345,0.0034494,0.26269,0.007774,0.092469,-1.065,-0.20086,0.0034494,0.26243,0.007774
0.080568,1.0953,-0.18968,0.0029763,0.28914,0.0077995,0.096854,-1.0646,-0.19619,0.0029763,0.28886,0.0077995
0.084984,1.0956,-0.18572,0.0026835,0.31695,0.0078021,0.10129,-1.0644,-0.19158,0.0026835,0.31663,0.0078021
0.089486,1.0957,-0.18161,0.0024908,0.34618,0.0078292,0.10591,-1.0642,-0.18704,0.0024908,0.34573,0.0078292
0.094186,1.0961,-0.17735,0.0024412,0.37683,0.0079166,0.11083,-1.0639,-0.18266,0.0024412,0.37637,0.0079166
0.099344,1.0962,-0.17293,0.0024543,0.40889,0.007925,0.11599,-1.0638,-0.17831,0.0024543,0.4084,0.007925
0.10474,1.0963,-0.16847,0.0026057,0.44235,0.0079548,0.1215,-1.0637,-0.17422,0.0026057,0.44173,0.0079548
0.11034,1.0964,-0.1642,0.0027862,0.47715,0.0079844,0.12724,-1.0635,-0.17015,0.0027862,0.47635,0.0079844
0.11667,1.0962,-0.15963,0.0030638,0.51326,0.0079504,0.13322,-1.0637,-0.16622,0.0030638,0.51247,0.0079504
0.1226,1.0959,-0.15551,0.0031223,0.55088,0.0078323,0.13928,-1.064,-0.16241,0.0031223,0.54998,0.0078323
0.12891,1.0959,-0.15147,0.0033768,0.58989,0.0077574,0.14523,-1.064,-0.15885,0.0033768,0.58884,0.0077574
0.13538,1.0961,-0.14773,0.0035214,0.63018,0.0078426,0.15192,-1.0639,-0.15532,0.0035214,0.62901,0.0078426
0.14227,1.0962,-0.14424,0.0035728,0.67188,0.0078926,0.1589,-1.0638,-0.15204,0.0035728,0.67053,0.0078926
0.14931,1.0962,-0.14149,0.003259,0.71497,0.0078962,0.16598,-1.0637,-0.14881,0.003259,0.71333,0.0078962
0.15681,1.0963,-0.13908,0.0030511,0.75932,0.0078181,0.17332,-1.0636,-0.14572,0.0030511,0.75746,0.0078181
0.16512,1.0964,-0.13634,0.0027642,0.80484,0.0077673,0.18165,-1.0635,-0.14255,0.0027642,0.803,0.0077673
0.17406,1.0966,-0.13391,0.0023402,0.85172,0.0077597,0.1907,-1.0633,-0.13907,0.0023402,0.84986,0.0077597
0.18358,1.0967,-0.13139,0.0020911,0.90018,0.0076635,0.19973,-1.0632,-0.13605,0.0020911,0.89809,0.0076635
0.19326,1.097,-0.12913,0.0017481,0.95018,0.0077169,0.20961,-1.0629,-0.133,0.0017481,0.9477,0.0077169
0.20345,1.0975,-0.12667,0.0015656,1.0014,0.0078316,0.22029,-1.0625,-0.13005,0.0015656,0.99886,0.0078316
0.21426,1.098,-0.12461,0.0012652,1.0544,0.0079964,0.23101,-1.0619,-0.12738,0.0012652,1.0513,0.0079964
0.22552,1.0982,-0.12269,0.0010531,1.1086,0.0080041,0.24253,-1.0617,-0.12482,0.0010531,1.105,0.0080041
0.23697,1.0981,-0.12099,0.0008843,1.1639,0.0078414,0.2537,-1.0619,-0.12293,0.0008843,1.1601,0.0078414
0.24907,1.0983,-0.12019,0.00021461,1.2208,0.007904,0.26586,-1.0616,-0.12056,0.00021461,1.2166,0.007904
0.2618,1.0987,-0.11966,-0.0006371,1.279,0.0079081,0.27868,-1.0612,-0.11873,-0.0006371,1.2746,0.0079081
0.27534,1.0988,-0.11991,-0.0019675,1.3387,0.0078029,0.29209,-1.0612,-0.11579,-0.0019675,1.3342,0.0078029
0.28967,1.0996,-0.11939,-0.002477,1.3993,0.0077005,0.30608,-1.0604,-0.11425,-0.002477,1.3948,0.0077005
0.30444,1.1004,-0.11938,-0.0032635,1.4616,0.0078613,0.32119,-1.0595,-0.11252,-0.0032635,1.4567,0.0078613
0.31954,1.1016,-0.11956,-0.003873,1.5257,0.0081711,0.33675,-1.0583,-0.11122,-0.003873,1.5207,0.0081711
0.33467,1.1031,-0.11916,-0.0038918,1.5912,0.0087434,0.35328,-1.0568,-0.11085,-0.0038918,1.5858,0.0087434
0.35086,1.1037,-0.11855,-0.0035349,1.6579,0.0089201,0.37,-1.0562,-0.11094,-0.0035349,1.6523,0.0089201
0.36782,1.1037,-0.11833,-0.0031735,1.726,0.0089953,0.38716,-1.0562,-0.11148,-0.0031735,1.7205,0.0089953
0.38523,1.1038,-0.11818,-0.00264,1.7957,0.0090224,0.40441,-1.0561,-0.11268,-0.00264,1.7898,0.0090224
0.40376,1.103,-0.11887,-0.0026214,1.8669,0.0087528,0.42229,-1.0569,-0.11309,-0.0026214,1.8606,0.0087528
0.42218,1.1029,-0.11891,-0.0020052,1.9395,0.0086119,0.44086,-1.057,-0.11478,-0.0020052,1.933,0.0086119
0.44144,1.1031,-0.11984,-0.0020385,2.0134,0.0088123,0.46036,-1.0568,-0.11539,-0.0020385,2.0068,0.0088123
0.46063,1.1039,-0.12056,-0.0016293,2.0889,0.0091137,0.48017,-1.056,-0.11709,-0.0016293,2.082,0.0091137
0.48018,1.1043,-0.1219,-0.0012815,2.1657,0.0093305,0.50016,-1.0556,-0.11889,-0.0012815,2.1587,0.0093305
0.50016,1.1046,-0.12242,-0.00045435,2.2442,0.0095192,0.52082,-1.0553,-0.12143,-0.00045435,2.2367,0.0095192
0.52069,1.1047,-0.12289,0.00036206,2.3241,0.0097507,0.54187,-1.0552,-0.12358,0.00036206,2.3158,0.0097507
0.54192,1.1046,-0.12308,0.0010375,2.4055,0.0098548,0.5634,-1.0553,-0.12526,0.0010375,2.397,0.0098548
0.56368,1.1036,-0.1234,0.0012033,2.4886,0.0094949,0.58423,-1.0563,-0.12588,0.0012033,2.4797,0.0094949
0.58506,1.1029,-0.1243,0.0010737,2.573,0.0091101,0.60509,-1.057,-0.12661,0.0010737,2.5637,0.0091101
0.60692,1.1019,-0.12556,0.00045621,2.6587,0.0087583,0.62601,-1.058,-0.12689,0.00045621,2.6491,0.0087583
0.62948,1.1004,-0.12722,-0.00051193,2.7459,0.0080254,0.6468,-1.0595,-0.126,-0.00051193,2.736,0.0080254
0.65136,1.0998,-0.12822,-0.00087746,2.8349,0.0076349,0.66791,-1.0601,-0.1262,-0.00087746,2.8241,0.0076349
0.67336,1.1002,-0.12877,-0.00069132,2.9249,0.0076735,0.69022,-1.0597,-0.12721,-0.00069132,2.9139,0.0076735
0.6956,1.1007,-0.12929,-0.00022636,3.0162,0.0078506,0.7128,-1.0593,-0.12868,-0.00022636,3.0049,0.0078506
0.71782,1.1011,-0.13029,0.0002302,3.1092,0.0081019,0.73548,-1.0588,-0.13072,0.0002302,3.0975,0.0081019
0.73993,1.102,-0.13171,0.0008138,3.2036,0.0085415,0.75825,-1.058,-0.13346,0.0008138,3.1916,0.0085415
0.76172,1.1023,-0.13378,0.0013566,3.2992,0.008748,0.7806,-1.0576,-0.13674,0.0013566,3.287,0.008748
0.784,1.103,-0.13543,0.002006,3.3964,0.0091434,0.80342,-1.057,-0.1402,0.002006,3.3838,0.0091434
0.80593,1.1031,-0.13842,0.0019116,3.4954,0.0094069,0.82609,-1.0568,-0.1424,0.0019116,3.482,0.0094069
0.82815,1.1035,-0.14077,0.0020035,3.5953,0.0096074,0.84892,-1.0564,-0.14505,0.0020035,3.5817,0.0096074
0.85044,1.1046,-0.1433,0.0021688,3.6964,0.010058,0.87179,-1.0553,-0.148,0.0021688,3.6825,0.010058
0.87193,1.1058,-0.1458,0.0024796,3.7991,0.01054,0.89467,-1.0541,-0.15121,0.0024796,3.7851,0.01054
0.89322,1.1064,-0.14921,0.0022696,3.903,0.010936,0.91686,-1.0534,-0.15399,0.0022696,3.8891,0.010936
0.91481,1.1074,-0.15207,0.0023494,4.0081,0.011318,0.93905,-1.0524,-0.15715,0.0023494,3.9941,0.011318
0.93658,1.1079,-0.15476,0.0025307,4.1144,0.011559,0.96136,-1.0519,-0.16016,0.0025307,4.1005,0.011559
0.95936,1.1079,-0.1555,0.0037443,4.2223,0.011433,0.98359,-1.0519,-0.16403,0.0037443,4.2082,0.011433
0.98223,1.1075,-0.15705,0.0040171,4.3316,0.011413,1.0063,-1.0524,-0.16577,0.0040171,4.317,0.011413
1.0059,1.1077,-0.15734,0.0044689,4.4419,0.011382,1.0302,-1.0521,-0.16707,0.0044689,4.4269,0.011382
1.0302,1.1076,-0.15749,0.0047451,4.5537,0.011215,1.0539,-1.0523,-0.16767,0.0047451,4.5386,0.011215
1.0547,1.1074,-0.15708,0.0051647,4.6667,0.011101,1.0785,-1.0524,-0.16817,0.0051647,4.6513,0.011101
1.08,1.1072,-0.15645,0.0053583,4.7805,0.011039,1.104,-1.0526,-0.16773,0.0053583,4.7656,0.011039
1.1072,1.1067,-0.15308,0.0066002,4.8958,0.010752,1.1303,-1.0531,-0.16748,0.0066002,4.881,0.010752
1.1361,1.1053,-0.14968,0.0070084,5.0131,0.01028,1.1578,-1.0546,-0.16464,0.0070084,4.998,0.01028
1.1652,1.1045,-0.1456,0.0074859,5.1321,0.009875,1.1861,-1.0553,-0.1619,0.0074859,5.1166,0.009875
1.1945,1.1046,-0.14058,0.009026,5.2526,0.0096727,1.2144,-1.0552,-0.16011,0.009026,5.2366,0.0096727
1.2238,1.1044,-0.13463,0.010935,5.3746,0.0094979,1.2439,-1.0554,-0.15842,0.010935,5.3577,0.0094979
1.2536,1.1033,-0.13034,0.011681,5.4978,0.00927,1.2735,-1.0565,-0.15549,0.011681,5.4806,0.00927
1.2839,1.1033,-0.12687,0.01186,5.6227,0.0094259,1.3034,-1.0565,-0.15248,0.01186,5.6051,0.0094259
1.3139,1.1041,-0.12387,0.011856,5.7489,0.0097455,1.335,-1.0556,-0.14964,0.011856,5.7308,0.0097455
1.3456,1.1045,-0.12138,0.011929,5.8766,0.0097573,1.3664,-1.0552,-0.14714,0.011929,5.8581,0.0097573
1.3773,1.1045,-0.12017,0.011098,6.0057,0.0095885,1.3979,-1.0553,-0.14471,0.011098,5.9871,0.0095885
1.4089,1.1038,-0.12073,0.0096847,6.1363,0.0090673,1.4285,-1.056,-0.14162,0.0096847,6.1171,0.0090673
1.4402,1.1042,-0.12107,0.0087653,6.2685,0.0088196,1.4593,-1.0556,-0.14004,0.0087653,6.249,0.0088196
1.4711,1.1053,-0.12267,0.0075064,6.4022,0.008913,1.4908,-1.0546,-0.13873,0.0075064,6.3824,0.008913
1.5025,1.1068,-0.12403,0.0068926,6.5372,0.0090178,1.5221,-1.0531,-0.13901,0.0068926,6.5171,0.0090178
1.5334,1.108,-0.12709,0.0055684,6.6736,0.0092661,1.5534,-1.0519,-0.13916,0.0055684,6.6532,0.0092661
1.5643,1.1095,-0.13067,0.0042056,6.8114,0.0094617,1.5847,-1.0504,-0.13987,0.0042056,6.7905,0.0094617
1.5954,1.1107,-0.13426,0.0026533,6.9504,0.0095725,1.6162,-1.0492,-0.14005,0.0026533,6.9293,0.0095725
1.6268,1.1115,-0.13854,0.00077451,7.0907,0.0095305,1.6473,-1.0484,-0.14027,0.00077451,7.0697,0.0095305
1.6577,1.1126,-0.14274,-0.00059211,7.2322,0.009358,1.6776,-1.0473,-0.14158,-0.00059211,7.211,0.009358
1.6886,1.1141,-0.14573,-0.0010378,7.375,0.0093938,1.7092,-1.0458,-0.14362,-0.0010378,7.3535,0.0093938
1.7201,1.1151,-0.14898,-0.002151,7.5189,0.0095657,1.7414,-1.0448,-0.14429,-0.002151,7.4979,0.0095657
1.7527,1.1161,-0.152,-0.0036128,7.6641,0.0097645,1.7741,-1.0438,-0.14431,-0.0036128,7.6439,0.0097645
1.7858,1.1178,-0.15343,-0.0038461,7.8109,0.0099495,1.8074,-1.0421,-0.14519,-0.0038461,7.7905,0.0099495
1.82,1.1181,-0.15489,-0.0042674,7.9589,0.0098005,1.8412,-1.0418,-0.14578,-0.0042674,7.9381,0.0098005
1.8548,1.1178,-0.15635,-0.0046086,8.1083,0.009393,1.8751,-1.0421,-0.14639,-0.0046086,8.0873,0.009393
1.8897,1.1176,-0.15723,-0.0047183,8.2596,0.0091268,1.9098,-1.0423,-0.14713,-0.0047183,8.2383,0.0091268
1.9258,1.1182,-0.15852,-0.0057178,8.4123,0.009261,1.9449,-1.0417,-0.14627,-0.0057178,8.3905,0.009261
1.9619,1.1198,-0.16038,-0.0078188,8.5664,0.0099451,1.9827,-1.04,-0.14356,-0.0078188,8.5436,0.0099451
1.9986,1.1205,-0.16095,-0.0090664,8.7219,0.0098931,2.0199,-1.0393,-0.14149,-0.0090664,8.699,0.0098931
2.0362,1.121,-0.16008,-0.0093437,8.8786,0.0096337,2.0578,-1.0388,-0.14006,-0.0093437,8.8564,0.0096337
2.0738,1.1222,-0.15883,-0.0091813,9.0367,0.0097879,2.0949,-1.0377,-0.13909,-0.0091813,9.0156,0.0097879
2.1116,1.1236,-0.15725,-0.008432,9.1965,0.010287,2.134,-1.0362,-0.13909,-0.008432,9.1762,0.010287
2.1488,1.1249,-0.15553,-0.0077819,9.3576,0.010941,2.1725,-1.0349,-0.13881,-0.0077819,9.3372,0.010941
2.1872,1.1261,-0.15254,-0.0064875,9.5205,0.011236,2.2119,-1.0337,-0.1385,-0.0064875,9.5,0.011236
2.2257,1.1262,-0.14968,-0.0050374,9.6847,0.011188,2.2497,-1.0337,-0.13874,-0.0050374,9.6643,0.011188
2.264,1.1253,-0.14769,-0.003775,9.8507,0.010778,2.2873,-1.0346,-0.13944,-0.003775,9.8299,0.010778
2.3024,1.1243,-0.14696,-0.003657,10.018,0.010493,2.3251,-1.0356,-0.13919,-0.003657,9.997,0.010493
2.3407,1.1249,-0.14598,-0.0031159,10.186,0.010567,2.3636,-1.035,-0.13895,-0.0031159,10.166,0.010567
2.3785,1.1254,-0.14461,-0.0021498,10.356,0.010682,2.4023,-1.0345,-0.14015,-0.0021498,10.336,0.010682
2.4175,1.1256,-0.14424,-0.0015265,10.527,0.010806,2.4406,-1.0343,-0.14095,-0.0015265,10.507,0.010806
2.4563,1.125,-0.14429,-0.0010856,10.7,0.01058,2.4795,-1.0349,-0.14195,-0.0010856,10.68,0.01058
2.4949,1.1245,-0.14516,-0.001087,10.874,0.010314,2.5175,-1.0354,-0.14272,-0.001087,10.854,0.010314
2.5344,1.1242,-0.14533,-0.00063066,11.049,0.010121,2.5565,-1.0357,-0.14411,-0.00063066,11.029,0.010121
2.5741,1.124,-0.14607,-0.00083175,11.226,0.010043,2.596,-1.0359,-0.1442,-0.00083175,11.206,0.010043
2.614,1.124,-0.14601,-0.0010712,11.404,0.0099473,2.6355,-1.0359,-0.14401,-0.0010712,11.384,0.0099473
2.6542,1.124,-0.14552,-0.001169,11.583,0.0098007,2.6753,-1.0359,-0.14284,-0.001169,11.563,0.0098007
2.6945,1.1241,-0.14447,-0.0015071,11.764,0.009604,2.7151,-1.0358,-0.14125,-0.0015071,11.744,0.009604
2.7354,1.124,-0.14319,-0.0015325,11.946,0.0092862,2.7552,-1.0359,-0.13999,-0.0015325,11.925,0.0092862
2.7774,1.1233,-0.14072,-0.0013704,12.13,0.0087961,2.7965,-1.0366,-0.13793,-0.0013704,12.109,0.0087961
2.8189,1.1228,-0.13848,-0.0013765,12.315,0.0082806,2.8374,-1.0371,-0.13529,-0.0013765,12.294,0.0082806
2.861,1.1232,-0.13534,-0.00074377,12.501,0.0080786,2.8788,-1.0367,-0.13347,-0.00074377,12.481,0.0080786
2.9037,1.1241,-0.13109,0.00027507,12.689,0.0083133,2.9216,-1.0358,-0.13171,0.00027507,12.669,0.0083133
2.9458,1.1249,-0.12782,0.00077775,12.878,0.0087574,2.9641,-1.035,-0.1295,0.00077775,12.858,0.0087574
2.9886,1.1258,-0.12469,0.0010153,13.069,0.0092211,3.0083,-1.0341,-0.12688,0.0010153,13.048,0.0092211
3.0317,1.1265,-0.12179,0.0011333,13.261,0.0093983,3.0522,-1.0334,-0.1241,0.0011333,13.24,0.0093983
3.0755,1.1261,-0.11961,0.00086497,13.454,0.0091258,3.0956,-1.0338,-0.12154,0.00086497,13.433,0.0091258
3.1197,1.1262,-0.11786,0.00059442,13.65,0.0090147,3.1396,-1.0338,-0.11881,0.00059442,13.627,0.0090147
3.1641,1.1266,-0.11614,0.00046484,13.846,0.0090268,3.1841,-1.0334,-0.11713,0.00046484,13.824,0.0090268
3.2086,1.1277,-0.11352,0.0010799,14.044,0.0093593,3.229,-1.0322,-0.11589,0.0010799,14.021,0.0093593
3.2531,1.1283,-0.11265,0.00051943,14.243,0.0097506,3.2743,-1.0316,-0.11351,0.00051943,14.22,0.0097506
3.2982,1.1285,-0.11071,0.00040899,14.443,0.0097039,3.3193,-1.0314,-0.11211,0.00040899,14.42,0.0097039
3.3436,1.1291,-0.1109,-0.00066535,14.645,0.0098243,3.3645,-1.0308,-0.1092,-0.00066535,14.622,0.0098243
3.3894,1.13,-0.11022,-0.0014686,14.848,0.0099709,3.4108,-1.0299,-0.10731,-0.0014686,14.825,0.0099709
3.4353,1.1308,-0.11034,-0.0022008,15.053,0.0099125,3.4572,-1.029,-0.10546,-0.0022008,15.029,0.0099125
3.4818,1.131,-0.11001,-0.002461,15.259,0.0095637,3.503,-1.0289,-0.10454,-0.002461,15.235,0.0095637
3.529,1.1312,-0.11003,-0.0029166,15.466,0.0092056,3.5491,-1.0287,-0.10377,-0.0029166,15.443,0.0092056
3.5763,1.132,-0.11114,-0.0035898,15.675,0.0092123,3.5962,-1.0279,-0.10351,-0.0035898,15.652,0.0092123
3.6239,1.1325,-0.11369,-0.005,15.885,0.0091098,3.6439,-1.0274,-0.10302,-0.005,15.863,0.0091098
3.6717,1.1333,-0.11661,-0.0059996,16.097,0.0088211,3.6909,-1.0265,-0.10359,-0.0059996,16.074,0.0088211
3.7211,1.1334,-0.11965,-0.0071594,16.31,0.0083595,3.7386,-1.0265,-0.10411,-0.0071594,16.286,0.0083595
3.7702,1.1339,-0.12264,-0.0079333,16.525,0.0080468,3.7875,-1.026,-0.10554,-0.0079333,16.5,0.0080468
3.8198,1.1347,-0.12546,-0.0085611,16.74,0.0081789,3.8372,-1.0252,-0.10687,-0.0085611,16.715,0.0081789
3.8693,1.1362,-0.1282,-0.0090745,16.957,0.0088284,3.8884,-1.0236,-0.10877,-0.0090745,16.932,0.0088284
3.9202,1.138,-0.13043,-0.009339,17.175,0.0094609,3.9404,-1.0218,-0.11027,-0.009339,17.151,0.0094609
3.9716,1.1395,-0.13146,-0.0086893,17.395,0.0098797,3.9928,-1.0203,-0.11278,-0.0086893,17.37,0.0098797
4.0237,1.1406,-0.13325,-0.0084744,17.616,0.0104,4.0452,-1.0192,-0.11497,-0.0084744,17.591,0.0104
4.0753,1.1419,-0.13438,-0.0080951,17.839,0.011168,4.0991,-1.0179,-0.11695,-0.0080951,17.813,0.011168
4.127,1.1439,-0.13583,-0.0076302,18.063,0.012096,4.1532,-1.0158,-0.11943,-0.0076302,18.037,0.012096
4.1801,1.1451,-0.13812,-0.0078857,18.289,0.012635,4.2071,-1.0146,-0.12111,-0.0078857,18.263,0.012635
4.2334,1.1459,-0.14152,-0.0092527,18.517,0.012834,4.2612,-1.0139,-0.1215,-0.0092527,18.491,0.012834
4.2872,1.1471,-0.14433,-0.010425,18.745,0.012863,4.3155,-1.0126,-0.12209,-0.010425,18.72,0.012863
4.3414,1.148,-0.14685,-0.011247,18.975,0.012603,4.3689,-1.0117,-0.12255,-0.011247,18.95,0.012603
4.3966,1.1484,-0.14797,-0.011486,19.206,0.012229,4.4227,-1.0113,-0.12323,-0.011486,19.181,0.012229
4.4514,1.1487,-0.14965,-0.012162,19.439,0.011996,4.4771,-1.011,-0.1235,-0.012162,19.414,0.011996
4.505,1.1493,-0.15172,-0.013256,19.673,0.011848,4.5316,-1.0103,-0.12314,-0.013256,19.649,0.011848
4.5606,1.1491,-0.15329,-0.014675,19.909,0.011557,4.5858,-1.0105,-0.12172,-0.014675,19.885,0.011557
4.6166,1.1505,-0.15372,-0.015377,20.145,0.011672,4.6418,-1.0091,-0.12074,-0.015377,20.123,0.011672
4.6722,1.1522,-0.15406,-0.015965,20.384,0.012053,4.698,-1.0074,-0.1194,-0.015965,20.361,0.012053
4.7277,1.1537,-0.15348,-0.015854,20.624,0.012271,4.7538,-1.0059,-0.11918,-0.015854,20.601,0.012271
4.7836,1.1542,-0.15265,-0.015518,20.866,0.012128,4.8098,-1.0053,-0.11916,-0.015518,20.842,0.012128
4.8396,1.1545,-0.15165,-0.015166,21.109,0.011896,4.8654,-1.0051,-0.11899,-0.015166,21.085,0.011896
4.8962,1.1544,-0.15114,-0.01501,21.353,0.011637,4.9216,-1.0052,-0.1188,-0.01501,21.33,0.011637
4.9524,1.1548,-0.15016,-0.014448,21.599,0.011501,4.9771,-1.0048,-0.11889,-0.014448,21.576,0.011501
5.0089,1.1553,-0.14849,-0.013382,21.846,0.011362,5.0338,-1.0044,-0.11979,-0.013382,21.822,0.011362
5.0667,1.1548,-0.14857,-0.013645,22.094,0.011058,5.0899,-1.0049,-0.11875,-0.013645,22.07,0.011058
5.1231,1.1557,-0.14622,-0.012158,22.344,0.011065,5.1476,-1.004,-0.11977,-0.012158,22.32,0.011065
5.1816,1.156,-0.14392,-0.011326,22.595,0.011172,5.2059,-1.0037,-0.11906,-0.011326,22.571,0.011172
5.239,1.1575,-0.1405,-0.0097966,22.847,0.011664,5.2644,-1.0023,-0.11929,-0.0097966,22.824,0.011664
5.296,1.1596,-0.13798,-0.0088228,23.1,0.01263,5.3233,-1.0001,-0.11916,-0.0088228,23.078,0.01263
5.3541,1.1623,-0.13581,-0.0079099,23.356,0.013829,5.3832,-0.99736,-0.11853,-0.0079099,23.334,0.013829
5.4116,1.165,-0.13262,-0.006504,23.613,0.014814,5.4435,-0.99469,-0.11875,-0.006504,23.591,0.014814
5.4695,1.1664,-0.13097,-0.0058314,23.87,0.015295,5.503,-0.99333,-0.11828,-0.0058314,23.85,0.015295
5.5293,1.1671,-0.12931,-0.0049158,24.129,0.015338,5.5623,-0.99261,-0.11872,-0.0049158,24.11,0.015338
5.5887,1.1672,-0.12805,-0.0037843,24.39,0.015079,5.6213,-0.99257,-0.11986,-0.0037843,24.372,0.015079
5.6485,1.167,-0.12788,-0.0030848,24.652,0.014763,5.68,-0.99278,-0.12157,-0.0030848,24.635,0.014763
5.7086,1.1665,-0.12886,-0.0027419,24.915,0.014389,5.7391,-0.99324,-0.12317,-0.0027419,24.9,0.014389
5.7689,1.1655,-0.13038,-0.0029539,25.18,0.013586,5.7978,-0.99433,-0.12425,-0.0029539,25.165,0.013586
5.8304,1.1637,-0.13163,-0.0027807,25.447,0.012355,5.8571,-0.99609,-0.12546,-0.0027807,25.432,0.012355
5.8913,1.1628,-0.13293,-0.0029154,25.715,0.011578,5.9163,-0.997,-0.1267,-0.0029154,25.7,0.011578
5.9525,1.1622,-0.13526,-0.0042053,26.015,0.010998,5.9763,-0.99767,-0.12616,-0.0042053,25.969,0.010998
6.0134,1.163,-0.13423,-0.0031362,26.365,0.010584,6.0369,-0.99687,-0.12725,-0.0031362,26.24,0.010584
6.0756,1.1637,-0.13196,-0.0020596,26.716,0.010184,6.098,-0.99614,-0.128,-0.0020596,26.512,0.010184
6.1396,1.1635,-0.1305,-0.0022003,27.069,0.0094161,6.1606,-0.99641,-0.12605,-0.0022003,26.786,0.0094161
6.207,1.1606,-0.12788,-0.0028424,27.423,0.0074348,6.2232,-0.99929,-0.12189,-0.0028424,27.061,0.0074348
6.2779,1.1552,-0.1245,-0.004382,27.78,0.0042201,6.2875,-1.0048,-0.11566,-0.004382,27.337,0.0042201
6.3508,1.1473,-0.12227,-0.0063213,28.139,-0.00012185,6.3511,-1.0127,-0.10886,-0.0063213,27.615,-0.00012185
6.4255,1.1387,-0.11937,-0.008037,28.499,-0.0048784,6.4145,-1.0212,-0.10225,-0.008037,27.895,-0.0048784
6.5009,1.1289,-0.11601,-0.0091448,28.862,-0.010192,6.479,-1.031,-0.096384,-0.0091448,28.176,-0.010192
6.5783,1.1182,-0.11099,-0.0088591,29.227,-0.015975,6.5443,-1.0415,-0.091784,-0.0088591,28.458,-0.015975
6.6566,1.107,-0.10503,-0.0081629,29.593,-0.021971,6.6091,-1.0524,-0.087558,-0.0081629,28.742,-0.021971
6.7361,1.0941,-0.099381,-0.0075291,29.962,-0.028456,6.6748,-1.065,-0.083198,-0.0075291,29.027,-0.028456
6.8153,1.0807,-0.093643,-0.0067223,30.332,-0.034736,6.7404,-1.0779,-0.079153,-0.0067223,29.315,-0.034736
6.8965,1.0662,-0.087156,-0.0059709,30.703,-0.041149,6.8079,-1.0919,-0.074626,-0.0059709,29.603,-0.041149
6.9776,1.0503,-0.082572,-0.0058507,31.078,-0.047632,6.8747,-1.1072,-0.070165,-0.0058507,29.893,-0.047632
7.0597,1.033,-0.079502,-0.0065028,31.454,-0.054197,6.9424,-1.1237,-0.065498,-0.0065028,30.184,-0.054197
7.1416,1.0154,-0.077054,-0.0062961,31.832,-0.060916,7.0099,-1.1405,-0.063866,-0.0062961,30.477,-0.060916
7.2245,0.996,-0.074761,-0.0052581,32.212,-0.068293,7.0771,-1.1589,-0.063562,-0.0052581,30.771,-0.068293
7.3066,0.97612,-0.072562,-0.003419,32.593,-0.075833,7.144,-1.1777,-0.065181,-0.003419,31.067,-0.075833
7.3915,0.9555,-0.070332,-0.00077368,32.976,-0.083536,7.2108,-1.1969,-0.068796,-0.00077368,31.363,-0.083536
7.4739,0.93389,-0.068802,0.0021097,33.362,-0.091449,7.2771,-1.2171,-0.073762,0.0021097,31.662,-0.091449
7.5579,0.91058,-0.070072,0.0031468,33.75,-0.099563,7.3435,-1.2387,-0.076807,0.0031468,31.962,-0.099563
7.6418,0.88692,-0.072452,0.0039888,34.141,-0.10768,7.4102,-1.2606,-0.081274,0.0039888,32.262,-0.10768
7.7253,0.86266,-0.077452,0.0037539,34.533,-0.11574,7.4766,-1.2829,-0.08568,0.0037539,32.564,-0.11574
7.8091,0.83826,-0.084034,0.0029241,34.927,-0.12347,7.5437,-1.3053,-0.09047,0.0029241,32.868,-0.12347
7.8926,0.81494,-0.091994,0.0019725,35.323,-0.13042,7.6116,-1.3267,-0.096195,0.0019725,33.173,-0.13042
7.9755,0.79201,-0.10084,0.00092865,35.72,-0.13703,7.6807,-1.3478,-0.10332,0.00092865,33.479,-0.13703
8.0588,0.76942,-0.11025,-1.3258e-05,36.119,-0.14334,7.7499,-1.3684,-0.11005,-1.3258e-05,33.786,-0.14334
8.1426,0.74766,-0.11881,-0.00096102,36.52,-0.14919,7.8213,-1.3883,-0.11706,-0.00096102,34.095,-0.14919
8.2272,0.72549,-0.12656,-0.0015059,36.921,-0.15518,7.8936,-1.4086,-0.12353,-0.0015059,34.405,-0.15518
8.3134,0.70132,-0.13367,-0.0020571,37.323,-0.16184,7.966,-1.4306,-0.12919,-0.0020571,34.716,-0.16184
8.4009,0.6755,-0.13884,-0.0020563,37.728,-0.16913,8.0378,-1.4538,-0.13444,-0.0020563,35.029,-0.16913
8.4899,0.64774,-0.14357,-0.0027849,38.134,-0.1768,8.1104,-1.4786,-0.13791,-0.0027849,35.344,-0.1768
8.5794,0.61899,-0.14809,-0.0037533,38.543,-0.1847,8.1839,-1.5044,-0.13982,-0.0037533,35.66,-0.1847
8.6708,0.58912,-0.15081,-0.004072,38.954,-0.19296,8.2577,-1.531,-0.1422,-0.004072,35.978,-0.19296
8.762,0.55889,-0.15331,-0.0042557,39.368,-0.20097,8.3316,-1.5577,-0.14427,-0.0042557,36.297,-0.20097
8.8527,0.52862,-0.15495,-0.0043152,39.782,-0.20869,8.4058,-1.5846,-0.14571,-0.0043152,36.618,-0.20869
8.9429,0.49773,-0.15551,-0.0045704,40.2,-0.21638,8.4796,-1.612,-0.14594,-0.0045704,36.941,-0.21638
9.0329,0.46555,-0.15716,-0.0063232,40.619,-0.22402,8.5535,-1.6405,-0.14384,-0.0063232,37.264,-0.22402
9.1232,0.4332,-0.15806,-0.0077245,41.04,-0.23154,8.6279,-1.6692,-0.14132,-0.0077245,37.589,-0.23154
9.2127,0.40053,-0.15773,-0.0088955,41.463,-0.23889,8.7023,-1.6983,-0.13894,-0.0088955,37.916,-0.23889
9.3019,0.36716,-0.15838,-0.01069,41.887,-0.24582,8.7765,-1.7279,-0.13548,-0.01069,38.244,-0.24582
9.3904,0.33462,-0.15834,-0.01194,42.313,-0.25218,8.8516,-1.7571,-0.13269,-0.01194,38.574,-0.25218
9.4782,0.30274,-0.15589,-0.011333,42.742,-0.25835,8.9267,-1.7857,-0.13148,-0.011333,38.905,-0.25835
9.5663,0.26935,-0.15143,-0.0093175,43.17,-0.26484,9.0015,-1.8155,-0.13147,-0.0093175,39.238,-0.26484
9.6549,0.23433,-0.14691,-0.0072443,43.601,-0.27165,9.0758,-1.8466,-0.13109,-0.0072443,39.572,-0.27165
9.7445,0.19711,-0.14141,-0.0050859,44.034,-0.27886,9.1501,-1.8795,-0.13044,-0.0050859,39.908,-0.27886
9.8331,0.15899,-0.13623,-0.002985,44.47,-0.28635,9.2235,-1.9132,-0.12969,-0.002985,40.245,-0.28635
9.9217,0.11855,-0.13133,-0.0013751,44.906,-0.29426,9.2955,-1.9487,-0.1286,-0.0013751,40.582,-0.29426
10.01,0.076017,-0.12791,-0.00098773,45.343,-0.30254,9.3673,-1.9862,-0.12581,-0.00098773,40.92,-0.30254
10.098,0.033527,-0.1235,0.00016118,45.781,-0.31044,9.4387,-2.0234,-0.12399,0.00016118,41.258,-0.31044
10.186,-0.0096179,-0.11883,0.0014579,46.218,-0.31839,9.5104,-2.0612,-0.12223,0.0014579,41.597,-0.31839
10.274,-0.053165,-0.11469,0.0024597,46.655,-0.3263,9.5827,-2.0994,-0.11999,0.0024597,41.935,-0.3263
10.363,-0.097323,-0.11117,0.0028054,47.092,-0.33412,9.6556,-2.1382,-0.11759,0.0028054,42.274,-0.33412
10.453,-0.14281,-0.10849,0.0026035,47.529,-0.34214,9.728,-2.1777,-0.11425,0.0026035,42.613,-0.34214
10.542,-0.19045,-0.10603,0.0025593,47.967,-0.35079,9.8001,-2.2191,-0.1117,0.0025593,42.952,-0.35079
10.63,-0.23949,-0.10447,0.002562,48.404,-0.3598,9.8705,-2.2614,-0.10997,0.002562,43.29,-0.3598
10.718,-0.28931,-0.10322,0.0027868,48.843,-0.36895,9.9396,-2.304,-0.10962,0.0027868,43.629,-0.36895
10.805,-0.33941,-0.10403,0.0020457,49.28,-0.37773,10.009,-2.3473,-0.10869,0.0020457,43.967,-0.37773
10.892,-0.39019,-0.10717,0.00015699,49.719,-0.38631,10.078,-2.3911,-0.10802,0.00015699,44.306,-0.38631
10.977,-0.44039,-0.11116,-0.00092479,50.157,-0.39469,10.147,-2.4346,-0.10869,-0.00092479,44.644,-0.39469
11.064,-0.49128,-0.11209,-0.00040402,50.595,-0.4035,10.216,-2.4779,-0.11147,-0.00040402,44.982,-0.4035
11.15,-0.54371,-0.11387,-0.00013907,51.033,-0.41255,10.285,-2.523,-0.11372,-0.00013907,45.321,-0.41255
11.235,-0.59703,-0.11662,-0.00060679,51.47,-0.42135,10.353,-2.5685,-0.11532,-0.00060679,45.659,-0.42135
11.32,-0.64975,-0.12028,-0.0016392,51.908,-0.42958,10.421,-2.6139,-0.11704,-0.0016392,45.997,-0.42958
11.404,-0.70216,-0.12428,-0.0026593,52.346,-0.43735,10.489,-2.6589,-0.11872,-0.0026593,46.336,-0.43735
11.488,-0.75529,-0.12759,-0.0032813,52.785,-0.44509,10.559,-2.705,-0.12077,-0.0032813,46.674,-0.44509
11.571,-0.80783,-0.13034,-0.0028647,53.224,-0.45254,10.627,-2.7506,-0.12399,-0.0028647,47.012,-0.45254
11.655,-0.86033,-0.13183,-0.0016468,53.662,-0.45986,10.696,-2.796,-0.12845,-0.0016468,47.35,-0.45986
11.736,-0.91322,-0.13439,-0.0010821,54.099,-0.46706,10.764,-2.842,-0.132,-0.0010821,47.689,-0.46706
11.818,-0.96612,-0.13688,-0.0005951,54.537,-0.47391,10.833,-2.8884,-0.1359,-0.0005951,48.027,-0.47391
11.899,-1.0192,-0.14079,-0.00077194,54.974,-0.48048,10.902,-2.9351,-0.13908,-0.00077194,48.366,-0.48048
11.982,-1.0746,-0.14438,-0.0012113,55.385,-0.48759,10.97,-2.9832,-0.14198,-0.0012113,48.704,-0.48759
12.063,-1.131,-0.14974,-0.0022891,55.723,-0.4949,11.037,-3.0314,-0.14488,-0.0022891,49.043,-0.4949
12.144,-1.185,-0.15357,-0.0017531,56.062,-0.50157,11.105,-3.0788,-0.14953,-0.0017531,49.38,-0.50157
12.225,-1.239,-0.15668,-0.0012062,56.4,-0.50798,11.173,-3.126,-0.15418,-0.0012062,49.718,-0.50798
12.304,-1.2927,-0.16147,-0.001417,56.739,-0.51415,11.241,-3.1733,-0.1583,-0.001417,50.056,-0.51415
12.381,-1.3444,-0.16753,-0.002216,57.078,-0.51955,11.309,-3.2197,-0.16283,-0.002216,50.394,-0.51955
12.457,-1.3936,-0.17548,-0.0037991,57.418,-0.52367,11.378,-3.2643,-0.16727,-0.0037991,50.732,-0.52367
12.533,-1.4403,-0.18463,-0.0061371,57.757,-0.52647,11.448,-3.3081,-0.17137,-0.0061371,51.07,-0.52647
12.607,-1.4846,-0.19375,-0.0086991,58.097,-0.52794,11.52,-3.3506,-0.17506,-0.0086991,51.408,-0.52794
12.681,-1.5271,-0.20204,-0.010487,58.437,-0.52866,11.592,-3.3925,-0.17902,-0.010487,51.746,-0.52866
12.753,-1.5686,-0.20774,-0.010716,58.776,-0.52919,11.664,-3.4335,-0.18455,-0.010716,52.084,-0.52919
12.825,-1.6101,-0.21306,-0.010694,59.116,-0.5295,11.735,-3.4747,-0.19011,-0.010694,52.422,-0.5295
12.896,-1.6507,-0.21937,-0.010936,59.455,-0.52928,11.806,-3.5154,-0.19578,-0.010936,52.76,-0.52928
12.966,-1.6889,-0.22522,-0.01022,59.794,-0.5284,11.878,-3.5546,-0.20294,-0.01022,53.098,-0.5284
13.035,-1.7266,-0.23024,-0.008559,60.134,-0.52736,11.949,-3.5934,-0.21169,-0.008559,53.436,-0.52736
13.104,-1.7654,-0.2359,-0.0078117,60.473,-0.52648,12.02,-3.6332,-0.21906,-0.0078117,53.774,-0.52648
13.173,-1.8039,-0.24159,-0.0076046,60.812,-0.52556,12.09,-3.6728,-0.22475,-0.0076046,54.112,-0.52556
13.242,-1.8399,-0.24469,-0.0059668,61.151,-0.52391,12.162,-3.7107,-0.23168,-0.0059668,54.45,-0.52391
13.31,-1.8747,-0.24667,-0.0041872,61.489,-0.52168,12.234,-3.7476,-0.23744,-0.0041872,54.788,-0.52168
13.377,-1.9104,-0.24776,-0.0024274,61.827,-0.51966,12.305,-3.7854,-0.24238,-0.0024274,55.126,-0.51966
13.444,-1.9468,-0.24813,-0.00091872,62.165,-0.51805,12.375,-3.8236,-0.24633,-0.00091872,55.464,-0.51805
13.512,-1.9847,-0.24785,0.00057326,62.503,-0.51721,12.443,-3.8618,-0.24886,0.00057326,55.802,-0.51721
13.579,-2.0234,-0.24667,0.0020181,62.842,-0.51708,12.511,-3.9012,-0.25117,0.0020181,56.14,-0.51708
13.647,-2.064,-0.24448,0.0033338,63.18,-0.51757,12.578,-3.9412,-0.25181,0.0033338,56.478,-0.51757
13.714,-2.1046,-0.24253,0.0033673,63.517,-0.51799,12.645,-3.9812,-0.24977,0.0033673,56.816,-0.51799
13.782,-2.1439,-0.23901,0.0035697,63.854,-0.51817,12.712,-4.0202,-0.2467,0.0035697,57.155,-0.51817
13.849,-2.1823,-0.23473,0.0033891,64.192,-0.51805,12.779,-4.0582,-0.24225,0.0033891,57.492,-0.51805
13.917,-2.2209,-0.23006,0.0027277,64.53,-0.51817,12.847,-4.0971,-0.23618,0.0027277,57.83,-0.51817
13.984,-2.2605,-0.22547,0.0015263,64.868,-0.51865,12.913,-4.1361,-0.22869,0.0015263,58.168,-0.51865
14.052,-2.3008,-0.21895,0.0015035,65.206,-0.51988,12.978,-4.1752,-0.22226,0.0015035,58.506,-0.51988
14.119,-2.3415,-0.21237,0.00084398,65.543,-0.52111,13.044,-4.2147,-0.21438,0.00084398,58.844,-0.52111
14.187,-2.3825,-0.2052,0.00011828,65.881,-0.52238,13.109,-4.2544,-0.20532,0.00011828,59.182,-0.52238
14.255,-2.4224,-0.19796,-0.0011057,66.219,-0.52308,13.175,-4.2934,-0.19541,-0.0011057,59.52,-0.52308
14.321,-2.4601,-0.18979,-0.0013453,66.557,-0.52324,13.242,-4.3308,-0.18728,-0.0013453,59.858,-0.52324
14.388,-2.4986,-0.18233,-0.0015054,66.895,-0.52353,13.307,-4.3687,-0.17916,-0.0015054,60.196,-0.52353
14.453,-2.5373,-0.17478,-0.0016113,67.232,-0.52403,13.372,-4.4075,-0.17157,-0.0016113,60.534,-0.52403
14.518,-2.5771,-0.16784,-0.0022533,67.57,-0.52476,13.436,-4.4463,-0.16307,-0.0022533,60.872,-0.52476
14.583,-2.6153,-0.1606,-0.0025446,67.908,-0.52503,13.501,-4.4844,-0.15486,-0.0025446,61.21,-0.52503
14.649,-2.6524,-0.15302,-0.0026838,68.245,-0.52489,13.566,-4.5217,-0.14725,-0.0026838,61.548,-0.52489
14.714,-2.6896,-0.1457,-0.0023682,68.583,-0.5248,13.632,-4.5587,-0.1405,-0.0023682,61.886,-0.5248
14.779,-2.728,-0.13869,-0.0023145,68.92,-0.52513,13.696,-4.5968,-0.13363,-0.0023145,62.223,-0.52513
14.845,-2.7665,-0.13126,-0.0014196,69.257,-0.52563,13.76,-4.6346,-0.12821,-0.0014196,62.56,-0.52563
14.909,-2.8051,-0.12511,-0.00085899,69.595,-0.52594,13.825,-4.673,-0.12319,-0.00085899,62.897,-0.52594
14.975,-2.8433,-0.1187,-0.00013341,69.932,-0.52604,13.89,-4.7112,-0.11842,-0.00013341,63.235,-0.52604
15.04,-2.8818,-0.11343,-9.5345e-05,70.27,-0.52613,13.955,-4.7497,-0.11312,-9.5345e-05,63.572,-0.52613
15.105,-2.9207,-0.10949,-0.00052776,70.607,-0.5264,14.019,-4.7882,-0.10838,-0.00052776,63.91,-0.5264
15.17,-2.9592,-0.10605,-0.00089625,70.944,-0.52664,14.084,-4.8265,-0.1044,-0.00089625,64.247,-0.52664
15.236,-2.9978,-0.10301,-0.0013889,71.282,-0.52673,14.15,-4.8646,-0.10002,-0.0013889,64.584,-0.52673
15.302,-3.0367,-0.10073,-0.0022845,71.599,-0.52709,14.215,-4.9035,-0.095959,-0.0022845,64.921,-0.52709
15.368,-3.076,-0.10015,-0.0027169,71.836,-0.52758,14.281,-4.9422,-0.094095,-0.0027169,65.257,-0.52758
15.435,-3.1145,-0.099726,-0.0028832,72.074,-0.52763,14.347,-4.9808,-0.093357,-0.0028832,65.594,-0.52763
15.501,-3.1513,-0.099917,-0.0026191,72.311,-0.52687,14.415,-5.0182,-0.093602,-0.0026191,65.931,-0.52687
15.567,-3.1856,-0.10057,-0.002491,72.55,-0.52512,14.484,-5.0546,-0.09519,-0.002491,66.268,-0.52512
15.632,-3.2181,-0.10437,-0.0035949,72.789,-0.52245,14.554,-5.0898,-0.096442,-0.0035949,66.605,-0.52245
15.697,-3.2476,-0.10921,-0.0044543,73.027,-0.5188,14.626,-5.123,-0.099543,-0.0044543,66.941,-0.5188
15.761,-3.2738,-0.11601,-0.0054035,73.267,-0.51421,14.698,-5.1542,-0.10396,-0.0054035,67.277,-0.51421
15.825,-3.2976,-0.12292,-0.0059323,73.506,-0.50869,14.773,-5.1837,-0.10992,-0.0059323,67.614,-0.50869
15.888,-3.3189,-0.13123,-0.0069053,73.744,-0.50243,14.847,-5.2117,-0.11613,-0.0069053,67.951,-0.50243
15.95,-3.3375,-0.13966,-0.0075253,73.983,-0.49532,14.924,-5.2379,-0.12315,-0.0075253,68.288,-0.49532
16.012,-3.3542,-0.14871,-0.0078431,74.222,-0.48766,15,-5.2623,-0.13147,-0.0078431,68.625,-0.48766
16.073,-3.3689,-0.15803,-0.0078251,74.461,-0.47938,15.077,-5.2853,-0.14095,-0.0078251,68.961,-0.47938
16.134,-3.3818,-0.16768,-0.0079143,74.699,-0.47051,15.155,-5.3072,-0.15035,-0.0079143,69.298,-0.47051
16.195,-3.3929,-0.17549,-0.00651,74.937,-0.46131,15.233,-5.3268,-0.1612,-0.00651,69.635,-0.46131
16.254,-3.4043,-0.18351,-0.0053991,75.176,-0.45245,15.31,-5.347,-0.17167,-0.0053991,69.972,-0.45245
16.313,-3.4153,-0.19104,-0.0048348,75.413,-0.44333,15.387,-5.3667,-0.18058,-0.0048348,70.308,-0.44333
16.372,-3.4267,-0.19872,-0.0046263,75.651,-0.43436,15.463,-5.3863,-0.18849,-0.0046263,70.645,-0.43436
16.431,-3.4384,-0.20538,-0.0048388,75.889,-0.42539,15.539,-5.4058,-0.19471,-0.0048388,70.981,-0.42539
16.489,-3.4495,-0.21014,-0.0041424,76.126,-0.41668,15.615,-5.4248,-0.201,-0.0041424,71.318,-0.41668
16.548,-3.4602,-0.21276,-0.0023395,76.363,-0.40796,15.691,-5.4428,-0.20741,-0.0023395,71.654,-0.40796
16.607,-3.47,-0.21374,-0.00013581,76.6,-0.39882,15.767,-5.4601,-0.21301,-0.00013581,71.99,-0.39882
16.666,-3.4783,-0.21284,0.0023024,76.837,-0.38912,15.845,-5.4763,-0.2175,0.0023024,72.325,-0.38912
16.725,-3.4861,-0.20942,0.0060568,77.075,-0.3794,15.925,-5.4922,-0.22231,0.0060568,72.662,-0.3794
16.785,-3.494,-0.20705,0.0084266,77.313,-0.3697,16.003,-5.5074,-0.22526,0.0084266,72.998,-0.3697
16.845,-3.5016,-0.20472,0.0099968,77.55,-0.36008,16.082,-5.5227,-0.22627,0.0099968,73.335,-0.36008
16.904,-3.509,-0.20307,0.010426,77.787,-0.35046,16.162,-5.5375,-0.22546,0.010426,73.672,-0.35046
16.965,-3.5164,-0.20156,0.010277,78.024,-0.34097,16.241,-5.5515,-0.22341,0.010277,74.009,-0.34097
17.024,-3.5231,-0.2,0.0096726,78.261,-0.33146,16.32,-5.5651,-0.22101,0.0096726,74.346,-0.33146
17.084,-3.5278,-0.19796,0.0088063,78.498,-0.32164,16.4,-5.5766,-0.21727,0.0088063,74.683,-0.32164
17.144,-3.5324,-0.19474,0.0088776,78.735,-0.31212,16.479,-5.5874,-0.21377,0.0088776,75.02,-0.31212
17.204,-3.5383,-0.1917,0.0085713,78.972,-0.30339,16.558,-5.5993,-0.21014,0.0085713,75.358,-0.30339
17.264,-3.5443,-0.18846,0.0087197,79.208,-0.29522,16.635,-5.6105,-0.20716,0.0087197,75.696,-0.29522
17.324,-3.5503,-0.18188,0.011553,79.445,-0.28776,16.711,-5.6212,-0.20659,0.011553,76.034,-0.28776
17.385,-3.5571,-0.17649,0.013345,79.682,-0.28083,16.786,-5.6321,-0.205,0.013345,76.372,-0.28083
17.446,-3.565,-0.17354,0.013065,79.919,-0.2745,16.86,-5.6436,-0.20169,0.013065,76.71,-0.2745
17.505,-3.5718,-0.17091,0.013074,80.157,-0.26839,16.932,-5.654,-0.19913,0.013074,77.047,-0.26839
17.566,-3.5795,-0.1686,0.012357,80.394,-0.26273,17.004,-5.6648,-0.19504,0.012357,77.384,-0.26273
17.626,-3.587,-0.16595,0.012095,80.632,-0.2576,17.075,-5.6754,-0.19194,0.012095,77.721,-0.2576
17.686,-3.594,-0.16426,0.011223,80.87,-0.25241,17.147,-5.6855,-0.18838,0.011223,78.058,-0.25241
17.747,-3.5995,-0.16175,0.010954,81.107,-0.24701,17.217,-5.6935,-0.18507,0.010954,78.395,-0.24701
17.807,-3.6037,-0.15997,0.0096809,81.344,-0.24104,17.29,-5.701,-0.18094,0.0096809,78.732,-0.24104
17.867,-3.6076,-0.15807,0.0087598,81.581,-0.23506,17.363,-5.708,-0.17686,0.0087598,79.068,-0.23506
17.927,-3.6112,-0.15608,0.0075483,81.818,-0.22914,17.435,-5.7145,-0.17259,0.0075483,79.404,-0.22914
17.987,-3.6131,-0.15431,0.0057096,82.055,-0.22273,17.509,-5.7196,-0.16641,0.0057096,79.74,-0.22273
18.047,-3.6127,-0.15081,0.0052079,82.293,-0.21582,17.584,-5.7226,-0.16233,0.0052079,80.077,-0.21582
18.108,-3.6128,-0.14861,0.0044168,82.53,-0.20901,17.66,-5.7258,-0.15789,0.0044168,80.414,-0.20901
18.168,-3.6118,-0.14634,0.0038478,82.768,-0.20185,17.734,-5.7278,-0.15477,0.0038478,80.75,-0.20185
18.228,-3.6098,-0.14423,0.0031841,83.005,-0.19421,17.81,-5.7291,-0.15088,0.0031841,81.086,-0.19421
18.287,-3.6072,-0.14169,0.0027762,83.242,-0.18647,17.886,-5.7296,-0.14725,0.0027762,81.422,-0.18647
18.347,-3.6031,-0.13827,0.0036255,83.479,-0.17859,17.962,-5.7285,-0.14595,0.0036255,81.759,-0.17859
18.405,-3.5985,-0.13609,0.0044634,83.717,-0.17066,18.037,-5.7269,-0.14599,0.0044634,82.096,-0.17066
18.463,-3.5939,-0.13571,0.0042245,83.954,-0.16281,18.113,-5.7253,-0.14455,0.0042245,82.432,-0.16281
18.522,-3.5893,-0.13497,0.0042159,84.192,-0.15518,18.187,-5.7232,-0.14398,0.0042159,82.769,-0.15518
18.581,-3.5844,-0.13464,0.0041171,84.429,-0.14755,18.263,-5.7208,-0.1431,0.0041171,83.105,-0.14755
18.64,-3.5782,-0.13369,0.0045623,84.667,-0.13978,18.338,-5.717,-0.14339,0.0045623,83.441,-0.13978
18.699,-3.5722,-0.13337,0.0046847,84.904,-0.1322,18.414,-5.7132,-0.14365,0.0046847,83.777,-0.1322
18.757,-3.5653,-0.13348,0.0047956,85.141,-0.12441,18.489,-5.7086,-0.144,0.0047956,84.114,-0.12441
18.815,-3.5583,-0.13548,0.0035426,85.378,-0.11623,18.565,-5.7037,-0.14284,0.0035426,84.45,-0.11623
18.873,-3.5493,-0.13663,0.0029243,85.615,-0.10751,18.641,-5.6967,-0.14291,0.0029243,84.787,-0.10751
18.931,-3.5401,-0.13822,0.0022354,85.853,-0.098915,18.717,-5.6896,-0.14288,0.0022354,85.123,-0.098915
18.989,-3.5313,-0.13888,0.0019355,86.09,-0.09077,18.792,-5.6823,-0.14292,0.0019355,85.458,-0.09077
19.048,-3.5225,-0.14096,0.00019031,86.328,-0.082634,18.869,-5.6751,-0.1414,0.00019031,85.793,-0.082634
19.106,-3.5134,-0.14258,-0.0012824,86.565,-0.074476,18.945,-5.6674,-0.13968,-0.0012824,86.129,-0.074476
19.164,-3.5044,-0.1431,-0.0019031,86.802,-0.066417,19.02,-5.6596,-0.13883,-0.0019031,86.466,-0.066417
19.221,-3.4953,-0.14347,-0.0027587,87.068,-0.05833,19.096,-5.6517,-0.13728,-0.0027587,86.803,-0.05833
19.28,-3.4851,-0.14154,-0.0028007,87.405,-0.049866,19.172,-5.6424,-0.13526,-0.0028007,87.14,-0.049866
19.337,-3.4746,-0.13904,-0.0023182,87.742,-0.041434,19.248,-5.6328,-0.13367,-0.0023182,87.476,-0.041434
19.396,-3.4648,-0.13571,-0.0015785,88.078,-0.03359,19.323,-5.6236,-0.13227,-0.0015785,87.812,-0.03359
19.456,-3.457,-0.13173,-0.00091338,88.414,-0.027059,19.398,-5.6162,-0.12986,-0.00091338,88.148,-0.027059
19.52,-3.4513,-0.1277,-0.00081101,88.749,-0.021856,19.473,-5.6108,-0.12615,-0.00081101,88.484,-0.021856
19.587,-3.447,-0.12265,-0.0013205,89.082,-0.017833,19.549,-5.6067,-0.11982,-0.0013205,88.821,-0.017833
19.658,-3.4439,-0.115,-0.00076641,89.416,-0.01488,19.625,-5.6037,-0.1132,-0.00076641,89.157,-0.01488
19.73,-3.4429,-0.10671,-0.00034023,89.751,-0.013097,19.702,-5.6027,-0.10588,-0.00034023,89.494,-0.013097
19.805,-3.4433,-0.097654,8.5765e-05,90.085,-0.01237,19.779,-5.6031,-0.097934,8.5765e-05,89.831,-0.01237
19.882,-3.4446,-0.088194,0.00041493,90.421,-0.012211,19.856,-5.6045,-0.089117,0.00041493,90.167,-0.012211
19.96,-3.4472,-0.079475,0.0003071,90.757,-0.012739,19.933,-5.607,-0.079818,0.0003071,90.504,-0.012739
20.039,-3.4502,-0.071639,0.00012411,91.093,-0.01355,20.01,-5.61,-0.071695,0.00012411,90.84,-0.01355
20.118,-3.4527,-0.064299,0.00031568,91.43,-0.014159,20.087,-5.6125,-0.065147,0.00031568,91.177,-0.014159
20.197,-3.4546,-0.058877,-0.00036374,91.766,-0.014475,20.165,-5.6144,-0.058293,-0.00036374,91.514,-0.014475
20.277,-3.4561,-0.054179,-0.0014312,92.103,-0.014726,20.245,-5.6159,-0.051389,-0.0014312,91.851,-0.014726
20.357,-3.457,-0.049648,-0.0021085,92.439,-0.014795,20.325,-5.6168,-0.045182,-0.0021085,92.188,-0.014795
20.438,-3.4579,-0.044944,-0.0021668,92.776,-0.014877,20.405,-5.6177,-0.040559,-0.0021668,92.525,-0.014877
20.517,-3.4583,-0.042214,-0.0025857,93.112,-0.014662,20.485,-5.618,-0.036944,-0.0025857,92.862,-0.014662
20.597,-3.4597,-0.040811,-0.0026097,93.449,-0.014986,20.565,-5.6195,-0.035215,-0.0026097,93.199,-0.014986
20.678,-3.4621,-0.040766,-0.0020381,93.786,-0.015606,20.644,-5.6218,-0.035865,-0.0020381,93.537,-0.015606
20.759,-3.4642,-0.041021,-0.0013873,94.123,-0.015904,20.724,-5.6239,-0.038106,-0.0013873,93.874,-0.015904
20.84,-3.4667,-0.043487,-0.0015153,94.46,-0.016273,20.803,-5.6264,-0.04059,-0.0015153,94.213,-0.016273
20.92,-3.4692,-0.047319,-0.0018431,94.798,-0.016767,20.883,-5.6289,-0.043465,-0.0018431,94.551,-0.016767
21.001,-3.4724,-0.053057,-0.0024252,95.135,-0.017723,20.961,-5.6321,-0.048182,-0.0024252,94.888,-0.017723
21.081,-3.476,-0.05985,-0.0029774,95.472,-0.018769,21.041,-5.6356,-0.053507,-0.0029774,95.226,-0.018769
21.162,-3.4798,-0.067865,-0.0038867,95.809,-0.019879,21.117,-5.6393,-0.059906,-0.0038867,95.563,-0.019879
21.242,-3.4837,-0.077105,-0.0041014,96.147,-0.021098,21.197,-5.6432,-0.068178,-0.0041014,95.901,-0.021098
21.324,-3.4875,-0.086258,-0.0045319,96.483,-0.02222,21.275,-5.6469,-0.076301,-0.0045319,96.238,-0.02222
21.406,-3.4921,-0.094047,-0.0034585,96.82,-0.023832,21.354,-5.6514,-0.086678,-0.0034585,96.576,-0.023832
21.488,-3.4974,-0.10375,-0.0032372,97.157,-0.025565,21.433,-5.6567,-0.096643,-0.0032372,96.912,-0.025565
21.57,-3.5017,-0.11325,-0.0033591,97.494,-0.026749,21.512,-5.6609,-0.10646,-0.0033591,97.25,-0.026749
21.652,-3.5055,-0.12332,-0.0040014,97.831,-0.02752,21.592,-5.6646,-0.11466,-0.0040014,97.586,-0.02752
21.735,-3.5091,-0.13265,-0.0041308,98.168,-0.028375,21.673,-5.6682,-0.12403,-0.0041308,97.924,-0.028375
21.817,-3.5134,-0.14352,-0.0049984,98.506,-0.029487,21.753,-5.6724,-0.13285,-0.0049984,98.261,-0.029487
21.899,-3.5172,-0.15361,-0.0055076,98.843,-0.030373,21.833,-5.6761,-0.14169,-0.0055076,98.599,-0.030373
21.981,-3.5207,-0.16288,-0.0055203,99.18,-0.031178,21.914,-5.6796,-0.15097,-0.0055203,98.937,-0.031178
22.064,-3.524,-0.17045,-0.0042415,99.518,-0.032026,21.995,-5.6829,-0.1614,-0.0042415,99.275,-0.032026
22.146,-3.528,-0.17772,-0.0028758,99.855,-0.033017,22.075,-5.6868,-0.1713,-0.0028758,99.613,-0.033017
22.228,-3.5321,-0.18467,-0.0017822,100.19,-0.0339,22.155,-5.6908,-0.18115,-0.0017822,99.951,-0.0339
22.31,-3.5361,-0.19123,-0.00070006,100.53,-0.034572,22.234,-5.6948,-0.18985,-0.00070006,100.29,-0.034572
22.392,-3.5415,-0.19894,-0.001398,100.87,-0.035741,22.313,-5.7001,-0.19659,-0.001398,100.63,-0.035741
22.473,-3.547,-0.20747,-0.0028427,101.21,-0.037048,22.392,-5.7055,-0.20138,-0.0028427,100.97,-0.037048
22.555,-3.5534,-0.21456,-0.0034735,101.54,-0.038868,22.47,-5.7117,-0.20729,-0.0034735,101.31,-0.038868
22.635,-3.5591,-0.22099,-0.0036111,101.88,-0.04048,22.548,-5.7173,-0.21312,-0.0036111,101.64,-0.04048
22.716,-3.564,-0.22462,-0.0023602,102.22,-0.041733,22.626,-5.7221,-0.2197,-0.0023602,101.98,-0.041733
22.796,-3.5692,-0.22762,-0.00049588,102.56,-0.043082,22.703,-5.7272,-0.22637,-0.00049588,102.32,-0.043082
22.876,-3.5752,-0.22961,0.00069711,102.89,-0.04443,22.781,-5.7331,-0.23147,0.00069711,102.66,-0.04443
22.956,-3.5812,-0.23159,0.0014997,103.23,-0.045616,22.857,-5.7389,-0.23478,0.0014997,103,-0.045616
23.036,-3.5887,-0.23432,0.00085148,103.57,-0.047346,22.934,-5.7462,-0.23611,0.00085148,103.34,-0.047346
23.116,-3.5959,-0.23584,0.00092844,103.91,-0.049149,23.01,-5.7533,-0.23755,0.00092844,103.67,-0.049149
23.196,-3.6019,-0.23592,0.0015643,104.25,-0.050535,23.086,-5.7592,-0.23962,0.0015643,104.01,-0.050535
23.275,-3.607,-0.23658,0.001369,104.58,-0.051088,23.164,-5.7641,-0.23947,0.001369,104.35,-0.051088
23.353,-3.611,-0.23616,0.0011557,104.92,-0.05106,23.242,-5.7681,-0.23877,0.0011557,104.69,-0.05106
23.431,-3.6136,-0.23377,0.0021621,105.26,-0.050598,23.322,-5.7708,-0.238,0.0021621,105.03,-0.050598
23.509,-3.6169,-0.22981,0.0029575,105.6,-0.05029,23.401,-5.7742,-0.23626,0.0029575,105.36,-0.05029
23.587,-3.6208,-0.22569,0.003157,105.93,-0.050174,23.479,-5.7781,-0.23244,0.003157,105.7,-0.050174
23.665,-3.6246,-0.22059,0.0033415,106.27,-0.050005,23.557,-5.7818,-0.22785,0.0033415,106.04,-0.050005
23.743,-3.6288,-0.21569,0.003013,106.61,-0.049954,23.635,-5.7861,-0.22218,0.003013,106.38,-0.049954
23.821,-3.6326,-0.20973,0.0035763,106.95,-0.049893,23.713,-5.7899,-0.21735,0.0035763,106.72,-0.049893
23.899,-3.6358,-0.20343,0.0041036,107.29,-0.04948,23.79,-5.7931,-0.21251,0.0041036,107.05,-0.04948
23.975,-3.6385,-0.19716,0.0046158,107.62,-0.048756,23.869,-5.7959,-0.20702,0.0046158,107.39,-0.048756
24.051,-3.6415,-0.18998,0.0052845,107.96,-0.048136,23.947,-5.799,-0.20153,0.0052845,107.73,-0.048136
24.127,-3.6449,-0.18334,0.0057235,108.3,-0.047631,24.024,-5.8024,-0.19535,0.0057235,108.07,-0.047631
24.203,-3.6474,-0.17496,0.0067927,108.64,-0.046991,24.101,-5.805,-0.18952,0.0067927,108.4,-0.046991
24.278,-3.6503,-0.16654,0.0077633,108.98,-0.046424,24.177,-5.8078,-0.18325,0.0077633,108.74,-0.046424
24.353,-3.6536,-0.15913,0.0083623,109.31,-0.046036,24.254,-5.8112,-0.17722,0.0083623,109.08,-0.046036
24.428,-3.6569,-0.1536,0.007666,109.65,-0.045698,24.33,-5.8146,-0.17021,0.007666,109.42,-0.045698
24.503,-3.6597,-0.14664,0.0082845,109.99,-0.045278,24.406,-5.8174,-0.16457,0.0082845,109.76,-0.045278
24.578,-3.6626,-0.14074,0.0079288,110.33,-0.044842,24.482,-5.8204,-0.15802,0.0079288,110.09,-0.044842
24.654,-3.665,-0.1346,0.0077725,110.67,-0.044389,24.558,-5.8228,-0.15152,0.0077725,110.43,-0.044389
24.729,-3.6678,-0.12844,0.0080303,111,-0.044237,24.634,-5.8256,-0.14607,0.0080303,110.77,-0.044237
24.805,-3.6719,-0.12475,0.0067448,111.34,-0.044663,24.708,-5.8297,-0.13915,0.0067448,111.11,-0.044663
24.88,-3.6755,-0.12075,0.0062862,111.68,-0.04506,24.783,-5.8333,-0.134,0.0062862,111.44,-0.04506
24.955,-3.6774,-0.11524,0.0070335,112.01,-0.044733,24.858,-5.8352,-0.13039,0.0070335,111.78,-0.044733
25.03,-3.6802,-0.11177,0.0062606,112.35,-0.044374,24.934,-5.838,-0.12574,0.0062606,112.12,-0.044374
25.106,-3.6817,-0.10811,0.006097,112.69,-0.043597,25.011,-5.8396,-0.12102,0.006097,112.46,-0.043597
25.182,-3.6839,-0.10354,0.0060664,113.03,-0.043056,25.089,-5.8419,-0.11698,0.0060664,112.79,-0.043056
25.258,-3.6865,-0.10011,0.0058647,113.36,-0.042675,25.165,-5.8445,-0.11254,0.0058647,113.13,-0.042675
25.334,-3.688,-0.095096,0.0067173,113.7,-0.041985,25.243,-5.8461,-0.10958,0.0067173,113.47,-0.041985
25.409,-3.6905,-0.091735,0.0070204,114.04,-0.041499,25.32,-5.8486,-0.10678,0.0070204,113.8,-0.041499
25.486,-3.6939,-0.089269,0.007409,114.37,-0.04161,25.397,-5.852,-0.10507,0.007409,114.14,-0.04161
25.563,-3.6976,-0.086856,0.0080209,114.71,-0.041794,25.473,-5.8557,-0.10428,0.0080209,114.48,-0.041794
25.641,-3.7015,-0.085159,0.008162,115.05,-0.042087,25.551,-5.8595,-0.1027,0.008162,114.81,-0.042087
25.719,-3.7055,-0.083736,0.0083791,115.38,-0.042442,25.627,-5.8635,-0.10161,0.0083791,115.15,-0.042442
25.796,-3.709,-0.08162,0.0091498,115.72,-0.042542,25.704,-5.867,-0.10155,0.0091498,115.49,-0.042542
25.873,-3.7121,-0.08249,0.0081943,116.06,-0.04211,25.783,-5.8701,-0.10031,0.0081943,115.82,-0.04211
25.952,-3.715,-0.08393,0.0075188,116.4,-0.041819,25.861,-5.873,-0.099901,0.0075188,116.16,-0.041819
26.03,-3.7181,-0.085792,0.006809,116.73,-0.041851,25.94,-5.8762,-0.10066,0.006809,116.5,-0.041851
26.109,-3.7216,-0.088986,0.0064255,117.07,-0.042155,26.018,-5.8797,-0.10247,0.0064255,116.84,-0.042155
26.187,-3.7245,-0.09104,0.0068112,117.41,-0.042344,26.097,-5.8825,-0.10577,0.0068112,117.17,-0.042344
26.266,-3.7275,-0.094004,0.0067527,117.75,-0.042455,26.175,-5.8855,-0.10856,0.0067527,117.51,-0.042455
26.345,-3.7303,-0.09765,0.0059176,118.08,-0.042422,26.254,-5.8884,-0.11043,0.0059176,117.85,-0.042422
26.425,-3.7333,-0.1014,0.0052493,118.42,-0.042488,26.333,-5.8913,-0.11275,0.0052493,118.18,-0.042488
26.504,-3.7362,-0.10612,0.0038407,118.76,-0.042384,26.413,-5.8943,-0.11438,0.0038407,118.52,-0.042384
26.585,-3.7391,-0.11022,0.0032425,119.09,-0.042357,26.493,-5.8972,-0.11703,0.0032425,118.86,-0.042357
26.665,-3.7414,-0.11357,0.0032681,119.43,-0.042114,26.574,-5.8995,-0.12066,0.0032681,119.2,-0.042114
26.745,-3.7443,-0.11769,0.0028758,119.77,-0.042005,26.654,-5.9024,-0.12397,0.0028758,119.53,-0.042005
26.827,-3.7477,-0.12113,0.0029098,120.11,-0.042186,26.735,-5.9058,-0.12756,0.0029098,119.87,-0.042186
26.908,-3.7518,-0.12515,0.0019471,120.44,-0.042435,26.816,-5.9098,-0.12941,0.0019471,120.21,-0.042435
26.989,-3.7546,-0.12735,0.0024136,120.78,-0.0425,26.897,-5.9127,-0.13234,0.0024136,120.54,-0.0425
27.07,-3.7578,-0.13038,0.0027581,121.12,-0.042562,26.978,-5.9159,-0.13657,0.0027581,120.88,-0.042562
27.151,-3.7613,-0.13617,0.0014662,121.45,-0.042496,27.059,-5.9194,-0.13911,0.0014662,121.22,-0.042496
27.232,-3.7641,-0.1405,0.00091684,121.79,-0.042367,27.14,-5.9221,-0.14251,0.00091684,121.56,-0.042367
27.314,-3.7675,-0.14478,0.00026505,122.13,-0.042364,27.222,-5.9255,-0.1454,0.00026505,121.89,-0.042364
27.395,-3.7698,-0.14833,-1.3482e-05,122.47,-0.04199,27.304,-5.9279,-0.14833,-1.3482e-05,122.23,-0.04199
27.477,-3.7729,-0.15198,-0.00049556,122.81,-0.041907,27.386,-5.931,-0.15134,-0.00049556,122.57,-0.041907
27.558,-3.777,-0.15674,-0.0017695,123.14,-0.042003,27.467,-5.9351,-0.15288,-0.0017695,122.91,-0.042003
27.639,-3.7808,-0.1592,-0.0017493,123.48,-0.042367,27.548,-5.9389,-0.15532,-0.0017493,123.24,-0.042367
27.72,-3.7843,-0.16122,-0.0013161,123.82,-0.042612,27.628,-5.9423,-0.15845,-0.0013161,123.58,-0.042612
27.8,-3.7877,-0.16387,-0.0015525,124.16,-0.042562,27.708,-5.9457,-0.16044,-0.0015525,123.92,-0.042562
27.88,-3.7899,-0.16533,-0.0012652,124.5,-0.042001,27.789,-5.948,-0.16259,-0.0012652,124.26,-0.042001
27.96,-3.7929,-0.16678,-0.0013051,124.83,-0.041684,27.87,-5.951,-0.16395,-0.0013051,124.59,-0.041684
28.04,-3.796,-0.16845,-0.0016953,125.17,-0.041526,27.951,-5.9541,-0.16474,-0.0016953,124.93,-0.041526
28.12,-3.7996,-0.1699,-0.0016103,125.51,-0.041757,28.03,-5.9577,-0.16631,-0.0016103,125.27,-0.041757
28.199,-3.804,-0.17071,-0.0010293,125.85,-0.04232,28.108,-5.9621,-0.16837,-0.0010293,125.61,-0.04232
28.278,-3.8083,-0.17152,-0.00072612,126.19,-0.042835,28.186,-5.9664,-0.16994,-0.00072612,125.95,-0.042835
28.357,-3.8116,-0.17233,-0.000406,126.52,-0.042755,28.264,-5.9697,-0.17147,-0.000406,126.28,-0.042755
28.435,-3.8147,-0.17364,-0.0010377,126.86,-0.042341,28.344,-5.9727,-0.17157,-0.0010377,126.62,-0.042341
28.514,-3.8168,-0.1746,-0.0012719,127.2,-0.041698,28.423,-5.9749,-0.17172,-0.0012719,126.96,-0.041698
28.592,-3.8198,-0.17452,-0.00068649,127.54,-0.041536,28.502,-5.9779,-0.17317,-0.00068649,127.3,-0.041536
28.671,-3.8234,-0.1736,0.00048738,127.88,-0.041705,28.58,-5.9815,-0.17458,0.00048738,127.63,-0.041705
28.749,-3.8264,-0.17183,0.0016352,128.21,-0.041468,28.659,-5.9846,-0.17536,0.0016352,127.97,-0.041468
28.826,-3.8291,-0.17025,0.0023128,128.55,-0.040918,28.738,-5.9873,-0.17521,0.0023128,128.31,-0.040918
28.904,-3.8315,-0.1684,0.0027141,128.89,-0.040214,28.817,-5.9897,-0.17416,0.0027141,128.65,-0.040214
28.982,-3.8341,-0.16639,0.0031723,129.23,-0.039674,28.896,-5.9924,-0.1733,0.0031723,128.99,-0.039674
29.059,-3.8371,-0.16468,0.0033726,129.57,-0.039446,28.974,-5.9954,-0.17219,0.0033726,129.32,-0.039446
29.137,-3.8408,-0.16477,0.002013,129.9,-0.039421,29.052,-5.9991,-0.16919,0.002013,129.66,-0.039421
29.215,-3.8437,-0.165,0.0012394,130.24,-0.03933,29.13,-6.0021,-0.16745,0.0012394,130,-0.03933
29.29,-3.8455,-0.1653,0.00049524,130.58,-0.03879,29.207,-6.0039,-0.16644,0.00049524,130.34,-0.03879
29.366,-3.8469,-0.16461,0.00071375,130.92,-0.038158,29.284,-6.0053,-0.16594,0.00071375,130.67,-0.038158
29.443,-3.8477,-0.16218,0.0015333,131.26,-0.037232,29.362,-6.0062,-0.16532,0.0015333,131.01,-0.037232
29.518,-3.8486,-0.15975,0.0020565,131.59,-0.036277,29.44,-6.0071,-0.16391,0.0020565,131.35,-0.036277
29.594,-3.8504,-0.15676,0.0028426,131.93,-0.035759,29.517,-6.009,-0.1629,0.0028426,131.69,-0.035759
29.669,-3.8526,-0.1541,0.0035649,132.27,-0.035429,29.593,-6.0113,-0.16192,0.0035649,132.02,-0.035429
29.745,-3.8555,-0.15347,0.002328,132.61,-0.035094,29.67,-6.0141,-0.15836,0.002328,132.36,-0.035094
29.821,-3.8569,-0.15205,0.0014687,132.95,-0.034232,29.748,-6.0157,-0.15525,0.0014687,132.7,-0.034232
29.898,-3.8581,-0.1507,0.00080749,133.28,-0.033298,29.825,-6.0169,-0.15236,0.00080749,133.04,-0.033298
29.973,-3.8586,-0.14833,0.00082335,133.62,-0.032319,29.904,-6.0175,-0.15008,0.00082335,133.37,-0.032319
30.05,-3.8601,-0.14642,0.00051312,133.96,-0.031652,29.982,-6.0191,-0.14699,0.00051312,133.71,-0.031652
30.124,-3.8604,-0.14339,0.00066907,134.3,-0.030583,30.059,-6.0194,-0.14539,0.00066907,134.05,-0.030583
30.2,-3.8603,-0.14178,-0.00010161,134.63,-0.029196,30.137,-6.0193,-0.14125,-0.00010161,134.38,-0.029196
30.275,-3.8595,-0.13883,-0.00027462,134.97,-0.027694,30.216,-6.0187,-0.13838,-0.00027462,134.72,-0.027694
30.351,-3.8592,-0.13632,4.8312e-06,135.31,-0.026458,30.294,-6.0185,-0.13621,4.8312e-06,135.06,-0.026458
30.426,-3.8581,-0.13314,0.0011155,135.65,-0.025037,30.373,-6.0175,-0.1354,0.0011155,135.4,-0.025037
30.502,-3.8575,-0.13165,0.0014264,135.99,-0.023668,30.451,-6.0169,-0.13454,0.0014264,135.73,-0.023668
30.577,-3.8572,-0.13122,0.001091,136.32,-0.02239,30.53,-6.0167,-0.13335,0.001091,136.07,-0.02239
30.653,-3.8571,-0.13141,0.00056051,136.66,-0.021284,30.607,-6.0166,-0.13258,0.00056051,136.41,-0.021284
30.728,-3.8565,-0.13127,0.0011045,137,-0.020231,30.685,-6.0161,-0.13349,0.0011045,136.75,-0.020231
30.804,-3.8567,-0.13137,0.0011391,137.34,-0.019458,30.762,-6.0163,-0.13347,0.0011391,137.08,-0.019458
30.879,-3.8566,-0.13064,0.002087,137.67,-0.018817,30.839,-6.0162,-0.13485,0.002087,137.42,-0.018817
30.955,-3.8573,-0.12995,0.0029732,138.01,-0.018404,30.916,-6.0169,-0.13646,0.0029732,137.76,-0.018404
31.031,-3.8583,-0.12984,0.0039634,138.35,-0.018039,30.993,-6.0179,-0.13802,0.0039634,138.09,-0.018039
31.108,-3.8592,-0.13069,0.0038246,138.69,-0.017418,31.071,-6.0189,-0.13913,0.0038246,138.43,-0.017418
31.184,-3.8582,-0.13314,0.0026802,139.02,-0.015929,31.149,-6.018,-0.13848,0.0026802,138.77,-0.015929
31.26,-3.8572,-0.13535,0.0015759,139.36,-0.014553,31.228,-6.0169,-0.13871,0.0015759,139.11,-0.014553
31.336,-3.8562,-0.13699,0.0016268,139.7,-0.013681,31.307,-6.016,-0.14051,0.0016268,139.44,-0.013681
31.413,-3.8567,-0.13878,0.0016506,140.04,-0.013402,31.385,-6.0165,-0.1425,0.0016506,139.78,-0.013402
31.489,-3.8554,-0.13992,0.0031798,140.37,-0.012601,31.463,-6.0152,-0.14667,0.0031798,140.12,-0.012601
31.565,-3.8529,-0.14076,0.0049105,140.71,-0.011071,31.541,-6.0127,-0.15152,0.0049105,140.45,-0.011071
31.64,-3.8512,-0.14446,0.0049607,141.05,-0.0095421,31.62,-6.0111,-0.1552,0.0049607,140.79,-0.0095421
31.716,-3.8499,-0.14938,0.003603,141.38,-0.0080602,31.699,-6.0098,-0.1575,0.003603,141.13,-0.0080602
31.793,-3.8482,-0.15488,0.0019891,141.72,-0.0067252,31.778,-6.0082,-0.15894,0.0019891,141.47,-0.0067252
31.87,-3.846,-0.15767,0.0017593,142.06,-0.0054689,31.858,-6.006,-0.16146,0.0017593,141.8,-0.0054689
31.947,-3.8444,-0.1605,0.0017448,142.4,-0.0045487,31.937,-6.0044,-0.16423,0.0017448,142.14,-0.0045487
32.025,-3.8436,-0.16341,0.0013566,142.74,-0.0039483,32.016,-6.0036,-0.16689,0.0013566,142.48,-0.0039483
32.103,-3.8439,-0.16806,-0.00071702,143.07,-0.0035094,32.095,-6.0039,-0.16684,-0.00071702,142.82,-0.0035094
32.18,-3.8422,-0.17108,-0.0014642,143.41,-0.0026875,32.174,-6.0022,-0.16796,-0.0014642,143.15,-0.0026875
32.258,-3.841,-0.17311,-0.0021233,143.75,-0.0022487,32.253,-6.001,-0.16851,-0.0021233,143.49,-0.0022487
32.336,-3.8397,-0.17384,-0.0017377,144.08,-0.001721,32.332,-5.9997,-0.1699,-0.0017377,143.83,-0.001721
32.414,-3.8388,-0.17394,-0.0016892,144.42,-0.0012506,32.411,-5.9988,-0.17035,-0.0016892,144.17,-0.0012506
32.493,-3.8384,-0.1739,-0.0016865,144.76,-0.0010281,32.491,-5.9984,-0.17038,-0.0016865,144.5,-0.0010281
32.573,-3.8393,-0.17437,-0.0024262,145.1,-0.0014973,32.57,-5.9993,-0.16897,-0.0024262,144.84,-0.0014973
32.652,-3.8397,-0.1737,-0.0023017,145.44,-0.0018797,32.649,-5.9997,-0.16854,-0.0023017,145.18,-0.0018797
32.73,-3.839,-0.17328,-0.0029304,145.77,-0.0016214,32.727,-5.999,-0.16709,-0.0029304,145.52,-0.0016214
32.808,-3.8383,-0.17354,-0.003675,146.11,-0.0012854,32.804,-5.9983,-0.16544,-0.003675,145.85,-0.0012854
32.886,-3.838,-0.17313,-0.0040017,146.45,-0.0011829,32.883,-5.998,-0.16467,-0.0040017,146.19,-0.0011829
32.963,-3.8383,-0.17269,-0.0044889,146.79,-0.0011816,32.961,-5.9983,-0.16309,-0.0044889,146.53,-0.0011816
33.041,-3.8386,-0.17176,-0.0050545,147.13,-0.0011509,33.039,-5.9985,-0.16108,-0.0050545,146.87,-0.0011509
33.119,-3.838,-0.17205,-0.0066185,147.46,-0.0007735,33.118,-5.998,-0.15785,-0.0066185,147.21,-0.0007735
33.196,-3.8361,-0.17107,-0.0064773,147.8,-0.00016236,33.196,-5.9961,-0.15648,-0.0064773,147.54,-0.00016236
33.273,-3.8354,-0.16758,-0.0050366,148.14,-0.00022698,33.273,-5.9954,-0.15654,-0.0050366,147.88,-0.00022698
33.351,-3.8368,-0.16528,-0.0047922,148.48,-0.00085943,33.349,-5.9968,-0.15522,-0.0047922,148.22,-0.00085943
33.429,-3.8381,-0.16392,-0.0051353,148.81,-0.0014038,33.425,-5.9981,-0.15302,-0.0051353,148.56,-0.0014038
33.507,-3.839,-0.16279,-0.0054566,149.15,-0.0017725,33.503,-5.9989,-0.15068,-0.0054566,148.89,-0.0017725
33.584,-3.839,-0.16062,-0.0052124,149.49,-0.0019192,33.58,-5.9989,-0.14945,-0.0052124,149.23,-0.0019192
33.66,-3.8392,-0.16026,-0.0057975,149.83,-0.0020086,33.655,-5.9991,-0.14772,-0.0057975,149.57,-0.0020086
33.736,-3.8398,-0.16106,-0.0070995,150.16,-0.0022733,33.732,-5.9997,-0.14581,-0.0070995,149.91,-0.0022733
33.812,-3.8402,-0.16194,-0.0080731,150.5,-0.002694,33.807,-6.0001,-0.14458,-0.0080731,150.25,-0.002694
33.889,-3.8407,-0.16211,-0.0082386,150.84,-0.0033859,33.882,-6.0006,-0.14418,-0.0082386,150.58,-0.0033859
33.966,-3.8424,-0.16102,-0.0078238,151.18,-0.0045521,33.956,-6.0023,-0.14452,-0.0078238,150.92,-0.0045521
34.043,-3.8439,-0.16025,-0.0073078,151.51,-0.0054116,34.031,-6.0038,-0.1445,-0.0073078,151.26,-0.0054116
34.121,-3.8454,-0.15965,-0.0067935,151.85,-0.0062553,34.107,-6.0053,-0.14526,-0.0067935,151.6,-0.0062553
34.199,-3.8482,-0.15877,-0.0056979,152.19,-0.0076697,34.181,-6.0082,-0.14624,-0.0056979,151.94,-0.0076697
34.276,-3.8528,-0.15758,-0.0042975,152.52,-0.0097421,34.256,-6.0127,-0.14849,-0.0042975,152.27,-0.0097421
34.355,-3.8579,-0.15769,-0.0033018,152.86,-0.01186,34.329,-6.0178,-0.15048,-0.0033018,152.61,-0.01186
34.432,-3.8627,-0.15827,-0.0030237,153.2,-0.013654,34.403,-6.0225,-0.15158,-0.0030237,152.95,-0.013654
34.51,-3.8663,-0.1584,-0.0023189,153.54,-0.014905,34.478,-6.0261,-0.15328,-0.0023189,153.29,-0.014905
34.588,-3.8698,-0.15947,-0.0022179,153.87,-0.015978,34.554,-6.0295,-0.15452,-0.0022179,153.62,-0.015978
34.666,-3.8725,-0.1607,-0.002308,154.21,-0.016819,34.63,-6.0322,-0.15547,-0.002308,153.96,-0.016819
34.744,-3.8749,-0.16072,-0.0014967,154.55,-0.017601,34.706,-6.0346,-0.15751,-0.0014967,154.3,-0.017601
34.822,-3.878,-0.16031,-0.00060026,154.89,-0.018314,34.781,-6.0376,-0.15881,-0.00060026,154.63,-0.018314
34.899,-3.8801,-0.15935,0.00039596,155.22,-0.018517,34.858,-6.0397,-0.16037,0.00039596,154.97,-0.018517
34.976,-3.8823,-0.1579,0.0016453,155.56,-0.018847,34.935,-6.0419,-0.16136,0.0016453,155.31,-0.018847
35.054,-3.8847,-0.15738,0.0019369,155.9,-0.019086,35.013,-6.0444,-0.16148,0.0019369,155.65,-0.019086
35.132,-3.887,-0.15801,0.0013579,156.24,-0.019239,35.09,-6.0466,-0.1611,0.0013579,155.98,-0.019239
35.21,-3.8889,-0.15824,0.00075281,156.57,-0.019456,35.168,-6.0485,-0.15987,0.00075281,156.32,-0.019456
35.288,-3.8911,-0.15783,0.00041376,156.91,-0.019997,35.245,-6.0507,-0.15866,0.00041376,156.66,-0.019997
35.367,-3.8935,-0.15626,0.001204,157.25,-0.020713,35.322,-6.053,-0.15889,0.001204,156.99,-0.020713
35.445,-3.8959,-0.15443,0.0018264,157.59,-0.021046,35.4,-6.0554,-0.15839,0.0018264,157.33,-0.021046
35.524,-3.8974,-0.15283,0.0017557,157.92,-0.020807,35.478,-6.0569,-0.15679,0.0017557,157.67,-0.020807
35.603,-3.898,-0.1512,0.0015745,158.26,-0.020272,35.558,-6.0576,-0.15476,0.0015745,158.01,-0.020272
35.681,-3.8991,-0.15123,0.00098726,158.6,-0.01988,35.637,-6.0587,-0.15318,0.00098726,158.34,-0.01988
35.759,-3.9011,-0.15245,-0.00010937,158.94,-0.020019,35.716,-6.0607,-0.15234,-0.00010937,158.68,-0.020019
35.839,-3.9037,-0.1543,-0.0018787,159.27,-0.020517,35.795,-6.0632,-0.15011,-0.0018787,159.02,-0.020517
35.918,-3.9057,-0.15565,-0.0031061,159.61,-0.021005,35.873,-6.0652,-0.14887,-0.0031061,159.35,-0.021005
35.997,-3.9067,-0.15625,-0.0031096,159.95,-0.021045,35.951,-6.0662,-0.1493,-0.0031096,159.69,-0.021045
36.074,-3.9067,-0.15581,-0.0024054,160.29,-0.020537,36.03,-6.0662,-0.15057,-0.0024054,160.03,-0.020537
36.152,-3.9063,-0.1552,-0.0022253,160.63,-0.01957,36.11,-6.0659,-0.15076,-0.0022253,160.37,-0.01957
36.23,-3.906,-0.15452,-0.0016098,160.96,-0.018673,36.189,-6.0656,-0.15069,-0.0016098,160.71,-0.018673
36.308,-3.9068,-0.15386,-0.0011938,161.3,-0.018358,36.269,-6.0664,-0.15152,-0.0011938,161.04,-0.018358
36.387,-3.9091,-0.156,-0.0019566,161.64,-0.018679,36.347,-6.0687,-0.1516,-0.0019566,161.38,-0.018679
36.465,-3.9117,-0.15835,-0.0025674,161.98,-0.01935,36.424,-6.0713,-0.15277,-0.0025674,161.72,-0.01935
36.543,-3.9132,-0.16061,-0.002679,162.31,-0.019588,36.501,-6.0728,-0.15454,-0.002679,162.06,-0.019588
36.621,-3.9136,-0.16225,-0.0023992,162.65,-0.019108,36.581,-6.0732,-0.157,-0.0023992,162.39,-0.019108
36.7,-3.9138,-0.16368,-0.0020622,162.99,-0.018394,36.66,-6.0734,-0.15913,-0.0020622,162.73,-0.018394
36.778,-3.9132,-0.16361,-0.0013897,163.33,-0.017337,36.741,-6.0728,-0.16104,-0.0013897,163.07,-0.017337
36.856,-3.9142,-0.16495,-0.0020922,163.66,-0.016811,36.82,-6.0738,-0.16044,-0.0020922,163.41,-0.016811
36.935,-3.9151,-0.16516,-0.00213,164,-0.016659,36.899,-6.0748,-0.16039,-0.00213,163.74,-0.016659
37.013,-3.9156,-0.16467,-0.0019434,164.34,-0.016431,36.978,-6.0753,-0.16029,-0.0019434,164.08,-0.016431
37.091,-3.9163,-0.16402,-0.0019313,164.68,-0.016257,37.057,-6.076,-0.15996,-0.0019313,164.42,-0.016257
37.171,-3.9169,-0.16349,-0.0019984,165.01,-0.015963,37.136,-6.0766,-0.15927,-0.0019984,164.76,-0.015963
37.251,-3.9171,-0.16256,-0.0016078,165.35,-0.015563,37.217,-6.0768,-0.15921,-0.0016078,165.09,-0.015563
37.33,-3.9174,-0.16093,-0.00089065,165.69,-0.015187,37.297,-6.0772,-0.15957,-0.00089065,165.43,-0.015187
37.408,-3.9177,-0.15959,-0.00033667,166.03,-0.014645,37.376,-6.0774,-0.15867,-0.00033667,165.77,-0.014645
37.486,-3.9184,-0.1585,-0.00050798,166.36,-0.014326,37.455,-6.0782,-0.15755,-0.00050798,166.11,-0.014326
37.564,-3.9194,-0.15806,-0.0010226,166.7,-0.014237,37.534,-6.0792,-0.15562,-0.0010226,166.44,-0.014237
37.642,-3.9211,-0.15795,-0.0020682,167.04,-0.014504,37.611,-6.0809,-0.15337,-0.0020682,166.78,-0.014504
37.721,-3.9227,-0.15638,-0.0019301,167.38,-0.015149,37.689,-6.0825,-0.15233,-0.0019301,167.12,-0.015149
37.801,-3.9247,-0.15606,-0.0027296,167.71,-0.015667,37.768,-6.0844,-0.14988,-0.0027296,167.46,-0.015667
37.881,-3.9263,-0.15451,-0.0032155,168.05,-0.015858,37.846,-6.086,-0.14764,-0.0032155,167.79,-0.015858
37.958,-3.9271,-0.1545,-0.0043805,168.39,-0.015652,37.925,-6.0868,-0.14511,-0.0043805,168.13,-0.015652
38.036,-3.927,-0.15459,-0.0052419,168.73,-0.015261,38.003,-6.0867,-0.14326,-0.0052419,168.47,-0.015261
38.113,-3.9268,-0.15442,-0.0060299,169.07,-0.014833,38.081,-6.0865,-0.14143,-0.0060299,168.81,-0.014833
38.191,-3.9272,-0.15471,-0.0070475,169.4,-0.01464,38.16,-6.0869,-0.13963,-0.0070475,169.14,-0.01464
38.27,-3.9283,-0.15516,-0.0077545,169.74,-0.014851,38.238,-6.088,-0.13839,-0.0077545,169.48,-0.014851
38.348,-3.9291,-0.1549,-0.0074384,170.08,-0.015139,38.315,-6.0888,-0.13891,-0.0074384,169.82,-0.015139
38.426,-3.9303,-0.15436,-0.0069271,170.42,-0.01543,38.393,-6.09,-0.13928,-0.0069271,170.16,-0.01543
