-3.9658,1.08,-0.14387,0,0,0,-3.9658,-1.08,-0.14387,0,0,0
-3.9629,1.08,-0.15714,0,0,0,-3.9629,-1.08,-0.15714,0,0,0
-3.9577,1.08,-0.17889,0,0,0,-3.9577,-1.08,-0.17889,0,0,0
-3.9533,1.08,-0.2034,0,0,0,-3.9533,-1.08,-0.2034,0,0,0
-3.9485,1.08,-0.22631,0,0,0,-3.9485,-1.08,-0.22631,0,0,0
-3.9445,1.08,-0.24339,0,0,0,-3.9445,-1.08,-0.24339,0,0,0
-3.9415,1.08,-0.25216,0,0,0,-3.9415,-1.08,-0.25216,0,0,0
-3.9389,1.08,-0.25289,0,0,0,-3.9389,-1.08,-0.25289,0,0,0
-3.935,1.08,-0.24666,0,0,0,-3.935,-1.08,-0.24666,0,0,0
-3.93,1.08,-0.23451,0,0,0,-3.93,-1.08,-0.23451,0,0,0
-3.9232,1.08,-0.21803,0,0,0,-3.9232,-1.08,-0.21803,0,0,0
-3.9145,1.08,-0.19971,0,0,0,-3.9145,-1.08,-0.19971,0,0,0
-3.9046,1.08,-0.1813,0,0,0,-3.9046,-1.08,-0.1813,0,0,0
-3.8943,1.08,-0.16404,0,0,0,-3.8943,-1.08,-0.16404,0,0,0
-3.884,1.08,-0.14962,0,0,0,-3.884,-1.08,-0.14962,0,0,0
-3.8746,1.08,-0.13759,0,0,0,-3.8746,-1.08,-0.13759,0,0,0
-3.8668,1.08,-0.12792,0,0,0,-3.8668,-1.08,-0.12792,0,0,0
-3.8616,1.08,-0.11988,0,0,0,-3.8616,-1.08,-0.11988,0,0,0
-3.8594,1.08,-0.11366,0,0,0,-3.8594,-1.08,-0.11366,0,0,0
-3.8604,1.08,-0.10938,0,0,0,-3.8604,-1.08,-0.10938,0,0,0
-3.864,1.08,-0.10683,0,0,0,-3.864,-1.08,-0.10683,0,0,0
-3.8691,1.08,-0.1064,0,0,0,-3.8691,-1.08,-0.1064,0,0,0
-3.8754,1.08,-0.10921,0,0,0,-3.8754,-1.08,-0.10921,0,0,0
-3.8827,1.08,-0.11474,0,0,0,-3.8827,-1.08,-0.11474,0,0,0
-3.889,1.08,-0.12368,0,0,0,-3.889,-1.08,-0.12368,0,0,0
-3.8944,1.08,-0.13645,0,0,0,-3.8944,-1.08,-0.13645,0,0,0
-3.8992,1.08,-0.15273,0,0,0,-3.8992,-1.08,-0.15273,0,0,0
-3.9035,1.08,-0.17084,0,0,0,-3.9035,-1.08,-0.17084,0,0,0
-3.9072,1.08,-0.18913,0,0,0,-3.9072,-1.08,-0.18913,0,0,0
-3.9104,1.08,-0.20533,0,0,0,-3.9104,-1.08,-0.20533,0,0,0
-3.9139,1.08,-0.21714,0,0,0,-3.9139,-1.08,-0.21714,0,0,0
-3.9179,1.08,-0.22277,0,0,0,-3.9179,-1.08,-0.22277,0,0,0
-3.9222,1.08,-0.22268,0,0,0,-3.9222,-1.08,-0.22268,0,0,0
-3.9266,1.08,-0.21787,0,0,0,-3.9266,-1.08,-0.21787,0,0,0
-3.9309,1.08,-0.20979,0,0,0,-3.9309,-1.08,-0.20979,0,0,0
-3.9348,1.08,-0.20008,0,0,0,-3.9348,-1.08,-0.20008,0,0,0
-3.9376,1.08,-0.19067,0,0,0,-3.9376,-1.08,-0.19067,0,0,0
-3.9391,1.08,-0.18283,0,0,0,-3.9391,-1.08,-0.18283,0,0,0
-3.9393,1.08,-0.17748,0,0,0,-3.9393,-1.08,-0.17748,0,0,0
-3.9382,1.08,-0.17488,0,0,0,-3.9382,-1.08,-0.17488,0,0,0
-3.9359,1.08,-0.175,0,0,0,-3.9359,-1.08,-0.175,0,0,0
-3.9328,1.08,-0.1771,0,0,0,-3.9328,-1.08,-0.1771,0,0,0
-3.9293,1.08,-0.18013,0,0,0,-3.9293,-1.08,-0.18013,0,0,0
-3.9259,1.08,-0.18319,0,0,0,-3.9259,-1.08,-0.18319,0,0,0
-3.9227,1.08,-0.18553,0,0,0,-3.9227,-1.08,-0.18553,0,0,0
-3.9199,1.08,-0.18652,0,0,0,-3.9199,-1.08,-0.18652,0,0,0
-3.9176,1.08,-0.18589,0,0,0,-3.9176,-1.08,-0.18589,0,0,0
-3.9156,1.08,-0.18368,0,0,0,-3.9156,-1.08,-0.18368,0,0,0
-3.9139,1.08,-0.18016,0,0,0,-3.9139,-1.08,-0.18016,0,0,0
-3.9121,1.08,-0.17575,0,0,0,-3.9121,-1.08,-0.17575,0,0,0
-3.9103,1.08,-0.17107,0,0,0,-3.9103,-1.08,-0.17107,0,0,0
-3.9082,1.08,-0.16667,0,0,0,-3.9082,-1.08,-0.16667,0,0,0
-3.9059,1.08,-0.163,0,0,0,-3.9059,-1.08,-0.163,0,0,0
-3.9036,1.08,-0.16032,0,0,0,-3.9036,-1.08,-0.16032,0,0,0
-3.9012,1.08,-0.15882,0,0,0,-3.9012,-1.08,-0.15882,0,0,0
-3.8987,1.08,-0.15835,0,0,0,-3.8987,-1.08,-0.15835,0,0,0
-3.8965,1.08,-0.1587,0,0,0,-3.8965,-1.08,-0.1587,0,0,0
-3.8947,1.08,-0.15956,0,0,0,-3.8947,-1.08,-0.15956,0,0,0
-3.8934,1.08,-0.16066,0,0,0,-3.8934,-1.08,-0.16066,0,0,0
-3.8931,1.08,-0.16165,0,0,0,-3.8931,-1.08,-0.16165,0,0,0
-3.8937,1.08,-0.16249,0,0,0,-3.8937,-1.08,-0.16249,0,0,0
-3.8952,1.08,-0.16326,0,0,0,-3.8952,-1.08,-0.16326,0,0,0
-3.8974,1.08,-0.16413,0,0,0,-3.8974,-1.08,-0.16413,0,0,0
-3.9002,1.08,-0.16529,0,0,0,-3.9002,-1.08,-0.16529,0,0,0
-3.9032,1.08,-0.16703,0,0,0,-3.9032,-1.08,-0.16703,0,0,0
-3.9062,1.08,-0.16933,0,0,0,-3.9062,-1.08,-0.16933,0,0,0
-3.9091,1.08,-0.17191,0,0,0,-3.9091,-1.08,-0.17191,0,0,0
-3.9117,1.08,-0.17468,0,0,0,-3.9117,-1.08,-0.17468,0,0,0
-3.9138,1.08,-0.17748,0,0,0,-3.9138,-1.08,-0.17748,0,0,0
-3.9154,1.08,-0.18007,0,0,0,-3.9154,-1.08,-0.18007,0,0,0
-3.9167,1.08,-0.18231,0,0,0,-3.9167,-1.08,-0.18231,0,0,0
-3.9176,1.08,-0.18406,0,0,0,-3.9176,-1.08,-0.18406,0,0,0
-3.9181,1.08,-0.18521,0,0,0,-3.9181,-1.08,-0.18521,0,0,0
-3.9183,1.08,-0.18569,0,0,0,-3.9183,-1.08,-0.18569,0,0,0
-3.9183,1.08,-0.18553,0,0,0,-3.9183,-1.08,-0.18553,0,0,0
-3.9181,1.08,-0.18483,0,0,0,-3.9181,-1.08,-0.18483,0,0,0
-3.9177,1.08,-0.18365,0,0,0,-3.9177,-1.08,-0.18365,0,0,0
-3.9172,1.08,-0.18213,0,0,0,-3.9172,-1.08,-0.18213,0,0,0
-3.9165,1.08,-0.18043,0,0,0,-3.9165,-1.08,-0.18043,0,0,0
-3.9156,1.08,-0.1787,0,0,0,-3.9156,-1.08,-0.1787,0,0,0
-3.9146,1.08,-0.17706,0,0,0,-3.9146,-1.08,-0.17706,0,0,0
-3.9134,1.08,-0.1756,0,0,0,-3.9134,-1.08,-0.1756,0,0,0
-3.9121,1.08,-0.17439,0,0,0,-3.9121,-1.08,-0.17439,0,0,0
-3.9106,1.08,-0.17342,0,0,0,-3.9106,-1.08,-0.17342,0,0,0
-3.9092,1.08,-0.17263,0,0,0,-3.9092,-1.08,-0.17263,0,0,0
-3.9078,1.08,-0.17201,0,0,0,-3.9078,-1.08,-0.17201,0,0,0
-3.9065,1.08,-0.17152,0,0,0,-3.9065,-1.08,-0.17152,0,0,0
-3.9053,1.08,-0.1711,0,0,0,-3.9053,-1.08,-0.1711,0,0,0
-3.9043,1.08,-0.17077,0,0,0,-3.9043,-1.08,-0.17077,0,0,0
-3.9033,1.08,-0.17061,0,0,0,-3.9033,-1.08,-0.17061,0,0,0
-3.9024,1.08,-0.17057,0,0,0,-3.9024,-1.08,-0.17057,0,0,0
-3.9015,1.08,-0.17067,0,0,0,-3.9015,-1.08,-0.17067,0,0,0
-3.9009,1.08,-0.1709,0,0,0,-3.9009,-1.08,-0.1709,0,0,0
-3.9004,1.08,-0.17118,0,0,0,-3.9004,-1.08,-0.17118,0,0,0
-3.9003,1.08,-0.17146,0,0,0,-3.9003,-1.08,-0.17146,0,0,0
-3.9004,1.08,-0.17175,0,0,0,-3.9004,-1.08,-0.17175,0,0,0
-3.9008,1.08,-0.17207,0,0,0,-3.9008,-1.08,-0.17207,0,0,0
-3.9015,1.08,-0.1724,0,0,0,-3.9015,-1.08,-0.1724,0,0,0
-3.9024,1.08,-0.17274,0,0,0,-3.9024,-1.08,-0.17274,0,0,0
-3.9034,1.08,-0.17315,0,0,0,-3.9034,-1.08,-0.17315,0,0,0
-3.9043,1.08,-0.17364,0,0,0,-3.9043,-1.08,-0.17364,0,0,0
-3.9053,1.08,-0.17421,0,0,0,-3.9053,-1.08,-0.17421,0,0,0
-3.9061,1.08,-0.17484,0,0,0,-3.9061,-1.08,-0.17484,0,0,0
-3.9068,1.08,-0.17553,0,0,0,-3.9068,-1.08,-0.17553,0,0,0
-3.9073,1.08,-0.17622,0,0,0,-3.9073,-1.08,-0.17622,0,0,0
-3.9077,1.08,-0.17687,0,0,0,-3.9077,-1.08,-0.17687,0,0,0
-3.9078,1.08,-0.17745,0,0,0,-3.9078,-1.08,-0.17745,0,0,0
-3.9078,1.08,-0.17789,0,0,0,-3.9078,-1.08,-0.17789,0,0,0
-3.9077,1.08,-0.17815,0,0,0,-3.9077,-1.08,-0.17815,0,0,0
-3.9076,1.08,-0.17818,0,0,0,-3.9076,-1.08,-0.17818,0,0,0
-3.9073,1.08,-0.178,0,0,0,-3.9073,-1.08,-0.178,0,0,0
-3.907,1.08,-0.17763,0,0,0,-3.907,-1.08,-0.17763,0,0,0
-3.9067,1.08,-0.1771,0,0,0,-3.9067,-1.08,-0.1771,0,0,0
-3.9062,1.08,-0.17649,0,0,0,-3.9062,-1.08,-0.17649,0,0,0
-3.9057,1.08,-0.17585,0,0,0,-3.9057,-1.08,-0.17585,0,0,0
-3.9052,1.08,-0.17522,0,0,0,-3.9052,-1.08,-0.17522,0,0,0
-3.9046,1.08,-0.17463,0,0,0,-3.9046,-1.08,-0.17463,0,0,0
-3.9039,1.08,-0.17413,0,0,0,-3.9039,-1.08,-0.17413,0,0,0
-3.9032,1.08,-0.17374,0,0,0,-3.9032,-1.08,-0.17374,0,0,0
-3.9025,1.08,-0.17346,0,0,0,-3.9025,-1.08,-0.17346,0,0,0
-3.9018,1.08,-0.1733,0,0,0,-3.9018,-1.08,-0.1733,0,0,0
-3.9012,1.08,-0.17324,0,0,0,-3.9012,-1.08,-0.17324,0,0,0
-3.9006,1.08,-0.17326,0,0,0,-3.9006,-1.08,-0.17326,0,0,0
-3.9002,1.08,-0.17334,0,0,0,-3.9002,-1.08,-0.17334,0,0,0
-3.8999,1.08,-0.17345,0,0,0,-3.8999,-1.08,-0.17345,0,0,0
-3.8997,1.08,-0.1736,0,0,0,-3.8997,-1.08,-0.1736,0,0,0
-3.8997,1.08,-0.17376,0,0,0,-3.8997,-1.08,-0.17376,0,0,0
-3.8998,1.08,-0.17393,0,0,0,-3.8998,-1.08,-0.17393,0,0,0
-3.9,1.08,-0.17411,0,0,0,-3.9,-1.08,-0.17411,0,0,0
-3.9002,1.08,-0.17432,0,0,0,-3.9002,-1.08,-0.17432,0,0,0
-3.9005,1.08,-0.17455,0,0,0,-3.9005,-1.08,-0.17455,0,0,0
-3.9009,1.08,-0.17481,0,0,0,-3.9009,-1.08,-0.17481,0,0,0
-3.9013,1.08,-0.17511,0,0,0,-3.9013,-1.08,-0.17511,0,0,0
-3.9016,1.08,-0.17542,0,0,0,-3.9016,-1.08,-0.17542,0,0,0
-3.9019,1.08,-0.17574,0,0,0,-3.9019,-1.08,-0.17574,0,0,0
-3.9022,1.08,-0.17605,0,0,0,-3.9022,-1.08,-0.17605,0,0,0
-3.9025,1.08,-0.17635,0,0,0,-3.9025,-1.08,-0.17635,0,0,0
-3.9027,1.08,-0.1766,0,0,0,-3.9027,-1.08,-0.1766,0,0,0
-3.9028,1.08,-0.17679,0,0,0,-3.9028,-1.08,-0.17679,0,0,0
-3.9029,1.08,-0.17691,0,0,0,-3.9029,-1.08,-0.17691,0,0,0
-3.9029,1.08,-0.17697,0,0,0,-3.9029,-1.08,-0.17697,0,0,0
-3.9029,1.08,-0.17696,0,0,0,-3.9029,-1.08,-0.17696,0,0,0
-3.9029,1.08,-0.17689,0,0,0,-3.9029,-1.08,-0.17689,0,0,0
-3.9027,1.08,-0.17678,0,0,0,-3.9027,-1.08,-0.17678,0,0,0
-3.9025,1.08,-0.17663,0,0,0,-3.9025,-1.08,-0.17663,0,0,0
-3.9023,1.08,-0.17645,0,0,0,-3.9023,-1.08,-0.17645,0,0,0
-3.902,1.08,-0.17627,0,0,0,-3.902,-1.08,-0.17627,0,0,0
-3.9016,1.08,-0.17609,0,0,0,-3.9016,-1.08,-0.17609,0,0,0
-3.9012,1.08,-0.17592,0,0,0,-3.9012,-1.08,-0.17592,0,0,0
-3.9008,1.08,-0.17577,0,0,0,-3.9008,-1.08,-0.17577,0,0,0
-3.9003,1.08,-0.17564,0,0,0,-3.9003,-1.08,-0.17564,0,0,0
-3.8999,1.08,-0.17563,0,0,0,-3.8999,-1.08,-0.17563,0,0,0
-3.8994,1.08,-0.17578,0,0,0,-3.8994,-1.08,-0.17578,0,0,0
-3.8987,1.08,-0.1762,0,0,0,-3.8987,-1.08,-0.17619,0,0,0
-3.8978,1.08,-0.17706,0,0,0,-3.8977,-1.08,-0.17704,0,0,0
-3.8962,1.08,-0.17846,0,0,0,-3.8962,-1.08,-0.17844,0,0,0
-3.894,1.08,-0.18045,0,0,0,-3.894,-1.08,-0.18042,0,0,0
-3.891,1.0799,-0.18289,0,0,0,-3.8909,-1.08,-0.18284,0,0,0
-3.8869,1.0799,-0.18568,0,0,0,-3.8868,-1.0801,-0.1856,0,0,0
-3.8819,1.0799,-0.18855,0,0,0,-3.8818,-1.0801,-0.18843,0,0,0
-3.876,1.0799,-0.19121,0,0,0,-3.8758,-1.0801,-0.19106,0,0,0
-3.8693,1.0799,-0.19334,0,0,0,-3.869,-1.0801,-0.19313,0,0,0
-3.862,1.0798,-0.19481,0,0,0,-3.8617,-1.0802,-0.19456,0,0,0
-3.8542,1.0798,-0.19566,0,0,0,-3.8538,-1.0802,-0.19538,0,0,0
-3.8457,1.0797,-0.19605,0,0,0,-3.8452,-1.0803,-0.19575,0,0,0
-3.8364,1.0796,-0.19622,0,0,0,-3.8357,-1.0804,-0.19585,0,0,0
-3.8259,1.0795,-0.19647,0,0,0,-3.8251,-1.0805,-0.19595,0,0,0
-3.8137,1.0793,-0.1974,0,0,0,-3.8127,-1.0806,-0.1967,0,0,0
-3.7993,1.0792,-0.19923,0,0,0,-3.7981,-1.0808,-0.19828,0,0,0
-3.7829,1.0791,-0.20161,0,0,0,-3.7814,-1.0809,-0.20043,0,0,0
-3.7647,1.0792,-0.20352,0,0,0,-3.7632,-1.0808,-0.20216,0,0,0
-3.7456,1.0791,-0.20442,0,0,0,-3.7441,-1.0809,-0.20315,0,0,0
-3.726,1.0789,-0.20455,0,0,0,-3.7242,-1.0811,-0.20334,0,0,0
-3.706,1.0787,-0.2033,0,0,0,-3.704,-1.0812,-0.20223,0,0,0
-3.6862,1.0785,-0.20038,0,0,0,-3.684,-1.0815,-0.19943,0,0,0
-3.6664,1.0783,-0.19639,0,0,0,-3.6639,-1.0817,-0.19549,0,0,0
-3.646,1.0779,-0.19239,0,0,0,-3.6431,-1.0821,-0.19135,0,0,0
-3.6242,1.0776,-0.18886,0,0,0,-3.6208,-1.0824,-0.18766,0,0,0
-3.6005,1.0776,-0.18636,0,0,0,-3.597,-1.0824,-0.18507,0,0,0
-3.5754,1.0773,-0.18519,0,0,0,-3.5715,-1.0827,-0.18374,0,0,0
-3.5493,1.077,-0.18413,0,0,0,-3.545,-1.083,-0.18278,0,0,0
-3.5224,1.0766,-0.18333,0,0,0,-3.5177,-1.0834,-0.18193,0,0,0
-3.4949,1.0761,-0.1827,0,0,0,-3.4896,-1.0839,-0.18127,0,0,0
-3.4665,1.0758,-0.18238,0,0,0,-3.4608,-1.0841,-0.18098,0,0,0
-3.4371,1.0755,-0.18308,0,0,0,-3.4309,-1.0845,-0.1814,0,0,0
-3.4068,1.0754,-0.18375,0,0,0,-3.4005,-1.0845,-0.1821,0,0,0
-3.3768,1.0751,-0.18364,0,0,0,-3.37,-1.0848,-0.18184,0,0,0
-3.3471,1.0746,-0.18263,0,0,0,-3.3397,-1.0853,-0.18095,0,0,0
-3.3171,1.074,-0.18171,0,0,0,-3.3089,-1.0859,-0.17988,0,0,0
-3.2859,1.0735,-0.18163,0,0,0,-3.277,-1.0864,-0.17965,0,0,0
-3.2539,1.0733,-0.18178,0,0,0,-3.2445,-1.0867,-0.17979,0,0,0
-3.2217,1.0729,-0.18174,0,0,0,-3.2117,-1.0871,-0.1797,0,0,0
-3.189,1.0721,-0.18196,0,0,0,-3.1781,-1.0879,-0.1798,0,0,0
-3.1553,1.0713,-0.18309,0,0,0,-3.1432,-1.0887,-0.18062,0,0,0
-3.1199,1.0711,-0.1848,0,0,0,-3.1074,-1.0889,-0.18266,0,0,0
-3.0838,1.0708,-0.18659,0,0,0,-3.0708,-1.0891,-0.18456,0,0,0
-3.0475,1.0702,-0.18817,0,0,0,-3.0337,-1.0898,-0.18616,0,0,0
-3.0103,1.0694,-0.19005,0,0,0,-2.9952,-1.0905,-0.1878,0,0,0
-2.9714,1.0691,-0.19215,0,0,0,-2.9557,-1.0909,-0.19025,0,0,0
-2.9319,1.0689,-0.1938,0,0,0,-2.9159,-1.091,-0.19189,0,0,0
-2.8927,1.0683,-0.19472,0,0,0,-2.8756,-1.0916,-0.19243,0,0,0
-2.8524,1.0676,-0.19558,0,0,0,-2.8339,-1.0923,-0.19307,0,0,0
-2.8102,1.0673,-0.19667,0,0,0,-2.7912,-1.0926,-0.19416,0,0,0
-2.7678,1.067,-0.19656,0,0,0,-2.7484,-1.0929,-0.19444,0,0,0
-2.7254,1.0663,-0.19625,0,0,0,-2.7044,-1.0936,-0.19372,0,0,0
-2.6809,1.0656,-0.19665,0,0,0,-2.6588,-1.0942,-0.19416,0,0,0
-2.6349,1.0652,-0.19703,0,0,0,-2.6121,-1.0946,-0.1946,0,0,0
-2.5892,1.0647,-0.19657,0,0,0,-2.5652,-1.0952,-0.19406,0,0,0
-2.5421,1.0641,-0.19627,0,0,0,-2.5168,-1.0957,-0.19401,0,0,0
-2.4929,1.0635,-0.19705,0,0,0,-2.4665,-1.0963,-0.19433,0,0,0
-2.4434,1.0632,-0.1966,0,0,0,-2.4162,-1.0967,-0.19437,0,0,0
-2.3935,1.0629,-0.19588,0,0,0,-2.365,-1.0969,-0.19386,0,0,0
-2.3419,1.0621,-0.19599,0,0,0,-2.3122,-1.0977,-0.19341,0,0,0
-2.2896,1.0617,-0.19498,0,0,0,-2.2589,-1.098,-0.19297,0,0,0
-2.2369,1.0618,-0.19386,0,0,0,-2.2051,-1.098,-0.19191,0,0,0
-2.1832,1.0611,-0.19299,0,0,0,-2.1502,-1.0986,-0.19068,0,0,0
-2.1288,1.0606,-0.19151,0,0,0,-2.0943,-1.0991,-0.18941,0,0,0
-2.0734,1.0607,-0.1904,0,0,0,-2.0381,-1.099,-0.18827,0,0,0
-2.0174,1.0601,-0.18928,0,0,0,-1.9808,-1.0996,-0.1872,0,0,0
-1.9608,1.0596,-0.18823,0,0,0,-1.9225,-1.1001,-0.18611,0,0,0
-1.903,1.0595,-0.18765,0,0,0,-1.8635,-1.1002,-0.18562,0,0,0
-1.8445,1.0591,-0.18699,0,0,0,-1.8036,-1.1005,-0.18538,0,0,0
-1.7855,1.0588,-0.18702,0,0,0,-1.7433,-1.1008,-0.18472,0,0,0
-1.7255,1.0585,-0.18692,0,0,0,-1.6819,-1.101,-0.18474,0,0,0
-1.6649,1.0582,-0.18686,0,0,0,-1.6195,-1.1013,-0.18502,0,0,0
-1.6035,1.0581,-0.18717,0,0,0,-1.5569,-1.1013,-0.18515,0,0,0
-1.5415,1.058,-0.18722,0,0,0,-1.4934,-1.1015,-0.18566,0,0,0
-1.479,1.0578,-0.18788,0,0,0,-1.4294,-1.1016,-0.18545,0,0,0
-1.4157,1.0578,-0.188,0,0,0,-1.3645,-1.1016,-0.18602,0,0,0
-1.3518,1.0578,-0.18843,0,0,0,-1.2989,-1.1016,-0.18642,0,0,0
-1.2871,1.0578,-0.18885,0,0,0,-1.2329,-1.1015,-0.1867,0,0,0
-1.2216,1.058,-0.18921,0,0,0,-1.1656,-1.1012,-0.18747,0,0,0
-1.1555,1.0578,-0.18991,0,0,0,-1.0978,-1.1014,-0.18745,0,0,0
-1.0885,1.0583,-0.19031,0,0,0,-1.0293,-1.1009,-0.18851,0,0,0
-1.0208,1.0582,-0.19129,0,0,0,-0.9596,-1.1009,-0.18861,0,0,0
-0.95204,1.0587,-0.19168,0,0,0,-0.88936,-1.1003,-0.18987,0,0,0
-0.88263,1.0587,-0.19289,0,0,0,-0.81773,-1.1004,-0.19017,0,0,0
-0.81209,1.0593,-0.1934,0,0,0,-0.7457,-1.0997,-0.19135,0,0,0
-0.74097,1.0593,-0.19447,0,0,0,-0.67215,-1.0996,-0.19176,0,0,0
-0.66872,1.06,-0.19476,0,0,0,-0.59833,-1.0989,-0.19258,0,0,0
-0.59588,1.0601,-0.19551,0,0,0,-0.52301,-1.0986,-0.19282,0,0,0
-0.52203,1.0608,-0.1955,0,0,0,-0.44745,-1.0979,-0.19311,0,0,0
-0.44749,1.0612,-0.19583,0,0,0,-0.37044,-1.0975,-0.19299,0,0,0
-0.37202,1.062,-0.1954,0,0,0,-0.29306,-1.0966,-0.19288,0,0,0
-0.29581,1.0624,-0.19534,0,0,0,-0.21429,-1.0961,-0.19232,0,0,0
-0.21862,1.0633,-0.19465,0,0,0,-0.13509,-1.0951,-0.19195,0,0,0
-0.14074,1.0638,-0.19418,0,0,0,-0.054645,-1.0945,-0.19097,0,0,0
-0.061786,1.0649,-0.19333,0,0,0,0.026411,-1.0933,-0.19059,0,0,0
0.017828,1.0655,-0.19252,0,0,0,0.10848,-1.0926,-0.1893,0,0,0
0.098561,1.0667,-0.19185,0,0,0,0.19148,-1.0913,-0.18901,0,0,0
0.18003,1.0677,-0.19075,0,0,0,0.27553,-1.0902,-0.18762,0,0,0
0.26249,1.069,-0.19024,0,0,0,0.36051,-1.0888,-0.18748,0,0,0
0.34591,1.0702,-0.18923,0,0,0,0.44636,-1.0875,-0.18663,0,0,0
0.43017,1.0716,-0.18923,0,0,0,0.5333,-1.0859,-0.18707,0,0,0
0.51523,1.0733,-0.18842,0,0,0,0.62059,-1.0841,-0.18644,0,0,0
0.60107,1.0748,-0.1887,0,0,0,0.70904,-1.0824,-0.18648,0,0,0
0.68781,1.0769,-0.18857,0,0,0,0.79801,-1.0803,-0.1865,0,0,0
0.77523,1.079,-0.18812,0,0,0,0.88825,-1.078,-0.18628,0,0,0
0.86339,1.0812,-0.18902,0,0,0,0.97904,-1.0757,-0.18629,0,0,0
0.95246,1.0838,-0.18784,0,0,0,1.0702,-1.073,-0.18637,0,0,0
1.0425,1.0859,-0.18827,0,0,0,1.1625,-1.0707,-0.18624,0,0,0
1.1332,1.0886,-0.18816,0,0,0,1.2556,-1.068,-0.18582,0,0,0
1.2241,1.0911,-0.18752,0,0,0,1.3499,-1.0652,-0.18611,0,0,0
1.316,1.0936,-0.18824,0,0,0,1.4445,-1.0626,-0.18553,0,0,0
1.4086,1.0965,-0.18705,0,0,0,1.5396,-1.0595,-0.18612,0,0,0
1.5022,1.0994,-0.1869,0,0,0,1.636,-1.0565,-0.18573,0,0,0
1.5969,1.1023,-0.18738,0,0,0,1.7335,-1.0533,-0.18526,0,0,0
1.6917,1.1057,-0.18656,0,0,0,1.8312,-1.0498,-0.18615,0,0,0
1.7875,1.1089,-0.18761,0,0,0,1.9298,-1.0464,-0.18568,0,0,0
1.8845,1.1127,-0.18767,0,0,0,2.0297,-1.0424,-0.18619,0,0,0
1.9822,1.1168,-0.18768,0,0,0,2.1302,-1.0382,-0.18699,0,0,0
2.0807,1.1208,-0.18885,0,0,0,2.2309,-1.034,-0.18689,0,0,0
2.1799,1.1252,-0.18939,0,0,0,2.3334,-1.0293,-0.18766,0,0,0
2.28,1.1297,-0.18978,0,0,0,2.4362,-1.0247,-0.18852,0,0,0
2.3807,1.1343,-0.19074,0,0,0,2.5395,-1.0199,-0.18853,0,0,0
2.4823,1.1392,-0.1912,0,0,0,2.6443,-1.0147,-0.18922,0,0,0
2.5847,1.144,-0.19155,0,0,0,2.7492,-1.0097,-0.18983,0,0,0
2.6876,1.1492,-0.19204,0,0,0,2.8554,-1.0043,-0.18989,0,0,0
2.7916,1.1546,-0.19222,0,0,0,2.9621,-0.99869,-0.19037,0,0,0
2.8964,1.1599,-0.19269,0,0,0,3.0702,-0.9931,-0.19067,0,0,0
3.0015,1.1652,-0.19272,0,0,0,3.1789,-0.98746,-0.19102,0,0,0
3.1083,1.171,-0.19286,0,0,0,3.2885,-0.98142,-0.19121,0,0,0
3.2155,1.1767,-0.19335,0,0,0,3.3994,-0.97543,-0.1916,0,0,0
3.3236,1.1825,-0.19361,0,0,0,3.5113,-0.96931,-0.19177,0,0,0
3.4327,1.1887,-0.19366,0,0,0,3.6239,-0.96278,-0.192,0,0,0
3.5426,1.1953,-0.19339,0,0,0,3.7373,-0.95587,-0.1922,0,0,0
3.6535,1.2019,-0.19372,0,0,0,3.8518,-0.94902,-0.19207,0,0,0
3.765,1.2086,-0.19372,0,0,0,3.9673,-0.94192,-0.19175,0,0,0
3.8776,1.2157,-0.19351,0,0,0,4.0834,-0.93444,-0.19161,0,0,0
3.9908,1.2232,-0.19297,0,0,0,4.2005,-0.92656,-0.19165,0,0,0
4.1051,1.2308,-0.19286,0,0,0,4.3182,-0.91868,-0.19135,0,0,0
4.2199,1.2383,-0.19283,0,0,0,4.4373,-0.91071,-0.19076,0,0,0
4.3358,1.2463,-0.1927,0,0,0,4.5571,-0.90228,-0.19031,0,0,0
4.4523,1.2547,-0.19197,0,0,0,4.6774,-0.89349,-0.19044,0,0,0
4.5697,1.2633,-0.19152,0,0,0,4.7988,-0.88454,-0.19039,0,0,0
4.6879,1.2721,-0.19128,0,0,0,4.9209,-0.87533,-0.19019,0,0,0
4.8069,1.2808,-0.19137,0,0,0,5.0441,-0.86612,-0.18977,0,0,0
4.927,1.2901,-0.19114,0,0,0,5.1683,-0.85634,-0.18971,0,0,0
5.0474,1.2998,-0.19088,0,0,0,5.2931,-0.84615,-0.1898,0,0,0
5.1689,1.3097,-0.19059,0,0,0,5.4186,-0.83584,-0.19004,0,0,0
5.291,1.3198,-0.19043,0,0,0,5.5451,-0.82521,-0.18998,0,0,0
5.4139,1.3303,-0.1904,0,0,0,5.6722,-0.8142,-0.18978,0,0,0
5.5378,1.3412,-0.19041,0,0,0,5.8001,-0.80285,-0.18953,0,0,0
5.662,1.3522,-0.1901,0,0,0,5.9289,-0.79126,-0.18902,0,0,0
5.7869,1.3636,-0.18957,0,0,0,6.0582,-0.77925,-0.18831,0,0,0
5.9122,1.3755,-0.1884,0,0,0,6.1875,-0.76682,-0.18728,0,0,0
6.0375,1.3877,-0.18666,0,0,0,6.317,-0.75412,-0.18584,0,0,0
6.1629,1.4001,-0.18475,0,0,0,6.4467,-0.7412,-0.18382,0,0,0
6.2886,1.4128,-0.18209,0,0,0,6.5762,-0.72796,-0.1813,0,0,0
6.4138,1.4258,-0.17919,0,0,0,6.7055,-0.71436,-0.17853,0,0,0
6.5391,1.4389,-0.17632,0,0,0,6.8349,-0.70078,-0.17531,0,0,0
6.6643,1.4521,-0.17335,0,0,0,6.9642,-0.68699,-0.17206,0,0,0
6.7893,1.4658,-0.17018,0,0,0,7.0932,-0.67276,-0.16912,0,0,0
6.9143,1.4797,-0.16751,0,0,0,7.222,-0.65828,-0.16631,0,0,0
7.0392,1.4937,-0.16481,0,0,0,7.3508,-0.64369,-0.16425,0,0,0
7.1638,1.5078,-0.16279,0,0,0,7.4795,-0.62901,-0.16219,0,0,0
7.2886,1.5221,-0.16119,0,0,0,7.6081,-0.61411,-0.1607,0,0,0
7.4131,1.5366,-0.16018,0,0,0,7.7368,-0.59896,-0.15959,0,0,0
7.5374,1.5513,-0.15947,0,0,0,7.8652,-0.58367,-0.15882,0,0,0
7.6615,1.5664,-0.15937,0,0,0,7.9931,-0.56802,-0.15852,0,0,0
7.7851,1.5816,-0.15918,0,0,0,8.1208,-0.5522,-0.15851,0,0,0
7.9085,1.5969,-0.15938,0,0,0,8.2483,-0.53623,-0.15928,0,0,0
8.0317,1.6125,-0.15991,0,0,0,8.3751,-0.52001,-0.15978,0,0,0
8.1544,1.6285,-0.16057,0,0,0,8.5016,-0.5034,-0.16062,0,0,0
8.2767,1.6446,-0.16192,0,0,0,8.6279,-0.48669,-0.16138,0,0,0
8.3989,1.6607,-0.16316,0,0,0,8.7539,-0.46992,-0.16232,0,0,0
8.5205,1.6769,-0.16455,0,0,0,8.8796,-0.45303,-0.16371,0,0,0
8.6421,1.6932,-0.16602,0,0,0,9.0052,-0.43606,-0.16519,0,0,0
8.7635,1.7097,-0.16771,0,0,0,9.1307,-0.41882,-0.16722,0,0,0
8.8847,1.7265,-0.16941,0,0,0,9.2561,-0.40133,-0.16908,0,0,0
9.006,1.7433,-0.17162,0,0,0,9.3816,-0.38378,-0.1711,0,0,0
9.127,1.7603,-0.17374,0,0,0,9.5074,-0.366,-0.17317,0,0,0
9.2485,1.7777,-0.17588,0,0,0,9.6331,-0.34778,-0.17521,0,0,0
9.3699,1.7957,-0.17772,0,0,0,9.7585,-0.3291,-0.17717,0,0,0
9.4914,1.8141,-0.17904,0,0,0,9.8839,-0.30998,-0.17893,0,0,0
9.6132,1.8329,-0.18049,0,0,0,10.009,-0.29041,-0.18047,0,0,0
9.7349,1.8521,-0.18154,0,0,0,10.135,-0.27057,-0.18139,0,0,0
9.8567,1.8712,-0.18259,0,0,0,10.261,-0.25067,-0.18191,0,0,0
9.9788,1.8904,-0.18319,0,0,0,10.387,-0.23072,-0.18194,0,0,0
10.101,1.9099,-0.18329,0,0,0,10.513,-0.21038,-0.18189,0,0,0
10.223,1.9297,-0.18328,0,0,0,10.64,-0.18978,-0.1815,0,0,0
10.346,1.9498,-0.18244,0,0,0,10.766,-0.1689,-0.18132,0,0,0
10.468,1.9699,-0.18169,0,0,0,10.893,-0.14785,-0.18074,0,0,0
10.591,1.9904,-0.18092,0,0,0,11.02,-0.12662,-0.17987,0,0,0
10.714,2.0111,-0.17997,0,0,0,11.147,-0.10505,-0.17901,0,0,0
10.836,2.0319,-0.17882,0,0,0,11.274,-0.0833,-0.17786,0,0,0
10.96,2.0531,-0.17786,0,0,0,11.402,-0.06119,-0.17673,0,0,0
11.083,2.0748,-0.17643,0,0,0,11.529,-0.038676,-0.17564,0,0,0
11.206,2.0965,-0.17519,0,0,0,11.656,-0.016097,-0.17449,0,0,0
11.329,2.1185,-0.1738,0,0,0,11.783,0.0067629,-0.17349,0,0,0
11.452,2.1406,-0.17254,0,0,0,11.91,0.029841,-0.17223,0,0,0
11.575,2.1632,-0.17152,0,0,0,12.037,0.053255,-0.17099,0,0,0
11.698,2.1861,-0.17046,0,0,0,12.164,0.077019,-0.16972,0,0,0
11.82,2.209,-0.16947,0,0,0,12.291,0.1009,-0.16855,0,0,0
11.943,2.2322,-0.16852,0,0,0,12.418,0.12497,-0.16753,0,0,0
12.066,2.2557,-0.16755,0,0,0,12.544,0.14937,-0.16679,0,0,0
12.188,2.2794,-0.16655,0,0,0,12.67,0.17397,-0.16638,0,0,0
12.31,2.3033,-0.16625,0,0,0,12.796,0.19877,-0.16584,0,0,0
12.432,2.3274,-0.16595,0,0,0,12.922,0.2238,-0.16552,0,0,0
12.554,2.3517,-0.166,0,0,0,13.048,0.24902,-0.16531,0,0,0
12.675,2.376,-0.16628,0,0,0,13.174,0.2743,-0.16529,0,0,0
12.797,2.4007,-0.16654,0,0,0,13.299,0.29995,-0.16565,0,0,0
12.918,2.4257,-0.16697,0,0,0,13.424,0.32584,-0.16624,0,0,0
13.039,2.4509,-0.16752,0,0,0,13.549,0.35198,-0.16718,0,0,0
13.16,2.4761,-0.16834,0,0,0,13.674,0.37818,-0.16796,0,0,0
13.281,2.5014,-0.16947,0,0,0,13.799,0.4045,-0.16889,0,0,0
13.402,2.5269,-0.17071,0,0,0,13.924,0.43102,-0.16974,0,0,0
13.522,2.5527,-0.17156,0,0,0,14.049,0.45793,-0.17086,0,0,0
13.643,2.579,-0.17275,0,0,0,14.173,0.48518,-0.17188,0,0,0
13.763,2.6055,-0.17348,0,0,0,14.298,0.51272,-0.17313,0,0,0
13.883,2.6322,-0.17448,0,0,0,14.422,0.5404,-0.17419,0,0,0
14.004,2.6589,-0.17538,0,0,0,14.546,0.56817,-0.17493,0,0,0
14.124,2.6857,-0.17621,0,0,0,14.671,0.59613,-0.17557,0,0,0
14.244,2.7127,-0.17719,0,0,0,14.796,0.62427,-0.17591,0,0,0
14.365,2.7402,-0.17748,0,0,0,14.92,0.65286,-0.1764,0,0,0
14.485,2.7678,-0.17774,0,0,0,15.045,0.68166,-0.17669,0,0,0
14.605,2.7957,-0.17772,0,0,0,15.169,0.71069,-0.17717,0,0,0
14.726,2.824,-0.17776,0,0,0,15.294,0.7401,-0.17735,0,0,0
14.846,2.8525,-0.17776,0,0,0,15.419,0.76977,-0.17728,0,0,0
14.967,2.8814,-0.17784,0,0,0,15.544,0.79976,-0.17714,0,0,0
15.088,2.9103,-0.17764,0,0,0,15.669,0.82998,-0.17679,0,0,0
15.208,2.9397,-0.17733,0,0,0,15.794,0.86047,-0.17645,0,0,0
15.329,2.9694,-0.17673,0,0,0,15.918,0.89135,-0.17598,0,0,0
15.45,2.9996,-0.1759,0,0,0,16.043,0.92264,-0.17582,0,0,0
15.57,3.03,-0.17564,0,0,0,16.167,0.9542,-0.17521,0,0,0
15.691,3.0609,-0.17494,0,0,0,16.292,0.98616,-0.17468,0,0,0
15.812,3.0917,-0.17454,0,0,0,16.416,1.0181,-0.17396,0,0,0
15.932,3.1225,-0.17406,0,0,0,16.541,1.0501,-0.17308,0,0,0
16.053,3.1537,-0.17347,0,0,0,16.666,1.0826,-0.17242,0,0,0
16.173,3.1854,-0.17265,0,0,0,16.79,1.1154,-0.17177,0,0,0
16.295,3.2177,-0.17728,0,0,0,16.914,1.1485,-0.16931,0,0,0
16.418,3.2513,-0.19508,0,0,0,17.04,1.1833,-0.16538,0,0,0
16.538,3.29,-0.21051,0,0,0,17.163,1.2227,-0.16494,0,0,0
16.657,3.3266,-0.22272,0,0,0,17.283,1.2601,-0.1648,0,0,0
16.774,3.3617,-0.23116,0,0,0,17.402,1.2961,-0.16553,0,0,0
16.889,3.3962,-0.23719,0,0,0,17.519,1.3313,-0.16653,0,0,0
17.002,3.4296,-0.24238,0,0,0,17.633,1.3654,-0.16818,0,0,0
17.115,3.46,-0.24703,0,0,0,17.752,1.3975,-0.17276,0,0,0
17.227,3.4907,-0.25137,0,0,0,17.868,1.4291,-0.18024,0,0,0
17.34,3.5221,-0.25594,0,0,0,17.984,1.4612,-0.19025,0,0,0
17.453,3.5543,-0.26082,0,0,0,18.099,1.4938,-0.20222,0,0,0
17.567,3.5872,-0.26711,0,0,0,18.215,1.5272,-0.21667,0,0,0
17.682,3.6208,-0.27414,0,0,0,18.331,1.5608,-0.23236,0,0,0
17.797,3.6533,-0.28183,0,0,0,18.449,1.5943,-0.24865,0,0,0
17.912,3.6851,-0.28943,0,0,0,18.567,1.627,-0.26295,0,0,0
18.025,3.7174,-0.29637,0,0,0,18.682,1.6599,-0.27338,0,0,0
18.136,3.7494,-0.30055,0,0,0,18.797,1.6931,-0.28068,0,0,0
18.246,3.7818,-0.30339,0,0,0,18.909,1.726,-0.28339,0,0,0
18.356,3.8151,-0.30412,0,0,0,19.022,1.7604,-0.28266,0,0,0
18.465,3.8488,-0.30301,0,0,0,19.133,1.7948,-0.28017,0,0,0
18.574,3.8821,-0.30169,0,0,0,19.244,1.8289,-0.27545,0,0,0
18.682,3.9148,-0.2986,0,0,0,19.356,1.8628,-0.27039,0,0,0
18.792,3.9482,-0.29339,0,0,0,19.468,1.897,-0.26136,0,0,0
18.901,3.9828,-0.28694,0,0,0,19.578,1.932,-0.25048,0,0,0
19.012,4.0189,-0.2793,0,0,0,19.689,1.968,-0.23665,0,0,0
19.122,4.0562,-0.26852,0,0,0,19.8,2.0058,-0.21964,0,0,0
19.234,4.0909,-0.25723,0,0,0,19.913,2.0414,-0.20099,0,0,0
19.345,4.1267,-0.24302,0,0,0,20.026,2.0781,-0.17814,0,0,0
19.455,4.1621,-0.22301,0,0,0,20.139,2.1148,-0.1515,0,0,0
19.563,4.1937,-0.19576,0,0,0,20.256,2.1492,-0.12019,0,0,0
19.67,4.2276,-0.15879,0,0,0,20.371,2.1857,-0.087667,0,0,0
19.778,4.2607,-0.11598,0,0,0,20.489,2.2219,-0.053817,0,0,0
19.888,4.2946,-0.069958,0,0,0,20.608,2.2586,-0.02326,0,0,0
20.001,4.3298,-0.026835,0,0,0,20.728,2.296,0.008275,0,0,0
20.119,4.3692,0.01155,0,0,0,20.847,2.3359,0.038,0,0,0
20.241,4.4131,0.043787,0,0,0,20.969,2.3794,0.061139,0,0,0
20.371,4.4597,0.066174,0,0,0,21.097,2.4253,0.074461,0,0,0
20.502,4.5001,0.077,0,0,0,21.233,2.4675,0.077903,0,0,0
20.636,4.539,0.078397,0,0,0,21.373,2.5086,0.07529,0,0,0
20.768,4.5804,0.078251,0,0,0,21.509,2.5513,0.069123,0,0,0
20.899,4.6192,0.078525,0,0,0,21.644,2.5921,0.06226,0,0,0
21.027,4.6568,0.078519,0,0,0,21.778,2.6319,0.0564,0,0,0
21.151,4.6952,0.080472,0,0,0,21.907,2.6721,0.0518,0,0,0
21.272,4.7348,0.080082,0,0,0,22.032,2.7131,0.047788,0,0,0
21.386,4.7669,0.082904,0,0,0,22.153,2.7482,0.046826,0,0,0
21.496,4.7972,0.089159,0,0,0,22.272,2.7822,0.048152,0,0,0
21.603,4.8335,0.09721,0,0,0,22.383,2.8196,0.054215,0,0,0
21.706,4.8718,0.11148,0,0,0,22.487,2.8586,0.062587,0,0,0
21.808,4.9054,0.12642,0,0,0,22.594,2.8941,0.073014,0,0,0
21.91,4.9403,0.14394,0,0,0,22.698,2.93,0.082621,0,0,0
22.015,4.9754,0.16052,0,0,0,22.806,2.9668,0.088939,0,0,0
22.12,5.0107,0.17615,0,0,0,22.914,3.0037,0.092924,0,0,0
22.225,5.0431,0.18693,0,0,0,23.026,3.039,0.09717,0,0,0
22.335,5.0729,0.19016,0,0,0,23.145,3.0727,0.10074,0,0,0
22.448,5.103,0.18813,0,0,0,23.268,3.1068,0.10164,0,0,0
22.561,5.1347,0.1834,0,0,0,23.394,3.1435,0.10116,0,0,0
22.678,5.1697,0.17297,0,0,0,23.522,3.1828,0.099101,0,0,0
22.795,5.2079,0.15994,0,0,0,23.651,3.2255,0.095544,0,0,0
22.914,5.2522,0.14459,0,0,0,23.776,3.2726,0.091696,0,0,0
23.032,5.2996,0.12913,0,0,0,23.901,3.3226,0.085659,0,0,0
23.151,5.3479,0.11699,0,0,0,24.025,3.3733,0.078608,0,0,0