-1.8816,0,0.49377,0,-0.00041143,0
-1.882,0,0.4914,0,-0.00015243,0
-1.8813,0,0.48793,0,0.00010961,0
-1.8801,0,0.4825,0,0.00046251,0
-1.8779,0,0.47574,0,0.0007831,0
-1.8754,0,0.46797,0,0.0011839,0
-1.8726,0,0.46011,0,0.0016378,0
-1.8696,0,0.45251,0,0.0023698,0
-1.8663,0,0.44528,0,0.0032556,0
-1.8624,0,0.43866,0,0.0041318,0
-1.8576,0,0.43271,0,0.00496,0
-1.852,0,0.42749,0,0.0057124,0
-1.8457,0,0.4231,0,0.0065451,0
-1.839,0,0.41951,0,0.0076376,0
-1.8322,0,0.41663,0,0.0090008,0
-1.8254,0,0.41446,0,0.010635,0
-1.8186,0,0.41294,0,0.012555,0
-1.8116,0,0.41206,0,0.014752,0
-1.8044,0,0.41175,0,0.017214,0
-1.7969,0,0.41194,0,0.019874,0
-1.7894,0,0.4125,0,0.022685,0
-1.782,0,0.41333,0,0.025685,0
-1.775,0,0.4143,0,0.028879,0
-1.7685,0,0.41532,0,0.032256,0
-1.7626,0,0.41634,0,0.035768,0
-1.7573,0,0.41726,0,0.039332,0
-1.7526,0,0.41803,0,0.042866,0
-1.7483,0,0.41868,0,0.046367,0
-1.7444,0,0.4192,0,0.049744,0
-1.7408,0,0.41954,0,0.052923,0
-1.7377,0,0.41969,0,0.055867,0
-1.735,0,0.41969,0,0.058542,0
-1.7328,0,0.41954,0,0.060923,0
-1.7311,0,0.41929,0,0.062991,0
-1.7298,0,0.41897,0,0.064722,0
-1.7288,0,0.41859,0,0.066071,0
-1.7281,0,0.41817,0,0.067006,0
-1.7275,0,0.41774,0,0.067517,0
-1.727,0,0.4173,0,0.06762,0
-1.7268,0,0.4169,0,0.067352,0
-1.7268,0,0.41656,0,0.066755,0
-1.7271,0,0.41631,0,0.065871,0
-1.7277,0,0.41615,0,0.064735,0
-1.7286,0,0.41609,0,0.063372,0
-1.7297,0,0.41611,0,0.061802,0
-1.731,0,0.41622,0,0.060056,0
-1.7324,0,0.41643,0,0.058175,0
-1.7341,0,0.41672,0,0.056199,0
-1.736,0,0.41709,0,0.054175,0
-1.7382,0,0.41754,0,0.052138,0
-1.7407,0,0.41804,0,0.050115,0
-1.7435,0,0.41859,0,0.048123,0
-1.7465,0,0.41917,0,0.046173,0
-1.7497,0,0.41977,0,0.044266,0
-1.753,0,0.42038,0,0.042403,0
-1.7564,0,0.42098,0,0.040583,0
-1.7599,0,0.42156,0,0.03881,0
-1.7635,0,0.42213,0,0.037088,0
-1.7671,0,0.42266,0,0.035422,0
-1.7708,0,0.42316,0,0.033803,0
-1.7744,0,0.42364,0,0.032218,0
-1.7778,0,0.42412,0,0.030663,0
-1.7812,0,0.42456,0,0.029133,0
-1.7844,0,0.425,0,0.027643,0
-1.7874,0,0.42544,0,0.026212,0
-1.7901,0,0.42597,0,0.024905,0
-1.7924,0,0.42654,0,0.023709,0
-1.7944,0,0.42714,0,0.022613,0
-1.796,0,0.42775,0,0.021628,0
-1.7973,0,0.42839,0,0.02079,0
-1.7982,0,0.42905,0,0.02011,0
-1.7987,0,0.42969,0,0.019575,0
-1.7988,0,0.43027,0,0.01918,0
-1.7986,0,0.43079,0,0.018942,0
-1.7981,0,0.43124,0,0.018871,0
-1.7974,0,0.43158,0,0.018966,0
-1.7964,0,0.43179,0,0.019218,0
-1.7953,0,0.43186,0,0.019629,0
-1.794,0,0.4318,0,0.020196,0
-1.7926,0,0.4316,0,0.020899,0
-1.7911,0,0.43126,0,0.021717,0
-1.7896,0,0.43079,0,0.02263,0
-1.7879,0,0.4302,0,0.023623,0
-1.7862,0,0.42952,0,0.024679,0
-1.7845,0,0.42876,0,0.025773,0
-1.7827,0,0.42793,0,0.026886,0
-1.7809,0,0.42706,0,0.028007,0
-1.7792,0,0.42616,0,0.029107,0
-1.7773,0,0.42525,0,0.030161,0
-1.7755,0,0.42437,0,0.031166,0
-1.7735,0,0.42354,0,0.032113,0
-1.7716,0,0.42276,0,0.033013,0
-1.7696,0,0.42207,0,0.033892,0
-1.7678,0,0.42145,0,0.034747,0
-1.766,0,0.42091,0,0.035573,0
-1.7644,0,0.42041,0,0.036375,0
-1.7631,0,0.41964,0,0.03723,0
-1.7621,0,0.41874,0,0.038044,0
-1.7612,0,0.41776,0,0.03883,0
-1.7607,0,0.41668,0,0.039584,0
-1.7604,0,0.41552,0,0.040272,0
-1.7603,0,0.4144,0,0.040843,0
-1.7602,0,0.41336,0,0.04126,0
-1.7601,0,0.41242,0,0.041461,0
-1.76,0,0.41161,0,0.041403,0
-1.7597,0,0.41094,0,0.041082,0
-1.7593,0,0.41044,0,0.04049,0
-1.7587,0,0.41014,0,0.03963,0
-1.7578,0,0.41003,0,0.03851,0
-1.7567,0,0.41012,0,0.037154,0
-1.7553,0,0.41038,0,0.035589,0
-1.7536,0,0.41082,0,0.03385,0
-1.7515,0,0.41142,0,0.031986,0
-1.7492,0,0.41214,0,0.030035,0
-1.7466,0,0.413,0,0.028042,0
-1.7437,0,0.41397,0,0.026056,0
-1.7405,0,0.41498,0,0.024102,0
-1.737,0,0.416,0,0.022202,0
-1.733,0,0.41706,0,0.020351,0
-1.7287,0,0.41816,0,0.018577,0
-1.7239,0,0.41924,0,0.01689,0
-1.7188,0,0.42028,0,0.015228,0
-1.7131,0,0.42126,0,0.013595,0
-1.7068,0,0.4221,0,0.011993,0
-1.6998,0,0.42287,0,0.010417,0
-1.6921,0,0.42358,0,0.0088845,0
-1.684,0,0.42422,0,0.0074775,0
-1.6755,0,0.42489,0,0.0062885,0
-1.6665,0,0.42557,0,0.0052998,0
-1.6569,0,0.4261,0,0.0044716,0
-1.6466,0,0.42646,0,0.0038086,0
-1.6358,0,0.42666,0,0.0033273,0
-1.6246,0,0.42662,0,0.003059,0
-1.6132,0,0.42626,0,0.0030028,0
-1.6016,0,0.42571,0,0.0031316,0
-1.5892,0,0.4252,0,0.0034145,0
-1.5761,0,0.42466,0,0.0036673,0
-1.5622,0,0.42401,0,0.0039119,0
-1.5479,0,0.42343,0,0.0042161,0
-1.5332,0,0.42304,0,0.004674,0
-1.5181,0,0.42281,0,0.0051912,0
-1.5022,0,0.42265,0,0.0057125,0
-1.4856,0,0.42253,0,0.0062626,0
-1.4685,0,0.42241,0,0.0068973,0
-1.4512,0,0.4221,0,0.0075707,0
-1.4336,0,0.42178,0,0.0083023,0
-1.4154,0,0.42156,0,0.0090814,0
-1.3966,0,0.42144,0,0.0097816,0
-1.3774,0,0.42143,0,0.010417,0
-1.3578,0,0.42156,0,0.011119,0
-1.3378,0,0.42165,0,0.011907,0
-1.3176,0,0.42167,0,0.012753,0
-1.2972,0,0.42146,0,0.013577,0
-1.2766,0,0.42127,0,0.014387,0
-1.2555,0,0.42114,0,0.015235,0
-1.2341,0,0.42103,0,0.016057,0
-1.2126,0,0.42097,0,0.016818,0
-1.1909,0,0.42093,0,0.017614,0
-1.1689,0,0.4209,0,0.018448,0
-1.1467,0,0.42069,0,0.019239,0
-1.1243,0,0.42035,0,0.019936,0
-1.1017,0,0.4201,0,0.020588,0
-1.0789,0,0.41997,0,0.021243,0
-1.056,0,0.41992,0,0.021774,0
-1.033,0,0.41985,0,0.022262,0
-1.0097,0,0.4198,0,0.022718,0
-0.98614,0,0.41959,0,0.023071,0
-0.96223,0,0.41944,0,0.023268,0
-0.93806,0,0.41932,0,0.023358,0
-0.91385,0,0.41936,0,0.023422,0
-0.88962,0,0.41941,0,0.023391,0
-0.86526,0,0.41949,0,0.023361,0
-0.84059,0,0.41942,0,0.023208,0
-0.81537,0,0.41936,0,0.022846,0
-0.78974,0,0.41934,0,0.022388,0
-0.7641,0,0.41947,0,0.021959,0
-0.73851,0,0.41966,0,0.021542,0
-0.71288,0,0.41987,0,0.021128,0
-0.68688,0,0.41991,0,0.020577,0
-0.66023,0,0.41998,0,0.019868,0
-0.6332,0,0.42015,0,0.019184,0
-0.60607,0,0.42043,0,0.018552,0
-0.57899,0,0.42074,0,0.018015,0
-0.5518,0,0.42095,0,0.017421,0
-0.52412,0,0.421,0,0.01666,0
-0.49586,0,0.42121,0,0.01599,0
-0.46734,0,0.42147,0,0.01537,0
-0.43872,0,0.42176,0,0.01486,0
-0.40999,0,0.42196,0,0.014314,0
-0.38079,0,0.42196,0,0.013583,0
-0.35102,0,0.42213,0,0.012981,0
-0.32093,0,0.42235,0,0.012476,0
-0.29067,0,0.4226,0,0.012069,0
-0.26016,0,0.42272,0,0.011572,0
-0.22906,0,0.42264,0,0.01089,0
-0.19747,0,0.42275,0,0.01039,0
-0.16554,0,0.42293,0,0.010038,0
-0.13346,0,0.42308,0,0.0097617,0
-0.10092,0,0.42296,0,0.0092366,0
-0.067748,0,0.42295,0,0.0087221,0
-0.034181,0,0.42306,0,0.0084207,0
-0.00026795,0,0.4232,0,0.008269,0
0.033954,0,0.42318,0,0.0079693,0
0.068757,0,0.423,0,0.0075033,0
0.10403,0,0.4231,0,0.0072821,0
0.13972,0,0.42328,0,0.0072409,0
0.17576,0,0.42333,0,0.0071331,0
0.21238,0,0.42306,0,0.0067355,0
0.24942,0,0.42314,0,0.0066517,0
0.28685,0,0.42335,0,0.0067841,0
0.32466,0,0.42341,0,0.0068371,0
0.36307,0,0.42311,0,0.0065732,0
0.40185,0,0.42315,0,0.0066762,0
0.44093,0,0.42334,0,0.0070396,0
0.48041,0,0.42333,0,0.0072357,0
0.52043,0,0.42304,0,0.00719,0
0.56078,0,0.42306,0,0.0075461,0
0.60135,0,0.42324,0,0.008155,0
0.64239,0,0.42301,0,0.0083938,0
0.68379,0,0.42279,0,0.0085785,0
0.72554,0,0.42283,0,0.0092108,0
0.76745,0,0.42293,0,0.0098713,0
0.80991,0,0.4225,0,0.010083,0
0.85268,0,0.42239,0,0.010461,0
0.89573,0,0.42248,0,0.011201,0
0.93905,0,0.42233,0,0.011649,0
0.98266,0,0.42196,0,0.011866,0
1.0266,0,0.42189,0,0.012391,0
1.0708,0,0.42195,0,0.012932,0
1.1156,0,0.42159,0,0.013074,0
1.1605,0,0.42142,0,0.013286,0
1.2057,0,0.42146,0,0.013763,0
1.2511,0,0.4213,0,0.013924,0
1.2969,0,0.42102,0,0.01395,0
1.3429,0,0.42105,0,0.014239,0
1.3892,0,0.42103,0,0.014378,0
1.4359,0,0.42082,0,0.014332,0
1.4826,0,0.42078,0,0.01449,0
1.5296,0,0.42082,0,0.014607,0
1.5769,0,0.42072,0,0.014561,0
1.6243,0,0.42068,0,0.014654,0
1.6719,0,0.4208,0,0.014714,0
1.7199,0,0.42075,0,0.014635,0
1.7681,0,0.42077,0,0.014678,0
1.8163,0,0.42092,0,0.01469,0
1.8649,0,0.42089,0,0.014576,0
1.9136,0,0.42093,0,0.014594,0
1.9625,0,0.4211,0,0.01456,0
2.0119,0,0.42109,0,0.01435,0
2.0615,0,0.42115,0,0.014234,0
2.1113,0,0.4213,0,0.014057,0
2.1613,0,0.4213,0,0.01376,0
2.2116,0,0.42139,0,0.01359,0
2.2622,0,0.42152,0,0.013288,0
2.3132,0,0.42152,0,0.012864,0
2.3646,0,0.42167,0,0.012578,0
2.4163,0,0.42173,0,0.012114,0
2.4682,0,0.42178,0,0.011638,0
2.5204,0,0.42199,0,0.011303,0
2.573,0,0.422,0,0.010722,0
2.6261,0,0.42212,0,0.010236,0
2.6795,0,0.42235,0,0.0098077,0
2.7333,0,0.4224,0,0.0091743,0
2.7874,0,0.42259,0,0.0087242,0
2.8418,0,0.42278,0,0.0082513,0
2.8967,0,0.4229,0,0.0076561,0
2.9519,0,0.42321,0,0.0072618,0
3.0076,0,0.4233,0,0.006719,0
3.0637,0,0.42354,0,0.0062823,0
3.1201,0,0.42384,0,0.0059565,0
3.1769,0,0.42397,0,0.0054861,0
3.2341,0,0.42427,0,0.0052056,0
3.2917,0,0.4244,0,0.004887,0
3.3497,0,0.42458,0,0.004583,0
3.4081,0,0.42483,0,0.0044132,0
3.467,0,0.42488,0,0.0041487,0
3.5263,0,0.42505,0,0.0040208,0
3.586,0,0.42502,0,0.0038744,0
3.646,0,0.425,0,0.0037642,0
3.7063,0,0.42505,0,0.0038023,0
3.767,0,0.42493,0,0.0037145,0
3.8282,0,0.42498,0,0.0037472,0
3.89,0,0.42481,0,0.003704,0
3.9521,0,0.42477,0,0.0037621,0
4.0146,0,0.42471,0,0.0038679,0
4.0773,0,0.42458,0,0.0039394,0
4.1404,0,0.42458,0,0.0041017,0
4.204,0,0.42442,0,0.0041773,0
4.268,0,0.42444,0,0.0043333,0
4.3325,0,0.4243,0,0.0044093,0
4.3972,0,0.42425,0,0.0045795,0
4.4624,0,0.42418,0,0.0047198,0
4.5278,0,0.42411,0,0.0048624,0
4.5936,0,0.42407,0,0.0050432,0
4.6598,0,0.42402,0,0.0051786,0
4.7263,0,0.42404,0,0.0053643,0
4.7932,0,0.42394,0,0.0055021,0
4.8602,0,0.42397,0,0.0057282,0
4.9275,0,0.42389,0,0.0058985,0
4.9953,0,0.42396,0,0.006101,0
5.0634,0,0.42389,0,0.0062095,0
5.1318,0,0.42394,0,0.0064088,0
5.2005,0,0.42394,0,0.0065444,0
5.2694,0,0.42395,0,0.0067125,0
5.3387,0,0.424,0,0.0068173,0
5.4083,0,0.42395,0,0.006891,0
5.4783,0,0.42404,0,0.0069838,0
5.5485,0,0.42398,0,0.0069919,0
5.6192,0,0.42409,0,0.0070069,0
5.6902,0,0.42398,0,0.006933,0
5.7614,0,0.42408,0,0.0069373,0
5.8329,0,0.42397,0,0.0068219,0
5.9046,0,0.42407,0,0.0067937,0
5.9766,0,0.42396,0,0.0066723,0
6.0489,0,0.4241,0,0.0066086,0
6.1215,0,0.42402,0,0.0064589,0
6.1946,0,0.42417,0,0.0063566,0
6.2678,0,0.42408,0,0.006224,0
6.341,0,0.42419,0,0.0062275,0
6.4145,0,0.42411,0,0.0061756,0
6.4882,0,0.42424,0,0.00621,0
6.5623,0,0.42415,0,0.0061197,0
6.6367,0,0.42428,0,0.0061168,0
6.7113,0,0.42423,0,0.0060327,0
6.7861,0,0.42441,0,0.0060304,0
6.8612,0,0.42438,0,0.0059284,0
6.9367,0,0.42458,0,0.0058356,0
7.0126,0,0.4246,0,0.0056251,0
7.0888,0,0.42478,0,0.0054466,0
7.1653,0,0.42482,0,0.005182,0
7.2422,0,0.42495,0,0.0049412,0
7.3193,0,0.42496,0,0.0046365,0
7.3969,0,0.42505,0,0.0043394,0
7.4747,0,0.42509,0,0.0039944,0
7.553,0,0.42514,0,0.0036179,0
7.6316,0,0.42521,0,0.0032659,0
7.7106,0,0.42517,0,0.0028909,0
7.7898,0,0.42524,0,0.0026166,0
7.8695,0,0.4251,0,0.002284,0
7.9496,0,0.42518,0,0.0020972,0
8.0299,0,0.42502,0,0.0018743,0
8.1104,0,0.42505,0,0.0018874,0
8.191,0,0.42491,0,0.0019552,0
8.2719,0,0.42491,0,0.0021645,0
8.3532,0,0.42482,0,0.0024269,0
8.4345,0,0.42472,0,0.0028419,0
8.516,0,0.42461,0,0.0034294,0
8.5974,0,0.42441,0,0.0041175,0
8.6788,0,0.4243,0,0.0049973,0
8.7603,0,0.42401,0,0.0059193,0
8.842,0,0.42388,0,0.0069937,0
8.9237,0,0.42352,0,0.0080561,0
9.0054,0,0.42335,0,0.009289,0
9.0869,0,0.42296,0,0.01053,0
9.1684,0,0.4227,0,0.011881,0
9.2498,0,0.42234,0,0.013212,0
9.3312,0,0.42204,0,0.014535,0
9.4127,0,0.42176,0,0.015831,0
9.4941,0,0.42145,0,0.017063,0
9.5755,0,0.42123,0,0.018307,0
9.6567,0,0.4209,0,0.019436,0
9.7378,0,0.42071,0,0.02057,0
9.8189,0,0.42033,0,0.021536,0
9.9,0,0.42013,0,0.022474,0
9.9809,0,0.41976,0,0.023239,0
10.062,0,0.41957,0,0.023911,0
10.143,0,0.41929,0,0.024447,0
10.223,0,0.41912,0,0.024863,0
10.304,0,0.41889,0,0.025193,0
10.384,0,0.4187,0,0.025344,0
10.465,0,0.41855,0,0.025479,0
10.545,0,0.41839,0,0.025419,0
10.625,0,0.41836,0,0.025397,0
10.705,0,0.41825,0,0.025181,0
10.785,0,0.4183,0,0.025014,0
10.865,0,0.4182,0,0.024734,0
10.944,0,0.41829,0,0.024469,0
11.024,0,0.4183,0,0.024131,0
11.103,0,0.41844,0,0.023735,0
11.182,0,0.41852,0,0.023308,0
11.261,0,0.41871,0,0.022833,0
11.34,0,0.41888,0,0.022403,0
11.419,0,0.41908,0,0.021873,0
11.498,0,0.41937,0,0.021402,0
11.576,0,0.41961,0,0.02081,0
11.655,0,0.41994,0,0.020308,0
11.734,0,0.42014,0,0.019704,0
11.812,0,0.4205,0,0.019196,0
11.891,0,0.42069,0,0.01862,0
11.969,0,0.42102,0,0.018098,0
12.048,0,0.42119,0,0.017509,0
12.126,0,0.42146,0,0.016961,0
12.205,0,0.42161,0,0.016407,0
12.283,0,0.42178,0,0.015881,0
12.362,0,0.42188,0,0.01541,0
12.44,0,0.42194,0,0.014909,0
12.519,0,0.42204,0,0.0145,0
12.598,0,0.42201,0,0.014002,0
12.676,0,0.42214,0,0.013638,0
12.755,0,0.42208,0,0.013181,0
12.834,0,0.42221,0,0.012846,0
12.913,0,0.42212,0,0.012448,0
12.992,0,0.42222,0,0.012126,0
13.071,0,0.42215,0,0.01176,0
13.15,0,0.42222,0,0.011466,0
13.23,0,0.4222,0,0.011195,0
13.309,0,0.42226,0,0.010982,0
13.389,0,0.42234,0,0.010778,0
13.468,0,0.42234,0,0.010587,0
13.548,0,0.42247,0,0.010527,0
13.628,0,0.4224,0,0.010464,0
13.707,0,0.42253,0,0.010578,0
13.787,0,0.42242,0,0.010673,0
13.867,0,0.42255,0,0.010884,0
13.947,0,0.42247,0,0.011051,0
14.027,0,0.42256,0,0.01134,0
14.107,0,0.42249,0,0.011603,0
14.187,0,0.42247,0,0.01197,0
14.267,0,0.42242,0,0.012354,0
14.347,0,0.42234,0,0.012741,0
14.427,0,0.42235,0,0.013128,0
14.507,0,0.42221,0,0.013464,0
14.587,0,0.42224,0,0.013899,0
14.667,0,0.42207,0,0.014248,0
14.747,0,0.4221,0,0.01471,0
14.827,0,0.42189,0,0.015082,0
14.907,0,0.42187,0,0.015515,0
14.987,0,0.42169,0,0.015871,0
15.068,0,0.42162,0,0.016271,0
15.148,0,0.4215,0,0.01662,0
15.228,0,0.4214,0,0.016976,0
15.308,0,0.42133,0,0.017299,0
15.388,0,0.42119,0,0.01758,0
15.468,0,0.42116,0,0.017889,0
15.547,0,0.421,0,0.01809,0
15.627,0,0.42103,0,0.018353,0
15.707,0,0.42086,0,0.018489,0
15.787,0,0.4209,0,0.018681,0
15.867,0,0.42076,0,0.018756,0
15.947,0,0.42079,0,0.018858,0
16.026,0,0.42069,0,0.018885,0
16.106,0,0.42068,0,0.018908,0
16.185,0,0.42063,0,0.018898,0
16.265,0,0.42059,0,0.01884,0
16.345,0,0.42058,0,0.018809,0
16.424,0,0.42051,0,0.018709,0
16.503,0,0.42056,0,0.01869,0
16.583,0,0.42045,0,0.018572,0
16.662,0,0.42055,0,0.018546,0
16.741,0,0.42044,0,0.018426,0
16.82,0,0.42056,0,0.018368,0
16.899,0,0.4205,0,0.01824,0
16.979,0,0.42061,0,0.018143,0
17.058,0,0.42062,0,0.018007,0
17.137,0,0.4207,0,0.01787,0
17.216,0,0.42076,0,0.017723,0
17.295,0,0.42083,0,0.01753,0
17.374,0,0.42096,0,0.017385,0
17.453,0,0.42099,0,0.017134,0
17.532,0,0.42114,0,0.016968,0
17.611,0,0.42114,0,0.016684,0
17.69,0,0.42131,0,0.016508,0
17.769,0,0.42127,0,0.016247,0
17.848,0,0.42141,0,0.016053,0
17.927,0,0.42135,0,0.015802,0
18.006,0,0.42145,0,0.015577,0
18.085,0,0.42145,0,0.015293,0
18.164,0,0.42152,0,0.015042,0
18.244,0,0.42156,0,0.01482,0
18.323,0,0.4216,0,0.014569,0
18.402,0,0.42169,0,0.014364,0
18.481,0,0.42168,0,0.014096,0
18.561,0,0.42182,0,0.013961,0
18.64,0,0.42177,0,0.013763,0
18.719,0,0.42192,0,0.013689,0
18.799,-8.718e-06,0.42186,6.8235e-05,0.013575,2.7948e-07
18.878,-0.00015343,0.42211,0.00032376,0.013497,-7.5122e-07
18.958,-0.00044438,0.4223,0.00077635,0.013335,-4.4814e-05
19.037,-0.0008801,0.42286,0.0013883,0.013142,-8.7916e-05
19.116,-0.001582,0.42353,0.0026703,0.012812,-7.042e-05
19.196,-0.0025072,0.42455,0.0039237,0.012358,-1.7609e-06
19.275,-0.0038741,0.42591,0.005933,0.011711,0.000151
19.354,-0.0056202,0.42769,0.0082005,0.010747,0.00042927
19.432,-0.0080088,0.43001,0.011176,0.0094764,0.00063996
19.511,-0.010659,0.43279,0.014204,0.0077211,0.0008534
19.589,-0.013576,0.43621,0.017655,0.0055872,0.00099726
19.666,-0.016736,0.44001,0.021204,0.0028829,0.00095414
19.744,-0.019997,0.44428,0.024549,-0.00014522,0.00053251
19.821,-0.023107,0.44863,0.027465,-0.0036155,-6.7831e-05
19.898,-0.026144,0.45325,0.030292,-0.0072875,-0.00061746
19.974,-0.028997,0.45792,0.032829,-0.011139,-0.00097358
20.049,-0.031935,0.46283,0.035719,-0.015048,-0.0009695
20.125,-0.034794,0.4677,0.038353,-0.019087,-0.00073474
20.199,-0.037733,0.47268,0.041236,-0.023095,-0.00021828
20.273,-0.040687,0.47758,0.044041,-0.027082,0.00030896
20.347,-0.043541,0.4822,0.046777,-0.030929,0.00093882
20.421,-0.046287,0.48656,0.049432,-0.034617,0.0016072
20.495,-0.048781,0.49033,0.05173,-0.038209,0.0021284
20.568,-0.051081,0.49382,0.053872,-0.041559,0.0024831
20.642,-0.052926,0.49665,0.055356,-0.04477,0.0024959
20.716,-0.054301,0.49917,0.056496,-0.047777,0.00215
20.79,-0.055149,0.5012,0.056755,-0.050665,0.0012352
20.864,-0.055611,0.50302,0.056801,-0.053404,-9.613e-06
20.939,-0.055637,0.5046,0.055948,-0.055782,-0.0018196
21.014,-0.05538,0.50605,0.054826,-0.05807,-0.00367
21.09,-0.05487,0.50735,0.05315,-0.060031,-0.0056527
21.167,-0.054294,0.50852,0.05161,-0.061944,-0.0071417
21.244,-0.053658,0.5097,0.050025,-0.063308,-0.0078106
21.322,-0.053057,0.51081,0.049001,-0.064448,-0.0073028
21.401,-0.052431,0.51194,0.048471,-0.06491,-0.005799
21.48,-0.051925,0.51291,0.048869,-0.065019,-0.0033792
21.559,-0.051545,0.5139,0.049853,-0.064417,-0.00061145
21.639,-0.051295,0.51484,0.051366,-0.063299,0.0021854
21.72,-0.051432,0.51601,0.053575,-0.061334,0.0047012
21.802,-0.051788,0.51712,0.055842,-0.058743,0.0064093
21.885,-0.052662,0.51832,0.058602,-0.055609,0.0073357
21.968,-0.053935,0.51928,0.060989,-0.051815,0.0072897
22.052,-0.055783,0.52019,0.063726,-0.047435,0.0067431
22.136,-0.058215,0.52124,0.06696,-0.042363,0.0058787
22.221,-0.061499,0.52249,0.070782,-0.037046,0.0046461
22.307,-0.065327,0.5239,0.074045,-0.031249,0.0028282
22.394,-0.069452,0.52524,0.077413,-0.025224,0.00083654
22.481,-0.073622,0.52672,0.080514,-0.019209,-0.0012454
22.569,-0.077734,0.52831,0.083537,-0.013166,-0.0030621
22.658,-0.081483,0.52984,0.085835,-0.0074618,-0.0045094
22.747,-0.084773,0.53126,0.087789,-0.002002,-0.0052683
22.837,-0.087607,0.53263,0.089317,0.0030338,-0.0051109
22.926,-0.089966,0.53373,0.090464,0.0076059,-0.0041881
23.016,-0.091836,0.53451,0.091053,0.011747,-0.0029563
23.105,-0.093234,0.53469,0.091252,0.015382,-0.0015801
23.195,-0.094401,0.53476,0.091812,0.018612,-5.9084e-05
23.283,-0.095502,0.5345,0.091935,0.021401,0.0014512
23.371,-0.096226,0.53379,0.091565,0.023748,0.0031885
23.459,-0.09647,0.53243,0.090965,0.025753,0.0051399
23.546,-0.096338,0.53033,0.090085,0.027345,0.0070761
23.632,-0.095965,0.52783,0.089702,0.028708,0.0086189
23.717,-0.095409,0.52483,0.08925,0.029718,0.0091991
23.801,-0.094495,0.52155,0.088607,0.030494,0.0088478
23.885,-0.09329,0.51793,0.08757,0.031089,0.0074288
23.968,-0.091878,0.51431,0.086042,0.031497,0.0051009
24.051,-0.090075,0.51071,0.083521,0.032116,0.0021285
24.132,-0.087755,0.5072,0.080124,0.032912,-0.00109
24.214,-0.084993,0.50385,0.076304,0.034042,-0.0037961
24.294,-0.08186,0.50062,0.072092,0.035463,-0.0057132
24.374,-0.078366,0.49741,0.067348,0.037109,-0.0064567
24.453,-0.074634,0.49414,0.062557,0.039079,-0.0059365
24.531,-0.0707,0.49084,0.057989,0.041262,-0.0044683
24.609,-0.066797,0.48749,0.053859,0.043719,-0.0023165
24.687,-0.062701,0.48394,0.049803,0.046338,-3.9372e-06
24.764,-0.058548,0.48013,0.046284,0.049103,0.0024141
24.842,-0.054453,0.47608,0.043192,0.051968,0.0045837
24.919,-0.050762,0.47175,0.040765,0.055033,0.0064052
24.997,-0.047526,0.46745,0.038719,0.058193,0.0072684
25.076,-0.045049,0.46331,0.03739,0.061313,0.0071972
25.156,-0.043243,0.45926,0.036509,0.06407,0.0065275
25.236,-0.042091,0.45559,0.036368,0.06639,0.0056875
25.317,-0.041448,0.45237,0.036352,0.068176,0.0045893
25.399,-0.040869,0.44936,0.035876,0.069243,0.0032498
25.482,-0.040313,0.44649,0.035309,0.069628,0.0019022
25.565,-0.039787,0.44389,0.034519,0.069454,0.00084004
25.65,-0.039098,0.44137,0.033281,0.068749,2.4029e-05
25.734,-0.038254,0.43911,0.032094,0.067744,-0.0003757
25.818,-0.03721,0.43699,0.030591,0.06634,-0.00064357
25.903,-0.036061,0.43534,0.029182,0.064995,-0.00069406
25.988,-0.034709,0.43382,0.027266,0.063584,-0.0008587
26.072,-0.032957,0.43254,0.024787,0.062082,-0.00080573
26.156,-0.030825,0.4311,0.022091,0.060412,-0.00059082
26.24,-0.028323,0.42968,0.018929,0.058419,-0.00014889
26.323,-0.02549,0.42797,0.015641,0.056188,0.00034053
26.406,-0.022446,0.42602,0.01241,0.053628,0.00066745
26.488,-0.019383,0.4238,0.0093272,0.050918,0.00087809
26.57,-0.016153,0.42123,0.0058557,0.048025,0.00093991
26.651,-0.013014,0.41856,0.0030259,0.045123,0.0010454
26.731,-0.01024,0.41599,0.0010852,0.042349,0.0011871
26.81,-0.0080894,0.41398,-0.00034319,0.0396,0.0012915
26.888,-0.0066828,0.41263,-0.00081589,0.036949,0.0012891
26.966,-0.0058999,0.41202,-0.00076844,0.034208,0.001077
27.043,-0.0057273,0.41207,4.9019e-05,0.031513,0.00081035
27.12,-0.0059965,0.41268,0.00075529,0.028661,0.00036301
27.197,-0.0066727,0.41392,0.0018966,0.025943,-6.369e-05
27.273,-0.0076206,0.41557,0.003258,0.023202,-0.00032469
27.348,-0.0088418,0.41777,0.0049532,0.020673,-0.00027733
27.423,-0.010383,0.42039,0.0067996,0.018135,-1.0335e-05
27.497,-0.012123,0.42343,0.0088629,0.015794,0.00029197
27.571,-0.014095,0.42669,0.011111,0.013341,0.00055437
27.644,-0.016414,0.43045,0.013875,0.010895,0.00065146
27.718,-0.018969,0.43454,0.016651,0.0082577,0.0008144
27.791,-0.021672,0.43902,0.01965,0.0055076,0.00092165
27.863,-0.024529,0.44369,0.022713,0.0024812,0.0010782
27.935,-0.027368,0.44859,0.025437,-0.00077617,0.001151
28.007,-0.030297,0.45352,0.028687,-0.0042885,0.0013544
28.079,-0.033286,0.45858,0.031566,-0.008079,0.0014288
28.15,-0.036298,0.46358,0.034685,-0.012112,0.0014157
28.222,-0.039363,0.46858,0.037661,-0.016533,0.0011624
28.293,-0.042449,0.47358,0.040708,-0.021227,0.00085967
28.365,-0.045611,0.47851,0.043731,-0.02634,0.0003506
28.437,-0.04854,0.4833,0.04605,-0.031602,-0.00044693
28.509,-0.051232,0.48772,0.048184,-0.037043,-0.0014058
28.582,-0.053529,0.49193,0.049783,-0.042403,-0.0023552
28.656,-0.05538,0.49563,0.050655,-0.047683,-0.0032118
28.73,-0.056705,0.4991,0.051227,-0.052704,-0.0038564
28.804,-0.057552,0.50205,0.051407,-0.057497,-0.004125
28.879,-0.058083,0.50482,0.051654,-0.061935,-0.0039195
28.955,-0.058448,0.50744,0.051933,-0.065912,-0.0029663
29.031,-0.05877,0.51012,0.052545,-0.069661,-0.0014484
29.107,-0.058899,0.51276,0.053068,-0.072819,0.00037075
29.184,-0.058825,0.51543,0.053171,-0.075699,0.0020682
29.261,-0.057999,0.51862,0.052323,-0.077837,0.0030639
29.339,-0.056692,0.52205,0.051059,-0.079585,0.0034581
29.417,-0.05489,0.52612,0.04928,-0.080639,0.0032616
29.496,-0.052917,0.53038,0.047214,-0.081501,0.0026568
29.575,-0.050953,0.53506,0.045189,-0.081998,0.0018449
29.654,-0.049093,0.54009,0.043154,-0.082125,0.0010044
29.733,-0.04729,0.54533,0.041175,-0.081996,0.00016758
29.813,-0.045561,0.55058,0.039184,-0.081504,-0.00061832
29.894,-0.043762,0.55581,0.036956,-0.080863,-0.0014828
29.975,-0.041959,0.56086,0.034881,-0.080019,-0.0022867
30.056,-0.040146,0.56554,0.032581,-0.079133,-0.0030083
30.138,-0.03839,0.56983,0.030611,-0.078106,-0.003335
30.22,-0.0369,0.57395,0.029334,-0.077078,-0.0032791
30.302,-0.035964,0.57791,0.02919,-0.075857,-0.0027359
30.385,-0.03579,0.58171,0.029858,-0.074558,-0.001813
30.468,-0.036471,0.58536,0.031095,-0.073055,-0.00058382
30.551,-0.037693,0.58873,0.033197,-0.071263,0.00056046
30.635,-0.039468,0.59217,0.035908,-0.069217,0.001434
30.718,-0.04182,0.59533,0.039276,-0.066776,0.0020258
30.802,-0.044595,0.59863,0.042768,-0.064097,0.0023467
30.885,-0.047624,0.60186,0.046388,-0.060957,0.002503
30.969,-0.050732,0.60508,0.049879,-0.057579,0.0024422
31.052,-0.05374,0.60802,0.053049,-0.053872,0.0022719
31.136,-0.056408,0.61052,0.055456,-0.05025,0.0018311
31.221,-0.058515,0.61253,0.057022,-0.04644,0.0010583
31.305,-0.059691,0.61423,0.056815,-0.042627,-0.00039891
31.39,-0.059979,0.61541,0.055089,-0.038399,-0.0023452
31.474,-0.059206,0.61578,0.051626,-0.03413,-0.0048106
31.559,-0.057333,0.61529,0.046951,-0.029562,-0.0071801
31.644,-0.054332,0.61386,0.041192,-0.02487,-0.0090772
31.729,-0.050306,0.61146,0.034819,-0.019798,-0.0098685
31.814,-0.045496,0.60814,0.028097,-0.014529,-0.0092168
31.9,-0.039733,0.60391,0.021331,-0.0089277,-0.0071881
31.985,-0.033193,0.59908,0.014105,-0.0030482,-0.004225
32.071,-0.025748,0.59368,0.0065839,0.0027835,-0.00098431
32.157,-0.017548,0.58772,-0.0016353,0.008728,0.0015323
32.242,-0.0087167,0.58136,-0.010353,0.01468,0.0028136
32.328,0.00039439,0.57458,-0.019809,0.021138,0.0030018
32.414,0.0096099,0.56759,-0.029866,0.027819,0.0020788
32.5,0.018911,0.56043,-0.040309,0.034945,0.0006959
32.586,0.028133,0.55365,-0.049863,0.042285,-0.00053865
32.673,0.036818,0.54753,-0.05873,0.050001,-0.001475
32.759,0.044516,0.5422,-0.065543,0.057621,-0.002093
32.845,0.050868,0.53809,-0.070926,0.064991,-0.0024831
32.931,0.055809,0.53497,-0.074743,0.071831,-0.0022222
33.017,0.059468,0.53262,-0.076931,0.077757,-0.00078898
33.104,0.061907,0.53059,-0.077657,0.082605,0.001225
33.192,0.063366,0.52913,-0.077497,0.086225,0.0035001
33.28,0.063859,0.52788,-0.076578,0.088922,0.0052259
33.368,0.063673,0.52683,-0.074977,0.09064,0.006012
33.456,0.063038,0.52579,-0.072817,0.091751,0.005565
33.542,0.0622,0.52462,-0.070196,0.09229,0.0039261
33.628,0.061337,0.52307,-0.067602,0.092424,0.0016737
33.713,0.060779,0.52099,-0.065798,0.092061,-0.00098723
33.797,0.060577,0.51843,-0.064866,0.091142,-0.0036203
33.881,0.060796,0.51548,-0.064618,0.08965,-0.0058672
33.964,0.061238,0.51209,-0.064965,0.08748,-0.0076222
34.045,0.061576,0.50865,-0.065211,0.084833,-0.0084735
34.125,0.06158,0.50582,-0.064787,0.081349,-0.0084479
34.203,0.060803,0.50394,-0.06324,0.077237,-0.0075743
34.28,0.059038,0.50271,-0.060789,0.072245,-0.0060722
34.355,0.056401,0.50188,-0.057529,0.066785,-0.004264
34.43,0.053328,0.50126,-0.053835,0.06105,-0.002284
34.504,0.049909,0.5006,-0.049679,0.055368,-0.00025258
34.577,0.046342,0.49993,-0.044975,0.049897,0.0015943
34.649,0.042379,0.49914,-0.039536,0.044529,0.0032074
34.721,0.038205,0.49842,-0.034589,0.039515,0.0039797
34.791,0.033936,0.4978,-0.029621,0.034855,0.0039605
34.861,0.029777,0.49727,-0.0255,0.030693,0.003132
34.931,0.025732,0.49689,-0.021188,0.027054,0.0021918
35.001,0.021915,0.49646,-0.017735,0.02411,0.0013322
35.072,0.018534,0.49602,-0.014798,0.021368,0.00039144
35.142,0.015891,0.49592,-0.013303,0.01922,-0.00071805
35.214,0.013916,0.49615,-0.0123,0.017377,-0.001583
35.286,0.012397,0.49663,-0.011442,0.015811,-0.0016233
35.36,0.011567,0.49709,-0.0112,0.014522,-0.0012314
35.434,0.011235,0.49785,-0.011113,0.013593,-0.00076584
35.51,0.011345,0.49838,-0.011199,0.01291,-0.00058623
35.586,0.011341,0.49924,-0.010821,0.012546,-0.00016364
35.664,0.011194,0.50002,-0.0098114,0.01223,0.00061209
35.742,0.010405,0.50137,-0.007927,0.011948,0.0012782
35.822,0.009038,0.50301,-0.0060024,0.011641,0.0017354
35.902,0.0069141,0.5056,-0.0025737,0.01131,0.0021644
35.983,0.0043563,0.50777,0.0011492,0.010868,0.0022633
36.064,0.0010162,0.51017,0.0061656,0.010607,0.0021627
36.146,-0.0028144,0.51211,0.011358,0.010593,0.001534
36.228,-0.007319,0.51407,0.016654,0.0111,0.00089164
36.311,-0.011902,0.51604,0.021636,0.012331,0.00060908
36.393,-0.016424,0.51827,0.025672,0.014387,0.00039084
36.475,-0.020696,0.52023,0.030259,0.017136,0.00053212
36.557,-0.025578,0.52084,0.036439,0.01933,0.00096378
36.638,-0.031314,0.51996,0.04261,0.021214,0.0015261
36.719,-0.037423,0.51796,0.048743,0.022619,0.0021299
36.799,-0.043303,0.51545,0.054359,0.023605,0.0025883
36.88,-0.048678,0.51265,0.059218,0.024231,0.0027824
36.96,-0.053237,0.50995,0.063387,0.024531,0.0029648
37.039,-0.056979,0.50748,0.066621,0.024598,0.0030997
37.117,-0.059685,0.50536,0.068441,0.024194,0.0030299
37.196,-0.061472,0.50356,0.069341,0.023614,0.0026564
37.275,-0.062054,0.50187,0.06852,0.022572,0.0014633
37.354,-0.061375,0.50029,0.066183,0.021397,-0.00036825
37.432,-0.05947,0.49872,0.062056,0.019997,-0.0025912
37.511,-0.056316,0.49721,0.056913,0.018462,-0.0045654
37.589,-0.052298,0.49604,0.051076,0.016947,-0.0060615
37.667,-0.047583,0.49528,0.044687,0.015691,-0.006661
37.745,-0.042246,0.49495,0.03793,0.014526,-0.0064171
37.822,-0.036419,0.49493,0.031245,0.013353,-0.005158
37.899,-0.030646,0.4951,0.02514,0.012252,-0.0031629
37.976,-0.024679,0.49528,0.017941,0.010849,-0.00085743
38.054,-0.018585,0.49531,0.010814,0.0092223,0.001369
38.132,-0.012401,0.4953,0.0037102,0.00722,0.002774
38.21,-0.0059914,0.49519,-0.003219,0.0049498,0.0034383
38.289,0.00030089,0.49551,-0.0094088,0.0024685,0.0036202
38.367,0.0061146,0.49675,-0.015152,0.00019495,0.0030165
38.446,0.01119,0.49865,-0.019618,-0.0017282,0.0021791
38.525,0.014702,0.5017,-0.021183,-0.0033193,0.0014576
38.605,0.016442,0.50597,-0.020959,-0.0044445,0.00070618
38.684,0.016444,0.51134,-0.019108,-0.0052256,0.00045177
38.763,0.014797,0.51738,-0.015747,-0.0060551,0.00034638
38.841,0.011679,0.52427,-0.011147,-0.0066528,5.3088e-05
38.92,0.0079976,0.5313,-0.0071091,-0.0071074,-0.00036369
38.999,0.0042065,0.53834,-0.0029174,-0.0076339,-0.00088784
39.078,0.00088669,0.54514,-0.00013252,-0.0079013,-0.0010147
39.156,-0.0020146,0.5511,0.0024396,-0.0081615,-0.00075441
39.233,-0.0043045,0.55616,0.0035669,-0.0082012,-0.0003646
39.311,-0.0058607,0.56012,0.0047763,-0.0086617,0.00015008
39.388,-0.0069008,0.56307,0.0051444,-0.0091921,0.00062921
39.465,-0.0074125,0.56448,0.00495,-0.0099825,0.0012148
39.542,-0.0071707,0.56495,0.0033218,-0.011024,0.0017228
39.618,-0.0061014,0.5641,0.00085296,-0.012342,0.0019077
39.694,-0.0039355,0.56266,-0.0036505,-0.014122,0.0018218
39.771,-0.00072898,0.56037,-0.0094723,-0.016325,0.0012738
39.847,0.0035208,0.5573,-0.015933,-0.018942,0.0004799
39.923,0.0087667,0.55375,-0.022228,-0.021789,-0.00030282
39.999,0.014532,0.55,-0.02846,-0.024981,-0.00086249
40.075,0.020009,0.54668,-0.033929,-0.028045,-0.00098925
40.151,0.024954,0.54416,-0.03894,-0.031267,-0.00064025
40.227,0.029423,0.54278,-0.043648,-0.034243,0.00027766
40.302,0.033409,0.54209,-0.047331,-0.037226,0.0014598
40.378,0.036812,0.54308,-0.050334,-0.040027,0.0025351
40.454,0.039792,0.54471,-0.052405,-0.042393,0.0036466
40.529,0.042147,0.54737,-0.053608,-0.044044,0.0051986
40.605,0.044001,0.55077,-0.054411,-0.045138,0.0060957
40.681,0.045468,0.55475,-0.054988,-0.045352,0.0064793
40.758,0.046447,0.55966,-0.055097,-0.044508,0.0060868
40.834,0.047142,0.56551,-0.055371,-0.042934,0.0048846
40.91,0.047415,0.57209,-0.054979,-0.039894,0.0031725
40.988,0.047137,0.57939,-0.054302,-0.03634,0.00060396
41.066,0.04648,0.58678,-0.054131,-0.031971,-0.0020602
41.145,0.045764,0.59392,-0.053998,-0.027366,-0.0041771
41.226,0.044774,0.60027,-0.053483,-0.022521,-0.005465
41.308,0.043672,0.60569,-0.052196,-0.017724,-0.0056699
41.39,0.041922,0.61019,-0.048778,-0.012807,-0.0043122
41.473,0.03942,0.6136,-0.043157,-0.0077227,-0.0018175
41.557,0.036069,0.61571,-0.035636,-0.0025707,0.0015088
41.641,0.031667,0.61633,-0.027001,0.0027643,0.0047642
41.727,0.026623,0.61561,-0.018901,0.0080466,0.0073442
41.813,0.021247,0.61287,-0.012136,0.01345,0.0086109
41.899,0.015752,0.60836,-0.0064456,0.018479,0.0079491
41.985,0.01058,0.60199,-0.0022935,0.023248,0.0055674
42.072,0.0058175,0.59382,0.0014329,0.027627,0.0022597
42.16,0.0014808,0.58425,0.0044795,0.032013,-0.00090307
42.247,-0.0027841,0.57366,0.0083738,0.036073,-0.0029899
42.334,-0.0073747,0.56252,0.013524,0.040171,-0.0042866
42.421,-0.012222,0.55074,0.018791,0.044222,-0.004266
42.508,-0.017528,0.53898,0.024772,0.048492,-0.0030566
42.595,-0.022718,0.52771,0.029945,0.052835,-0.0014079
42.681,-0.02699,0.51686,0.033433,0.057315,0.00012534
42.767,-0.030188,0.50664,0.035972,0.061914,0.0015047
42.853,-0.032276,0.4977,0.037474,0.066438,0.0025661
42.938,-0.033535,0.4899,0.038775,0.071032,0.0034657
43.022,-0.034584,0.48375,0.040322,0.075264,0.0041457
43.106,-0.035842,0.47892,0.042263,0.0789,0.0045114
43.189,-0.037515,0.47599,0.044958,0.081581,0.0044392
43.271,-0.03978,0.47466,0.047735,0.083225,0.003746
43.354,-0.041979,0.47504,0.050005,0.083849,0.0024027
43.436,-0.04444,0.47701,0.053045,0.083561,0.00083917
43.518,-0.04712,0.48035,0.055192,0.082316,-0.00072451
43.599,-0.049769,0.4843,0.057318,0.080442,-0.0017912
43.68,-0.052572,0.48878,0.060035,0.07796,-0.0023133
43.76,-0.055712,0.49329,0.062583,0.074829,-0.0022807
43.84,-0.059128,0.49792,0.065192,0.071127,-0.0015461
43.918,-0.062668,0.50225,0.067458,0.06672,-0.00044803
43.996,-0.065938,0.50604,0.069082,0.061856,0.00088618
44.073,-0.068621,0.50923,0.070127,0.056365,0.0025333
44.148,-0.070535,0.51194,0.070796,0.050805,0.003932
44.222,-0.071814,0.51432,0.071376,0.044915,0.0050136
44.296,-0.072668,0.51673,0.072097,0.039157,0.005512
44.369,-0.073072,0.51886,0.071851,0.033315,0.0054954
44.441,-0.07303,0.52082,0.071134,0.027555,0.0051305
44.512,-0.072452,0.52245,0.069825,0.021781,0.0044117
44.583,-0.071186,0.52396,0.067379,0.016117,0.0029003
44.654,-0.068948,0.5251,0.063479,0.010651,0.00076325
44.724,-0.065927,0.52601,0.058647,0.0051969,-0.0018961
44.794,-0.061995,0.52663,0.052856,4.1573e-05,-0.0047283
44.863,-0.057436,0.5267,0.046387,-0.0051631,-0.0068509
44.933,-0.052658,0.52648,0.040664,-0.010099,-0.0074693
45.002,-0.047968,0.52651,0.035955,-0.014688,-0.0067453
45.072,-0.043783,0.52674,0.032112,-0.018766,-0.0049848
45.142,-0.039941,0.52707,0.029723,-0.022235,-0.0028212
45.213,-0.036882,0.52796,0.028249,-0.024963,-0.00063189
45.284,-0.034102,0.52895,0.027219,-0.027075,0.0013504
45.356,-0.031885,0.52983,0.026624,-0.028828,0.0027278
45.43,-0.030263,0.53077,0.026004,-0.030311,0.0031701
45.505,-0.028772,0.53128,0.02443,-0.031567,0.003243
45.581,-0.027248,0.53177,0.023357,-0.032621,0.0031091
45.658,-0.026136,0.53308,0.0231,-0.033219,0.0026621
45.737,-0.026367,0.53622,0.025697,-0.032224,0.002517
45.816,-0.027493,0.54036,0.027097,-0.030528,0.0020588
45.897,-0.028309,0.54439,0.026721,-0.029138,0.0011759
45.979,-0.02854,0.5479,0.025177,-0.027698,0.00029443
46.062,-0.027993,0.55107,0.023154,-0.02613,-0.00045804
46.146,-0.026618,0.5534,0.020101,-0.024611,-0.0011991
46.231,-0.024362,0.55484,0.015796,-0.023022,-0.0020262
46.316,-0.020961,0.55563,0.01023,-0.021152,-0.0027265
46.402,-0.016371,0.55551,0.003667,-0.019168,-0.0026249
46.487,-0.010771,0.55432,-0.00391,-0.016949,-0.0019882
46.573,-0.0042762,0.5519,-0.01228,-0.014363,-0.0010517
46.659,0.0025881,0.54853,-0.019413,-0.010778,-7.8434e-05
46.745,0.0095834,0.54461,-0.025731,-0.0064191,0.00094947
46.831,0.015891,0.54063,-0.030738,-0.00095031,0.0016985
46.917,0.022114,0.53555,-0.037257,0.0045318,0.0017735
47.003,0.028757,0.52937,-0.044658,0.010046,0.00092433
47.088,0.035933,0.52229,-0.052318,0.015368,-0.00067097
47.173,0.043157,0.5147,-0.05961,0.020656,-0.0025419
47.257,0.049881,0.50688,-0.065908,0.025582,-0.0038881
47.342,0.055455,0.49924,-0.070805,0.030447,-0.0042824
47.426,0.059767,0.49169,-0.074179,0.034955,-0.0037757
47.51,0.062588,0.48464,-0.075506,0.039186,-0.0023879
47.594,0.063864,0.47789,-0.075066,0.043072,-0.00017933
47.679,0.063676,0.47176,-0.072593,0.046857,0.002357
47.763,0.062077,0.46602,-0.068542,0.050499,0.0048688
47.848,0.059187,0.4608,-0.062796,0.054147,0.0066669
47.932,0.055282,0.4559,-0.056724,0.057906,0.0074743
48.015,0.050337,0.45116,-0.04903,0.061604,0.0074653
48.099,0.044815,0.4467,-0.042512,0.065198,0.0064581
48.183,0.03938,0.44279,-0.036605,0.06815,0.0049774
48.267,0.035421,0.44059,-0.033723,0.069758,0.0032119
48.35,0.033733,0.44049,-0.033705,0.06931,0.0012203
48.433,0.034523,0.44255,-0.036124,0.067624,-0.00064776
48.514,0.036601,0.44541,-0.038987,0.065489,-0.0022166
48.596,0.039292,0.44901,-0.041804,0.063215,-0.0030841
48.677,0.042292,0.45321,-0.045178,0.060647,-0.0034233
48.757,0.045793,0.45826,-0.049376,0.057739,-0.0039147
48.836,0.049685,0.46378,-0.053784,0.054186,-0.004162
48.915,0.053877,0.46967,-0.057824,0.049993,-0.0037555
48.994,0.057754,0.47545,-0.060488,0.045439,-0.0025292
49.073,0.060915,0.48084,-0.062462,0.040335,-0.00094044
49.151,0.063104,0.48558,-0.062694,0.035091,0.00054588
49.228,0.064158,0.48955,-0.061971,0.029707,0.0014006
49.304,0.064025,0.49265,-0.059991,0.024448,0.0018648
49.379,0.062838,0.49472,-0.057161,0.019122,0.0022091
49.453,0.060906,0.49602,-0.053894,0.013863,0.0024389
49.527,0.058455,0.49647,-0.050493,0.0087587,0.0025577
49.601,0.055597,0.49603,-0.046836,0.0036843,0.0026086
49.674,0.052412,0.49455,-0.042917,-0.0014065,0.0024894
49.746,0.049198,0.49231,-0.039696,-0.0068082,0.0020966
49.818,0.046056,0.48922,-0.036576,-0.01243,0.0018703
49.891,0.043004,0.48535,-0.033757,-0.018068,0.001337
49.963,0.040166,0.48095,-0.03126,-0.023434,0.00042561
50.034,0.03777,0.47629,-0.029982,-0.028369,-0.00080734
50.106,0.036265,0.47198,-0.029794,-0.032725,-0.0018535
50.178,0.035587,0.46826,-0.030451,-0.036907,-0.0020892
50.25,0.035656,0.46539,-0.031237,-0.040664,-0.0016266
50.323,0.036234,0.46351,-0.032329,-0.044153,-0.00098057
50.396,0.037192,0.46266,-0.033477,-0.047219,-0.0001138
50.469,0.038386,0.46272,-0.034366,-0.049857,0.0013107
50.544,0.039567,0.4634,-0.034771,-0.051871,0.0028344
50.619,0.04079,0.46466,-0.035344,-0.05319,0.0039851
50.695,0.042097,0.46663,-0.036425,-0.053831,0.0043884
50.771,0.043653,0.46938,-0.038254,-0.053456,0.0044356
50.849,0.045739,0.47332,-0.040717,-0.052247,0.0041848
50.927,0.048105,0.47792,-0.043158,-0.049849,0.0034577
51.006,0.050678,0.48319,-0.046208,-0.046933,0.0021977
51.087,0.053283,0.48859,-0.049264,-0.043583,0.00092739
51.168,0.05569,0.4937,-0.051697,-0.039913,-0.00045591
51.251,0.057941,0.49867,-0.054539,-0.035681,-0.0020591
51.334,0.059973,0.50298,-0.057399,-0.031153,-0.0037826
51.418,0.062023,0.50696,-0.060887,-0.026045,-0.0055917
51.503,0.064374,0.51078,-0.064506,-0.020292,-0.0068002
51.589,0.066971,0.5142,-0.067596,-0.014283,-0.007326
51.676,0.06952,0.51684,-0.0704,-0.0080986,-0.0073338
51.763,0.071884,0.51904,-0.072719,-0.0020366,-0.0066321
51.852,0.073574,0.52013,-0.073345,0.0036591,-0.005224
51.941,0.074493,0.52015,-0.072812,0.008531,-0.0030749
52.031,0.074296,0.51882,-0.070657,0.012709,-0.00024346
52.121,0.073186,0.51618,-0.067319,0.016047,0.0025919
52.211,0.07141,0.51277,-0.064389,0.019065,0.0044587
52.301,0.069295,0.50882,-0.062049,0.021375,0.0049159
52.391,0.067636,0.5051,-0.060608,0.023348,0.0041943
52.48,0.066346,0.50141,-0.059119,0.024973,0.0031813
52.569,0.06522,0.49785,-0.057691,0.026368,0.0021307
52.657,0.064372,0.4943,-0.056487,0.027624,0.0010949
52.745,0.063466,0.49089,-0.055082,0.028714,-0.00010579
52.832,0.062638,0.48754,-0.053859,0.029825,-0.0017883
52.917,0.061848,0.48424,-0.052533,0.030738,-0.0036161
53.002,0.060986,0.48087,-0.051732,0.031642,-0.0052431
53.085,0.060579,0.47811,-0.052173,0.032244,-0.0064777
53.167,0.060749,0.47615,-0.053063,0.0326,-0.00685
53.248,0.061287,0.47478,-0.054326,0.032492,-0.0064583
53.329,0.062419,0.47429,-0.056384,0.031974,-0.0057371
53.408,0.063858,0.47443,-0.05798,0.030839,-0.0046411
53.487,0.065433,0.47526,-0.059946,0.029489,-0.0034449
53.565,0.067314,0.47693,-0.062105,0.027897,-0.0021252
53.643,0.069128,0.47913,-0.063477,0.026163,-0.00070925
53.719,0.070943,0.48209,-0.06529,0.024437,0.0002544
53.795,0.072709,0.48561,-0.066215,0.022638,0.00095973
53.87,0.07407,0.48931,-0.066588,0.020921,0.0015676
53.945,0.075101,0.4931,-0.066663,0.019188,0.0018591
54.019,0.075845,0.49687,-0.066679,0.017687,0.0018955
54.093,0.076186,0.50027,-0.066082,0.016158,0.0017514
54.167,0.076499,0.50359,-0.066254,0.014937,0.0012053
54.241,0.076838,0.50668,-0.066337,0.013761,0.00045872
54.314,0.077291,0.50941,-0.066605,0.012681,-0.00068796
54.388,0.077893,0.51161,-0.067194,0.011445,-0.002178
54.461,0.078644,0.51345,-0.068001,0.010129,-0.0037776
54.536,0.079328,0.51441,-0.068651,0.0085356,-0.0049885
54.61,0.079886,0.51502,-0.069505,0.0068375,-0.0057913
54.686,0.080286,0.51488,-0.070066,0.0049107,-0.0056321
54.763,0.080366,0.51415,-0.069651,0.0027402,-0.0045319
54.84,0.080014,0.51256,-0.068529,0.00031856,-0.0025407
54.919,0.079311,0.51052,-0.066526,-0.0022012,8.2839e-05
54.998,0.078475,0.50819,-0.064493,-0.0043823,0.002549
55.078,0.077692,0.50585,-0.062554,-0.0061175,0.0044846
55.158,0.076957,0.50371,-0.06049,-0.007095,0.0058813
55.239,0.076022,0.50145,-0.058415,-0.0074535,0.006552
55.321,0.074824,0.49914,-0.05626,-0.0071849,0.0063712
55.403,0.07303,0.49635,-0.053541,-0.0064156,0.0055653
55.485,0.070662,0.49319,-0.050583,-0.0050625,0.00419
55.568,0.067602,0.48927,-0.04697,-0.0034066,0.0026857
55.652,0.063944,0.4849,-0.043431,-0.001325,0.0011042
55.735,0.059952,0.47999,-0.039949,0.0013822,-0.00064233
55.818,0.055739,0.47497,-0.03668,0.004621,-0.0024075
55.902,0.051766,0.46995,-0.034093,0.0085402,-0.0036028
55.986,0.048298,0.46533,-0.031796,0.013054,-0.0041733
56.071,0.045402,0.46089,-0.029618,0.018116,-0.0041211
56.156,0.042956,0.45664,-0.027493,0.023574,-0.0038201
56.241,0.040799,0.45253,-0.025784,0.029293,-0.0031428
56.328,0.038783,0.44849,-0.024111,0.034984,-0.0022473
56.414,0.036979,0.44448,-0.022519,0.04031,-0.0014702
56.502,0.035256,0.44063,-0.021132,0.045166,-0.00079538
56.59,0.033525,0.43681,-0.019453,0.049405,-0.00044857
56.677,0.031821,0.43313,-0.017963,0.053063,-0.00037358
56.766,0.029995,0.42962,-0.016013,0.055973,-0.00048588
56.854,0.028026,0.42601,-0.013927,0.058117,-0.00055386
56.942,0.025785,0.42239,-0.011458,0.059418,-0.0005552
57.03,0.023217,0.41867,-0.008572,0.060046,-0.00055762
57.118,0.020349,0.41481,-0.0054634,0.059869,-0.00055627
57.205,0.01745,0.41101,-0.0026269,0.059348,-0.00056095
57.291,0.014797,0.40749,-0.00034258,0.058412,-0.00055509
57.377,0.012524,0.40445,0.001396,0.057414,-0.00049402
57.461,0.0106,0.40196,0.0028565,0.056292,-0.00045007
57.545,0.0090295,0.40003,0.0039031,0.055056,-0.00036799
57.628,0.0078703,0.39862,0.0045835,0.053907,-0.00015928
57.71,0.0070388,0.39781,0.0051865,0.052637,0.00018621
57.792,0.0065174,0.39748,0.00535,0.051553,0.00043633
57.872,0.0062558,0.39769,0.0054874,0.050351,0.00052281
57.952,0.0061801,0.39839,0.0054846,0.049383,0.00046301
58.031,0.0062825,0.39957,0.0051374,0.048302,0.0002394
58.108,0.0065658,0.40114,0.0048969,0.047418,1.9028e-05
58.186,0.0069503,0.40298,0.0042946,0.0464,-0.00023819
58.262,0.0075733,0.40507,0.0036663,0.045471,-0.00039602
58.338,0.0081759,0.40727,0.0029277,0.044371,-0.00045806
58.414,0.008919,0.40959,0.0020418,0.043266,-0.00040688
58.489,0.0096771,0.41183,0.0013243,0.042001,-0.00032899
58.563,0.010351,0.41407,0.00087858,0.040606,-0.00021375
58.638,0.010904,0.41608,0.00058088,0.039103,-0.0001455
58.712,0.011365,0.418,0.00017825,0.037378,-0.00018845
58.785,0.011806,0.41967,-0.0002451,0.035542,-0.00028565
58.859,0.012153,0.42114,-0.00042692,0.033446,-0.00037166
58.933,0.012356,0.42236,-0.00050814,0.031225,-0.00037943
59.007,0.012517,0.42325,-0.00070772,0.028731,-0.00035747
59.08,0.012687,0.42395,-0.00082875,0.02622,-0.00030233
59.154,0.012864,0.42433,-0.0010155,0.023445,-0.00030135
59.228,0.012975,0.42466,-0.0010698,0.02071,-0.00029668
59.303,0.013032,0.42466,-0.0010843,0.017736,-0.00034124
59.377,0.013051,0.42475,-0.0011063,0.014852,-0.00031071
59.452,0.013072,0.42455,-0.0011536,0.011846,-0.00020168
59.527,0.013072,0.42457,-0.0010947,0.0089951,-6.1422e-05
59.603,0.013018,0.42431,-0.00096288,0.0061512,5.8429e-06
59.679,0.012858,0.42427,-0.00065327,0.0035343,5.7018e-06
59.755,0.012662,0.42408,-0.00046379,0.0010149,-1.9479e-05
59.831,0.012473,0.42408,-0.00028823,-0.0011958,2.5367e-05
59.908,0.012225,0.42407,-9.8976e-05,-0.003221,0.00011336
59.985,0.012007,0.42419,4.5003e-05,-0.0048973,0.0001386
60.062,0.011816,0.42437,0.00039065,-0.0063256,4.827e-05
60.14,0.011563,0.42458,0.00063834,-0.0074505,-0.00010514
60.218,0.011329,0.42489,0.00076783,-0.0082584,-0.00019945
60.297,0.01117,0.42512,0.00081203,-0.0087443,-0.00020483
60.375,0.011028,0.42548,0.0009383,-0.0088819,-0.00020572
60.454,0.010972,0.42571,0.00087084,-0.0087649,-0.00019104
60.534,0.010937,0.42607,0.0008828,-0.0083281,-0.00015389
60.614,0.010976,0.42626,0.00072966,-0.0077355,-9.5062e-05
60.694,0.011037,0.42652,0.000678,-0.0068331,-2.1662e-05
60.774,0.011173,0.42667,0.00046104,-0.0058255,4.4185e-05
60.854,0.011352,0.42682,0.00034637,-0.0046026,4.4224e-05
60.936,0.011476,0.42687,0.00026489,-0.0033309,-1.7021e-05
61.017,0.011523,0.42689,0.00016735,-0.0019441,-5.6608e-05
61.098,0.011448,0.42686,-2.0866e-05,-0.00050191,-8.8638e-05
61.18,0.011391,0.42672,-9.072e-06,0.00096485,-0.00010128
61.262,0.011328,0.42658,4.0116e-05,0.0024847,-0.00013737
61.345,0.011316,0.42623,1.8526e-05,0.0039539,-0.00021252
61.427,0.011371,0.42597,-3.7857e-05,0.0055285,-0.00031397
61.509,0.011434,0.42542,3.2235e-05,0.0069914,-0.00030808
61.592,0.011419,0.42503,0.00015206,0.0085572,-0.00026746
61.675,0.011326,0.42441,0.00029857,0.010037,-0.00023318
61.758,0.011225,0.42389,0.00032908,0.011559,-0.00014151
61.84,0.01112,0.42327,0.00035381,0.012999,-8.1105e-05
61.923,0.011081,0.42269,0.00032131,0.014444,-6.8506e-05
62.006,0.011094,0.4221,0.00035625,0.015867,-9.5195e-05
62.088,0.01113,0.42149,0.00027889,0.017228,-0.00016024
62.171,0.011159,0.42098,0.00038813,0.018603,-0.00018515
62.253,0.011145,0.42037,0.00061209,0.01985,-0.00021945
62.336,0.01108,0.41998,0.00074661,0.021124,-0.00026473
62.418,0.010974,0.41945,0.00078087,0.02225,-0.00030837
62.5,0.01096,0.41914,0.00069058,0.023362,-0.0003352
62.582,0.010981,0.4187,0.00057024,0.024376,-0.00027676
62.664,0.011078,0.41846,0.00030501,0.025336,-0.00020241
62.745,0.011214,0.41813,0.00017499,0.026205,-0.00017197
62.826,0.011345,0.41792,7.7192e-05,0.026925,-0.00017026
62.907,0.011477,0.4177,-4.7709e-05,0.027597,-0.0001884
62.988,0.011632,0.41754,-0.00024266,0.028084,-0.0002647
63.069,0.011734,0.41743,-0.0001388,0.028553,-0.00033604
63.149,0.011793,0.41731,-0.00015731,0.028816,-0.0003677
63.23,0.011746,0.41726,-0.00013911,0.029075,-0.00035338
63.31,0.011637,0.41717,0.00016564,0.029149,-0.00037696
63.39,0.011436,0.41724,0.00042016,0.029201,-0.000332
63.469,0.011207,0.41722,0.0006525,0.029114,-0.00026168
63.549,0.010991,0.41734,0.0007949,0.028956,-0.00018739
63.628,0.010851,0.41739,0.0008322,0.028708,-0.00010605
63.707,0.010812,0.41755,0.0007775,0.028361,-3.6133e-05
63.786,0.010777,0.41768,0.00087131,0.027964,-1.0653e-05
63.865,0.010756,0.41789,0.00077326,0.027443,-5.0944e-05
63.944,0.010811,0.4181,0.00051563,0.026914,-0.00015983
64.022,0.010907,0.41832,0.00032958,0.026221,-0.0002595
64.101,0.011009,0.41858,0.00024892,0.025569,-0.00028384
64.179,0.011129,0.41879,0.0001705,0.024759,-0.00024439
64.257,0.011202,0.41909,9.2243e-05,0.024015,-0.00019085
64.335,0.011269,0.41926,0.00020186,0.023142,-0.00011095
64.413,0.011359,0.41959,0.00018126,0.022337,1.7091e-05
64.491,0.011423,0.41974,0.00031713,0.021429,0.00010584
64.569,0.011364,0.42003,0.00044152,0.02055,0.00014207
64.647,0.01131,0.42019,0.00039229,0.019623,0.00011464
64.725,0.011256,0.42045,0.00048106,0.018712,4.1883e-05
64.803,0.011181,0.42066,0.00062908,0.017807,-1.5818e-05
64.881,0.011096,0.42091,0.00070801,0.016887,-3.4389e-05
64.959,0.011012,0.42115,0.0007865,0.016005,-5.7384e-05
65.037,0.010996,0.42136,0.00063915,0.015084,-6.0373e-05
65.115,0.011083,0.42163,0.00042861,0.014262,-3.9079e-05
65.193,0.011232,0.42178,0.0001813,0.013387,-3.9882e-07
65.272,0.011405,0.42208,1.8316e-05,0.012663,3.7257e-05
65.35,0.01156,0.42218,-0.00013286,0.011878,4.8473e-05
65.428,0.011684,0.42247,-0.00024733,0.011246,3.5799e-05
65.507,0.011784,0.42252,-0.00030563,0.010608,-2.729e-05
65.585,0.011863,0.42275,-0.00046114,0.010109,-6.0501e-05
65.664,0.012003,0.42281,-0.00072026,0.0096122,-0.0001121
65.743,0.012145,0.42298,-0.00083072,0.0092298,-0.00013727
65.822,0.012209,0.42306,-0.00089675,0.0088745,-0.0001381
65.901,0.012249,0.42316,-0.0010466,0.0086154,-0.00010666
65.98,0.012323,0.42324,-0.0012473,0.0084239,-9.1315e-05
66.059,0.012372,0.42323,-0.0012731,0.0082841,-9.5567e-05
66.138,0.012354,0.42333,-0.0013008,0.0082632,-0.00010488
66.218,0.012345,0.42325,-0.0013547,0.0082356,-0.00010657
66.297,0.012321,0.42337,-0.0013104,0.008362,-8.579e-05
66.377,0.012253,0.42322,-0.0012859,0.0084515,-6.0363e-05
66.457,0.012158,0.42331,-0.0012099,0.0086987,-3.6887e-05
66.537,0.012059,0.42317,-0.0010437,0.0089023,4.3365e-05
66.617,0.01191,0.42318,-0.00078495,0.0092268,6.224e-05
66.697,0.011651,0.42307,-0.00037632,0.0095265,-8.4224e-06
66.777,0.011335,0.42302,-9.6034e-05,0.0098962,-4.1485e-05
66.857,0.011024,0.42294,0.00022634,0.010245,7.2752e-06
66.938,0.010774,0.42283,0.00047147,0.010621,0.00010349
67.018,0.010554,0.42279,0.00076654,0.011031,0.00018013
67.098,0.010379,0.42264,0.00085613,0.011421,0.0001351
67.179,0.010222,0.42264,0.0010232,0.011887,-2.4372e-05
67.26,0.01022,0.42244,0.00076492,0.012286,-0.0001825
67.34,0.010273,0.42246,0.00066882,0.012795,-0.00024015
67.421,0.010386,0.42226,0.00048571,0.013233,-0.00023264
67.502,0.010484,0.42225,0.00038041,0.013759,-0.00019974
67.582,0.010591,0.42207,9.1223e-05,0.014208,-0.00020809
67.663,0.010749,0.42201,-2.5542e-05,0.014724,-0.00021672
67.744,0.010901,0.42186,-2.141e-05,0.015199,-0.00016148
67.824,0.010916,0.42173,0.00014673,0.015703,-8.1492e-05
67.905,0.010784,0.42163,0.00033262,0.016205,2.3969e-05
67.985,0.010659,0.42146,0.00047783,0.016662,0.0001528
68.066,0.010614,0.4214,0.00046349,0.01717,0.00024996
68.146,0.010585,0.4212,0.00039075,0.017588,0.00021035
68.227,0.010616,0.42118,0.00024438,0.01809,6.2384e-05
68.307,0.0107,0.42097,9.8334e-05,0.018475,-0.00010697
68.387,0.010783,0.42098,4.1639e-05,0.018912,-0.00029026
68.467,0.010885,0.42079,7.9726e-05,0.01924,-0.00038838
68.547,0.010941,0.42078,0.00010626,0.019581,-0.00042823
68.628,0.010943,0.42064,0.00010335,0.019853,-0.00037219
68.708,0.010993,0.42058,-1.8897e-05,0.020101,-0.00026331
68.787,0.011014,0.42048,-7.7854e-05,0.020315,-0.00016464
68.867,0.011053,0.4204,-0.00020221,0.020442,-9.5129e-05
68.947,0.011082,0.42035,-0.00025695,0.020575,-3.7079e-05
69.027,0.011097,0.42025,-0.00023758,0.020581,-8.1961e-07
69.107,0.011072,0.42025,-0.00013978,0.020634,-1.9971e-05
69.186,0.011029,0.42013,-8.2856e-05,0.020549,-5.0405e-05
69.266,0.010988,0.42018,4.271e-05,0.020524,-6.8495e-05
69.345,0.010962,0.42007,-7.3075e-05,0.020359,-6.0719e-05
69.425,0.011031,0.42015,-0.00019206,0.020221,-3.4753e-05
69.504,0.01106,0.42006,-0.00023937,0.019987,-6.2918e-05
69.584,0.011096,0.42012,-0.00033823,0.019751,-5.6312e-05
69.663,0.011108,0.42011,-0.00037967,0.019465,-5.0133e-05
69.743,0.011105,0.42018,-0.00032658,0.019151,-2.6077e-05
69.822,0.011073,0.42023,-0.00026781,0.018832,5.462e-06
69.901,0.011039,0.4203,-0.00016068,0.018443,9.8349e-05
69.98,0.010949,0.42041,5.9416e-05,0.018103,0.0002021
70.06,0.010729,0.42047,0.00036248,0.017678,0.00026496
70.139,0.01047,0.42065,0.00055205,0.017362,0.00028064
70.218,0.010256,0.42069,0.00077879,0.016949,0.00023156
70.297,0.010112,0.42091,0.00084555,0.016655,0.00011534
70.377,0.01003,0.42095,0.00091277,0.016298,1.4393e-05
70.456,0.0099651,0.42117,0.00095518,0.016019,-5.8526e-05
70.535,0.009889,0.42125,0.0010694,0.015712,-0.00011842
70.614,0.0098435,0.42144,0.0011244,0.015458,-0.00011739
70.693,0.0098295,0.42153,0.00099303,0.015196,-4.3405e-05
70.772,0.0098999,0.42167,0.00079256,0.014965,5.5578e-05
70.852,0.010009,0.42178,0.0005914,0.01477,0.00012158
70.931,0.01017,0.42186,0.00038235,0.014562,0.00017267
71.01,0.010378,0.42198,0.00014972,0.014436,0.00020586
71.089,0.010542,0.42198,0.00012572,0.014241,0.00019165
71.168,0.010617,0.42212,0.00019152,0.01416,9.9082e-05
71.248,0.010674,0.42205,0.00017335,0.013983,1.9637e-05
71.327,0.010681,0.42219,0.00025159,0.013924,-6.3939e-05
71.406,0.010594,0.42209,0.00042294,0.013807,-0.00014699
71.486,0.01047,0.42217,0.00056311,0.013776,-0.00023303
71.565,0.010349,0.42208,0.00063329,0.013715,-0.00024575
71.645,0.010274,0.4221,0.00068329,0.013705,-0.00016585
71.724,0.010183,0.42207,0.00086179,0.013666,-4.1759e-05
71.804,0.010086,0.42205,0.00095842,0.013646,7.1075e-05
71.883,0.0099986,0.42207,0.001077,0.013646,0.0001397
71.963,0.0099348,0.422,0.0011198,0.013645,0.0001743
72.043,0.0099083,0.42205,0.001114,0.013726,0.00015113
72.122,0.0099067,0.42194,0.001125,0.013744,0.00011194
72.202,0.0098932,0.42202,0.0011719,0.013871,6.7004e-05
72.281,0.0099117,0.42189,0.0011104,0.013913,2.488e-05
72.361,0.009958,0.42198,0.0010567,0.014051,1.1328e-05
72.441,0.010042,0.42187,0.00094205,0.014145,3.6964e-05
72.521,0.01014,0.42191,0.00085615,0.014323,8.0133e-05
72.6,0.01024,0.42184,0.00082538,0.014458,0.00010098
72.68,0.01034,0.42184,0.00074371,0.014632,6.3298e-05
72.76,0.010471,0.42181,0.00064484,0.014786,-1.055e-05
72.84,0.010594,0.42175,0.00054184,0.014936,-7.9024e-05
72.919,0.010674,0.42177,0.00041244,0.015133,-0.00013818
72.999,0.010778,0.42168,0.00028409,0.015278,-0.00016202
73.079,0.010914,0.42172,8.9645e-05,0.015506,-0.0001572
73.159,0.011009,0.4216,0.00011446,0.015633,-0.00011164
73.238,0.011061,0.42167,9.6457e-05,0.015863,-9.3854e-05
73.318,0.011102,0.42155,-0.00011481,0.016004,-0.00016032
73.398,0.011147,0.42161,-0.00014619,0.016213,-0.00023474
73.477,0.011173,0.42151,-0.00021443,0.016342,-0.00016714
73.557,0.011192,0.42152,-0.00027358,0.016512,-2.1181e-05
73.637,0.011196,0.42146,-0.00035133,0.016626,9.4601e-05
73.716,0.011199,0.42143,-0.00032473,0.016749,0.00014933
73.796,0.01121,0.42143,-0.00036937,0.01686,0.00020272
73.876,0.011234,0.42137,-0.00044485,0.016941,0.00022401
73.955,0.011276,0.4214,-0.00056961,0.017048,0.00018135
74.035,0.011328,0.42131,-0.0005127,0.017065,0.00011102
74.114,0.011369,0.42139,-0.00044147,0.017156,6.7507e-06
74.194,0.011322,0.42128,-0.00027888,0.017135,-8.9445e-05
74.274,0.011214,0.42138,-9.5844e-05,0.017196,-0.0002202
74.353,0.011104,0.42127,8.439e-05,0.017164,-0.00030428
74.433,0.010967,0.42134,0.00027729,0.017185,-0.00034312
74.512,0.010845,0.42126,0.0003551,0.017133,-0.00035181
74.592,0.010754,0.42128,0.00042539,0.017105,-0.00030117
74.671,0.010748,0.42125,0.00050098,0.017044,-0.00015627
74.751,0.010753,0.42123,0.00049882,0.016967,1.9395e-05
74.83,0.010781,0.42124,0.00047581,0.0169,0.00016749
74.909,0.010853,0.4212,0.00029242,0.016768,0.00020672
74.989,0.010962,0.42127,0.00020572,0.016703,0.00016914
75.068,0.011053,0.42119,0.00018864,0.016559,0.00010162
75.148,0.011096,0.42129,0.00012946,0.01652,-1.8955e-06
75.227,0.011115,0.4212,0.00027691,0.016389,-2.4282e-05
75.307,0.011132,0.42131,0.00026187,0.01635,-3.6034e-05
75.386,0.011261,0.42123,5.2851e-05,0.01624,-8.9309e-05
75.465,0.011405,0.42132,-3.7758e-05,0.016193,-0.00014036
75.545,0.011483,0.42128,-0.00012821,0.016108,-0.00018181
75.624,0.011552,0.42132,-0.00020184,0.016056,-0.00016864
75.703,0.011632,0.42132,-0.00023085,0.01599,-7.026e-05
75.783,0.011692,0.42134,-0.00035278,0.015915,1.1043e-05
75.862,0.011756,0.42138,-0.0004197,0.015875,5.6663e-05
75.941,0.01181,0.42134,-0.00053044,0.015776,5.1857e-05
76.021,0.011825,0.42143,-0.00056906,0.015766,7.8429e-05
76.1,0.011857,0.42136,-0.00058629,0.015653,0.00010766
76.18,0.011892,0.42148,-0.00056286,0.015639,0.00019111
76.259,0.011919,0.4214,-0.00063502,0.015542,0.00024599
