-1.8809,0,0.49361,0,-0.00096621,0
-1.8814,-7.6449e-06,0.49054,5.0638e-05,-0.00085785,-2.0443e-05
-1.8811,-0.00020412,0.48528,0.00077859,-0.00089786,-0.00020923
-1.8798,-0.00053685,0.47687,0.0012964,-0.0011083,-0.00051617
-1.8776,-0.00087577,0.46523,0.0015551,-0.0015098,-0.00063801
-1.8751,-0.0011846,0.4515,0.0018129,-0.0017111,-0.00067329
-1.8713,-0.0012633,0.43657,0.0017716,-0.0019248,-0.00068178
-1.8666,-0.0010426,0.42109,0.0015457,-0.0019545,-0.0007518
-1.8614,-0.00069911,0.40566,0.0012345,-0.0017287,-0.00087826
-1.8561,-0.00039769,0.39074,0.00097075,-0.0011891,-0.00096595
-1.8508,-0.00022785,0.37665,0.0007856,-0.0002961,-0.0009877
-1.8454,-0.0001188,0.36367,0.00070201,0.00093842,-0.0010068
-1.8397,-0.00010245,0.35203,0.00067617,0.0024304,-0.001069
-1.8335,-0.0001555,0.34185,0.00074138,0.0041309,-0.0011156
-1.8266,-0.00028548,0.33316,0.00084917,0.0060172,-0.0011174
-1.819,-0.00044911,0.32599,0.0010094,0.0080827,-0.0011365
-1.8109,-0.00061182,0.32034,0.00116,0.010382,-0.0011433
-1.8027,-0.00071621,0.31619,0.0012766,0.012991,-0.0011516
-1.7947,-0.00077247,0.31343,0.0013107,0.015959,-0.0011667
-1.7869,-0.0006192,0.31211,0.0010881,0.019327,-0.0011824
-1.7795,-0.00037637,0.31199,0.00083733,0.023048,-0.0011768
-1.7724,-5.3405e-05,0.31294,0.00055392,0.02706,-0.001134
-1.7656,0.00024398,0.31484,0.00030628,0.031284,-0.0010806
-1.7589,0.00020425,0.31763,0.00039231,0.035649,-0.00099842
-1.7521,0.00030683,0.32124,0.00018543,0.040116,-0.0010309
-1.7456,0.00046465,0.32536,5.7695e-05,0.044624,-0.00095415
-1.7395,0.00058926,0.32979,-6.4164e-05,0.049119,-0.00084338
-1.734,0.00071447,0.33436,-0.00019812,0.053556,-0.00076395
-1.7291,0.0008638,0.33891,-0.00030795,0.057898,-0.00070857
-1.7249,0.00096203,0.34329,-0.00040299,0.062083,-0.00067215
-1.7213,0.0010542,0.3474,-0.00048256,0.066041,-0.00062815
-1.7182,0.0010864,0.3512,-0.00045234,0.069706,-0.00059371
-1.7154,0.001066,0.35457,-0.00043743,0.072975,-0.0005865
-1.7129,0.0010001,0.35747,-0.00028384,0.075809,-0.00054882
-1.7106,0.00083422,0.3599,-0.00011705,0.078194,-0.00050865
-1.7087,0.00064158,0.36179,0.00011658,0.080106,-0.00044972
-1.707,0.00041486,0.36316,0.00035902,0.081546,-0.00039457
-1.7058,0.00017372,0.36402,0.00062048,0.082535,-0.00033736
-1.705,-6.3309e-05,0.36438,0.00085252,0.083087,-0.00029176
-1.7046,-0.00026143,0.36429,0.0010656,0.083217,-0.00026636
-1.7044,-0.00044629,0.3638,0.0012717,0.082937,-0.00023948
-1.7044,-0.00060548,0.36297,0.0014216,0.082269,-0.00021424
-1.7045,-0.00069886,0.36185,0.0015244,0.081245,-0.0001886
-1.7049,-0.00072647,0.36049,0.0015545,0.079912,-0.00015799
-1.7054,-0.00068819,0.35897,0.0015303,0.078325,-0.00013784
-1.7061,-0.00059018,0.35735,0.0014465,0.076541,-0.000127
-1.7072,-0.00043519,0.3557,0.0013079,0.074618,-0.00011823
-1.7085,-0.00022837,0.35408,0.0011165,0.072602,-0.00010848
-1.7102,2.6609e-05,0.3525,0.00086589,0.070518,-8.968e-05
-1.7122,0.00032921,0.351,0.00057969,0.068383,-6.9929e-05
-1.7144,0.00065081,0.34963,0.00027507,0.066224,-5.5369e-05
-1.7169,0.00097774,0.34841,-3.4721e-05,0.064061,-4.0196e-05
-1.7195,0.0012979,0.34736,-0.00033605,0.061912,-2.3948e-05
-1.7223,0.0015982,0.3465,-0.00061794,0.059792,-1.2276e-05
-1.7253,0.0018569,0.34584,-0.00084244,0.057714,2.359e-05
-1.7285,0.0017318,0.34553,-0.0003217,0.055599,9.2766e-05
-1.7317,0.001201,0.3456,-3.7829e-06,0.053379,8.2954e-05
-1.7351,0.00080426,0.34591,0.00047752,0.051172,5.774e-07
-1.7385,0.00035886,0.34645,0.00088381,0.048992,-4.7533e-05
-1.7421,-2.2363e-05,0.34716,0.0012719,0.046865,-2.8219e-05
-1.7456,-0.00034086,0.34799,0.0015956,0.044793,-6.0053e-06
-1.7491,-0.0006041,0.34892,0.0018613,0.0428,-2.3825e-05
-1.7526,-0.00079694,0.34992,0.0020576,0.040874,-3.3878e-05
-1.7559,-0.00081288,0.35099,0.0018402,0.039032,4.1274e-05
-1.759,-0.00048216,0.35211,0.0017342,0.037284,0.00010785
-1.7621,-0.00027612,0.35321,0.0014679,0.035627,7.6142e-05
-1.765,-3.1633e-05,0.35427,0.0012653,0.034079,4.8232e-05
-1.7677,0.00019532,0.35527,0.0010435,0.032657,5.5165e-05
-1.7704,0.00042404,0.35617,0.00083979,0.031363,7.8329e-05
-1.7729,0.00064387,0.35698,0.00063226,0.030194,0.00010081
-1.7751,0.00086198,0.35769,0.00043437,0.029146,0.00011208
-1.7771,0.0010677,0.35829,0.00023969,0.028214,0.00012142
-1.7788,0.0012743,0.35878,4.8901e-05,0.027396,0.00013297
-1.7802,0.0014718,0.35915,-0.00013029,0.026693,0.00014478
-1.7813,0.0016553,0.35942,-0.00029906,0.026108,0.00015275
-1.7822,0.0018156,0.35957,-0.00043457,0.025645,0.00015827
-1.7828,0.0019399,0.35962,-0.00054189,0.025305,0.0001577
-1.7832,0.0020406,0.35957,-0.00062213,0.025088,0.0001604
-1.7833,0.002108,0.35944,-0.00067319,0.02499,0.0001689
-1.7832,0.0021492,0.35922,-0.00069873,0.025006,0.00017503
-1.7828,0.0021675,0.35895,-0.00069575,0.02513,0.00018291
-1.7822,0.0021264,0.35863,-0.00064353,0.025359,0.00017208
-1.7813,0.0020779,0.35826,-0.00057093,0.025691,0.00017579
-1.7801,0.0020131,0.35786,-0.00048948,0.026128,0.00018631
-1.7788,0.0019475,0.35743,-0.00040972,0.026671,0.0001953
-1.7773,0.0018826,0.35699,-0.0003277,0.027319,0.00020444
-1.7756,0.0018199,0.35654,-0.00024918,0.028069,0.00021639
-1.7738,0.0017639,0.35608,-0.00017421,0.028913,0.00023139
-1.7718,0.0017122,0.35562,-0.00010215,0.029843,0.00024926
-1.7697,0.0016639,0.35517,-3.1413e-05,0.030851,0.00026612
-1.7675,0.001617,0.35472,3.8461e-05,0.031933,0.00028253
-1.7652,0.0015695,0.35427,0.00010816,0.033083,0.00029699
-1.7629,0.0015212,0.35383,0.00017817,0.034294,0.00030153
-1.7606,0.0014914,0.35341,0.00014563,0.035561,0.00033093
-1.7583,0.0015971,0.35306,0.00013931,0.036884,0.00036466
-1.7561,0.0016283,0.35273,0.00010464,0.038234,0.0003465
-1.7539,0.0015507,0.35216,0.00022057,0.039686,0.00040305
-1.7518,0.0013836,0.35109,0.00036199,0.041296,0.00056158
-1.7498,0.0013066,0.34968,0.00040244,0.043024,0.00070567
-1.748,0.0013638,0.34785,0.00032975,0.044741,0.00074284
-1.7463,0.0015464,0.34578,0.0001238,0.046399,0.00076255
-1.7446,0.0018283,0.34362,-0.00018527,0.04791,0.00078763
-1.7426,0.002167,0.34139,-0.00054774,0.049194,0.00075553
-1.7404,0.0025186,0.33924,-0.00092948,0.050183,0.00066678
-1.7379,0.0028765,0.33725,-0.0012999,0.050857,0.00057106
-1.735,0.003205,0.33544,-0.0016367,0.051204,0.00050488
-1.7319,0.003497,0.33392,-0.0019264,0.051244,0.00048209
-1.7285,0.0037525,0.33272,-0.0021677,0.05098,0.00050195
-1.7247,0.0039602,0.33184,-0.0023481,0.050413,0.00053973
-1.7205,0.0041015,0.33131,-0.0024524,0.049567,0.00060398
-1.7159,0.0041762,0.33111,-0.002491,0.048485,0.0006746
-1.711,0.0041937,0.33122,-0.0024663,0.047223,0.00072847
-1.7059,0.0041603,0.3316,-0.0024068,0.045839,0.00078094
-1.7004,0.0041679,0.33228,-0.0023922,0.044356,0.00082468
-1.6946,0.004132,0.33317,-0.0022735,0.0428,0.000908
-1.6885,0.0040072,0.3342,-0.0021275,0.04121,0.0009457
-1.682,0.0038996,0.33533,-0.0019831,0.039568,0.00097162
-1.675,0.0037968,0.33659,-0.0018277,0.037891,0.0010477
-1.6677,0.0037032,0.338,-0.001721,0.036234,0.0011005
-1.6602,0.003596,0.33946,-0.001568,0.034655,0.0011034
-1.6525,0.0032867,0.34107,-0.0012303,0.033217,0.0011511
-1.6448,0.0027628,0.34271,-0.00054781,0.03202,0.0011976
-1.6373,0.0021378,0.34423,0.0001042,0.03113,0.0013358
-1.6298,0.0015102,0.34557,0.00078228,0.030512,0.0014076
-1.6223,0.00081923,0.34667,0.0016108,0.030144,0.001419
-1.6147,-9.8365e-05,0.34766,0.0026022,0.030002,0.0013433
-1.6069,-0.0011131,0.3484,0.0036313,0.030049,0.0013347
-1.599,-0.0021692,0.34883,0.0047482,0.030227,0.0014066
-1.5909,-0.0032745,0.349,0.0058172,0.030468,0.0015291
-1.5823,-0.0043043,0.34896,0.0068222,0.030705,0.0016478
-1.573,-0.0052281,0.34874,0.0077587,0.030826,0.0017085
-1.563,-0.0060379,0.34839,0.0085723,0.030753,0.0017802
-1.552,-0.006606,0.34795,0.008991,0.030421,0.0018883
-1.5401,-0.0068711,0.34744,0.0093994,0.029817,0.0019782
-1.5272,-0.0069457,0.34696,0.0093711,0.029022,0.0021174
-1.5134,-0.0067757,0.34662,0.0092629,0.028146,0.0021495
-1.4988,-0.0065238,0.34622,0.0090334,0.027261,0.0021873
-1.4836,-0.0062114,0.34567,0.0087976,0.026473,0.0023398
-1.468,-0.0059059,0.345,0.0085687,0.025838,0.0024336
-1.4522,-0.0056916,0.34418,0.0083676,0.025417,0.0024786
-1.4361,-0.0055727,0.34331,0.0083155,0.025236,0.0025208
-1.4198,-0.0054393,0.34239,0.0082159,0.025282,0.0024997
-1.4031,-0.0054056,0.34144,0.0081662,0.025445,0.0024097
-1.3859,-0.0052539,0.34046,0.0080223,0.025717,0.002388
-1.368,-0.0050653,0.33959,0.0078837,0.026112,0.0023665
-1.3497,-0.004877,0.33875,0.0077331,0.026565,0.002403
-1.3312,-0.0046286,0.33779,0.0075367,0.027213,0.0024433
-1.3127,-0.0043396,0.33684,0.0072904,0.028109,0.0024308
-1.2943,-0.0040029,0.3359,0.0069508,0.029242,0.0023614
-1.2757,-0.0036883,0.33501,0.0066979,0.030493,0.0022151
-1.2567,-0.0032566,0.33433,0.0060096,0.031728,0.0020764
-1.2373,-0.0024805,0.33378,0.0054004,0.032894,0.0020995
-1.2173,-0.0017244,0.33326,0.0045706,0.033958,0.0020996
-1.1968,-0.00086494,0.33289,0.0039646,0.034935,0.0019492
-1.1756,-0.00029174,0.33287,0.0035177,0.035926,0.0015555
-1.1543,0.00039173,0.33286,0.0027788,0.037047,0.0016016
-1.1329,0.0012972,0.33293,0.0019191,0.038228,0.0018381
-1.1115,0.0022712,0.33317,0.00093862,0.039382,0.0019182
-1.0898,0.0033311,0.33366,-0.00017747,0.040377,0.001901
-1.0676,0.0042871,0.33426,-0.0010228,0.041204,0.001607
-1.045,0.004959,0.33499,-0.001575,0.041969,0.0015115
-1.0221,0.0053289,0.33584,-0.0018293,0.042746,0.0016587
-0.99898,0.0053232,0.33677,-0.0016444,0.043624,0.0017604
-0.97578,0.0051116,0.33779,-0.0014107,0.044543,0.0018455
-0.95245,0.0047162,0.33892,-0.00066754,0.045435,0.0019548
-0.92903,0.0039739,0.34012,4.6537e-05,0.046187,0.0019885
-0.90536,0.0032403,0.3412,0.00088726,0.046743,0.0019708
-0.88122,0.0025466,0.34236,0.0017063,0.047139,0.0020563
-0.85657,0.0018763,0.3434,0.002511,0.04737,0.0022392
-0.83138,0.0012091,0.34429,0.0032517,0.047398,0.0024221
-0.80593,0.00057563,0.34503,0.0040042,0.047295,0.0025616
-0.78061,1.1439e-05,0.34562,0.0046626,0.047088,0.0026515
-0.75524,-0.00064718,0.34607,0.0054974,0.046634,0.0025879
-0.72962,-0.0013598,0.34655,0.0062273,0.046045,0.002583
-0.70347,-0.0019883,0.34698,0.0069501,0.045351,0.0026005
-0.67654,-0.0025137,0.34724,0.0075113,0.044467,0.0025237
-0.64898,-0.0029705,0.3475,0.0080206,0.043418,0.0025445
-0.62141,-0.0030901,0.34776,0.0079666,0.042224,0.0022713
-0.59405,-0.0030501,0.34796,0.0080559,0.040993,0.001827
-0.56662,-0.0029364,0.34835,0.0077859,0.039827,0.0015322
-0.53878,-0.0026273,0.34851,0.007414,0.038781,0.0012658
-0.51026,-0.0019907,0.34841,0.006497,0.037827,0.0010472
-0.48142,-0.0009548,0.34825,0.0057,0.037033,0.00077891
-0.45264,-1.3456e-05,0.348,0.0045628,0.03646,0.00063244
-0.42397,0.0010962,0.34769,0.0035048,0.03617,0.00064952
-0.39526,0.0020957,0.34708,0.0026245,0.036288,0.00073307
-0.36632,0.0028385,0.3462,0.0019683,0.036718,0.00072864
-0.33701,0.0033411,0.34526,0.0015352,0.037225,0.00061461
-0.30731,0.0035642,0.34434,0.0012925,0.037727,0.00057381
-0.27734,0.0037896,0.34369,0.00095161,0.03833,0.00077067
-0.24718,0.0039727,0.34322,0.00087846,0.039093,0.00075259
-0.21662,0.0039397,0.34288,0.00088735,0.039873,0.00055304
-0.18565,0.0035181,0.34291,0.0015987,0.040473,0.00048035
-0.15407,0.0030127,0.34325,0.0021771,0.04074,0.00065338
-0.12184,0.0027236,0.34396,0.0024692,0.040718,0.00093182
-0.089112,0.0024321,0.34479,0.0029161,0.040517,0.0010954
-0.055853,0.0020451,0.34577,0.0032934,0.040096,0.0011773
-0.02217,0.0017243,0.34698,0.0036482,0.039426,0.0010879
0.012043,0.0015426,0.34835,0.0038246,0.038553,0.0010809
0.046855,0.0017942,0.34965,0.0032454,0.037566,0.00095534
0.082168,0.002258,0.35071,0.0027602,0.036478,0.0008194
0.11821,0.0028718,0.35162,0.0022669,0.035221,0.00074141
0.15477,0.0034535,0.35251,0.0015968,0.033889,0.00060872
0.19164,0.004167,0.35322,0.00098497,0.032713,0.00033329
0.22875,0.0049103,0.35362,9.8202e-05,0.03181,0.0001598
0.26614,0.0056027,0.3537,-0.00041301,0.03108,3.0043e-05
0.30379,0.005966,0.35372,-0.00073645,0.0305,-0.00023369
0.34162,0.0062846,0.35361,-0.0011005,0.030248,-0.00044979
0.37972,0.0065872,0.35309,-0.0013784,0.030323,-0.00048103
0.41781,0.0068336,0.35247,-0.001772,0.030634,-0.00048523
0.45598,0.0072435,0.35191,-0.0021147,0.031098,-0.00064055
0.49427,0.0076124,0.35127,-0.0024156,0.031745,-0.00091262
0.53298,0.0077933,0.35064,-0.0025002,0.032478,-0.0010087
0.57189,0.0078878,0.35021,-0.0026822,0.033257,-0.0010575
0.61098,0.0081381,0.34997,-0.0029691,0.034048,-0.0010701
0.65034,0.0086647,0.3497,-0.0036347,0.034914,-0.0011986
0.69022,0.0094617,0.34929,-0.004576,0.0357,-0.0013773
0.73055,0.010276,0.34896,-0.0052129,0.036251,-0.0014629
0.77137,0.011072,0.34892,-0.0062686,0.036653,-0.0012957
0.81278,0.01194,0.34878,-0.0069568,0.036987,-0.0011302
0.85458,0.012517,0.34857,-0.0074691,0.037217,-0.0010573
0.89687,0.012872,0.34836,-0.0077131,0.037239,-0.0010173
0.93984,0.012965,0.34816,-0.0078466,0.037255,-0.00087977
0.98346,0.012887,0.34785,-0.0075835,0.037334,-0.00059124
1.0275,0.012593,0.34748,-0.0072732,0.037378,-0.00058501
1.072,0.011983,0.34728,-0.0065461,0.037466,-0.00071784
1.1167,0.011142,0.34723,-0.0058442,0.037793,-0.00087977
1.1617,0.010469,0.34735,-0.0052041,0.038216,-0.0011349
1.207,0.0096968,0.34795,-0.004417,0.038634,-0.0014695
1.2526,0.0090955,0.34887,-0.0037769,0.039129,-0.0016937
1.2984,0.0083116,0.34976,-0.0029203,0.039705,-0.0018999
1.3443,0.0074387,0.35073,-0.0021917,0.040209,-0.0021269
1.3904,0.0066594,0.35177,-0.0014337,0.040782,-0.0022171
1.437,0.005735,0.35254,-0.00047543,0.041394,-0.0021261
1.484,0.0046728,0.35311,0.00059307,0.041816,-0.0020315
1.5312,0.0035579,0.35351,0.0016707,0.042151,-0.0019111
1.5787,0.0022617,0.35346,0.0028983,0.042567,-0.0017689
1.6266,0.00094655,0.35286,0.0040602,0.042893,-0.00165
1.6747,8.232e-05,0.35208,0.0046655,0.043087,-0.001755
1.7232,-0.00049288,0.35118,0.005129,0.043356,-0.0018181
1.7722,-0.001063,0.35032,0.0054978,0.043488,-0.0017373
1.8216,-0.00090862,0.35001,0.0044491,0.043523,-0.0015266
1.8712,-0.00030022,0.35004,0.0040253,0.043753,-0.0015094
1.9209,0.00013232,0.35027,0.0029832,0.044103,-0.0017288
1.9709,0.00086786,0.35073,0.0022762,0.044404,-0.0019569
2.021,0.001527,0.35141,0.0014204,0.044927,-0.0021443
2.0717,0.0019991,0.35218,0.00098726,0.045495,-0.0021439
2.1227,0.0019699,0.35311,0.00092895,0.046012,-0.0023346
2.1739,0.001707,0.35398,0.0011811,0.046572,-0.0024829
2.2256,0.0015686,0.3546,0.00087153,0.046864,-0.0023809
2.2774,0.0016994,0.35518,0.00087308,0.046917,-0.0023825
2.3296,0.0019651,0.35574,0.00040518,0.046894,-0.0026626
2.3821,0.0024245,0.35594,-5.2855e-05,0.046724,-0.0028267
2.4349,0.0028626,0.35613,-0.00062622,0.046533,-0.0026816
2.4879,0.0032129,0.35629,-0.0012319,0.046572,-0.0027231
2.5414,0.0034566,0.35632,-0.0016209,0.046534,-0.0030241
2.5952,0.0036743,0.35648,-0.0019869,0.046521,-0.0034328
2.6492,0.0036295,0.35649,-0.0020556,0.046799,-0.0037779
2.7035,0.0032993,0.35636,-0.001854,0.047072,-0.0038028
2.7581,0.0025977,0.35619,-0.0013211,0.047519,-0.003534
2.8132,0.0017486,0.35557,-0.00070446,0.048112,-0.0033298
2.8685,0.00090897,0.35469,-2.7442e-05,0.04874,-0.0033205
2.924,6.8204e-05,0.35359,0.00066058,0.049538,-0.0033807
2.98,-0.00056886,0.35235,0.00068198,0.050173,-0.0034945
3.0366,-0.00026317,0.35136,-0.00015201,0.050568,-0.0036885
3.0935,0.00035936,0.35063,-0.00089718,0.050993,-0.0039326
3.1509,0.0010028,0.35007,-0.002164,0.051144,-0.0041217
3.2087,0.0018891,0.34982,-0.0033243,0.051078,-0.004088
3.2671,0.0025706,0.34994,-0.0037087,0.050966,-0.004221
3.3259,0.0029155,0.35021,-0.0044206,0.050614,-0.0046719
3.3848,0.0030269,0.35063,-0.0047522,0.050373,-0.0049087
3.4442,0.0029981,0.35096,-0.0049177,0.050025,-0.0050552
3.504,0.0027375,0.35123,-0.0047961,0.049672,-0.0052945
3.5641,0.0021241,0.35141,-0.0044039,0.04948,-0.0054715
3.6245,0.0013888,0.35139,-0.003913,0.049238,-0.005511
3.6851,0.00075765,0.3513,-0.0036019,0.049325,-0.0054751
3.7456,4.3379e-05,0.35127,-0.0031163,0.049566,-0.0054588
3.8062,-0.00082367,0.35146,-0.0025914,0.049909,-0.0054245
3.867,-0.0018893,0.35177,-0.0016327,0.050331,-0.0051839
3.9282,-0.0034248,0.35219,-0.0004572,0.050537,-0.0050524
3.9895,-0.0049871,0.35276,0.00071896,0.050902,-0.0049979
4.0509,-0.0066837,0.35323,0.0019999,0.051192,-0.0050161
4.1127,-0.0079258,0.35373,0.0026632,0.051341,-0.0051286
4.1747,-0.0089463,0.35403,0.0035045,0.051614,-0.0053256
4.2368,-0.009902,0.35418,0.0040759,0.051815,-0.0055477
4.2993,-0.010605,0.35403,0.0043905,0.052077,-0.0056036
4.3623,-0.011118,0.35365,0.0044294,0.052202,-0.0055134
4.4257,-0.011446,0.35321,0.0044262,0.052495,-0.0054248
4.4894,-0.01181,0.3526,0.0044952,0.052478,-0.0054748
4.5532,-0.012144,0.35228,0.0042638,0.052109,-0.0057045
4.6173,-0.012301,0.35219,0.0039743,0.051485,-0.0061904
4.6823,-0.012128,0.35227,0.0027152,0.050261,-0.0069693
4.749,-0.011442,0.3526,0.0017293,0.048416,-0.0086536
4.8175,-0.010761,0.35301,0.00083597,0.04598,-0.011816
4.8875,-0.010002,0.35343,-0.00056823,0.043233,-0.016311
4.9587,-0.0090387,0.35376,-0.0021504,0.04052,-0.021366
5.0312,-0.0081298,0.35398,-0.0036505,0.037752,-0.026793
5.1049,-0.0075501,0.3544,-0.0049571,0.034988,-0.032559
5.1798,-0.0071777,0.35537,-0.0065749,0.032438,-0.038178
5.2551,-0.0071913,0.35685,-0.0078209,0.030189,-0.044036
5.3307,-0.0077609,0.35861,-0.0090408,0.028332,-0.049838
5.4069,-0.0088674,0.36043,-0.0099696,0.026769,-0.055749
5.4839,-0.010734,0.36197,-0.010225,0.025485,-0.062181
5.562,-0.013348,0.36291,-0.010307,0.024492,-0.069167
5.641,-0.016705,0.3636,-0.010831,0.023638,-0.07689
5.7207,-0.020788,0.3642,-0.01094,0.023292,-0.085612
5.8006,-0.025487,0.36492,-0.0108,0.023385,-0.094713
5.8809,-0.03094,0.36553,-0.010501,0.024104,-0.10411
5.9617,-0.036865,0.36606,-0.010593,0.025387,-0.11358
6.0431,-0.043473,0.36644,-0.011366,0.027101,-0.123
6.1252,-0.05069,0.36652,-0.011897,0.029204,-0.13259
6.208,-0.05864,0.3662,-0.012226,0.031532,-0.14217
6.2914,-0.067757,0.36555,-0.01167,0.033898,-0.15155
6.3752,-0.078102,0.36487,-0.010146,0.036456,-0.16105
6.4592,-0.089608,0.36398,-0.0085699,0.039055,-0.17042
6.5436,-0.10221,0.36289,-0.0072126,0.04179,-0.1795
6.6286,-0.11549,0.36144,-0.0064303,0.044538,-0.18808
6.7141,-0.12906,0.35977,-0.006621,0.047192,-0.19631
6.8003,-0.14315,0.35786,-0.0076721,0.049722,-0.20469
6.887,-0.15757,0.35593,-0.0087473,0.052174,-0.21286
6.9741,-0.17271,0.3543,-0.0086082,0.054407,-0.22053
7.0615,-0.1886,0.35288,-0.0080041,0.056434,-0.22795
7.149,-0.2056,0.35131,-0.0074849,0.058264,-0.235
7.2367,-0.22374,0.34978,-0.0074649,0.059984,-0.24192
7.3251,-0.2425,0.3484,-0.0077543,0.06148,-0.249
7.4138,-0.26181,0.34731,-0.0078878,0.062821,-0.25652
7.5026,-0.28171,0.34662,-0.0070032,0.06397,-0.264
7.5912,-0.30245,0.34636,-0.0061896,0.06514,-0.27161
7.6794,-0.32373,0.34649,-0.0048249,0.066282,-0.27911
7.7675,-0.34568,0.34694,-0.0034436,0.067228,-0.28661
7.8558,-0.36837,0.3476,-0.0022486,0.068022,-0.29437
7.9443,-0.39128,0.34846,-0.0027783,0.068688,-0.30239
8.0327,-0.41458,0.34962,-0.0030398,0.069227,-0.3108
8.1213,-0.43837,0.35092,-0.0027443,0.069679,-0.31936
8.2093,-0.46273,0.35247,-0.0028715,0.070048,-0.32814
8.297,-0.48747,0.35404,-0.0025253,0.070381,-0.3369
8.3846,-0.51267,0.35564,-0.0027033,0.070486,-0.34599
8.472,-0.53825,0.35693,-0.0028329,0.070493,-0.35514
8.5594,-0.56435,0.35802,-0.0030857,0.07038,-0.3643
8.647,-0.59095,0.35883,-0.00312,0.070187,-0.37356
8.7347,-0.61815,0.35952,-0.0038624,0.070005,-0.38302
8.8221,-0.64627,0.36,-0.0045068,0.069799,-0.39265
8.9092,-0.67521,0.36034,-0.0050394,0.069685,-0.40244
8.9959,-0.70498,0.36042,-0.0056728,0.069639,-0.41241
9.0824,-0.73562,0.36029,-0.0065066,0.069652,-0.42244
9.1686,-0.76715,0.36012,-0.0074685,0.069736,-0.43241
9.2546,-0.79955,0.35981,-0.0081037,0.069904,-0.44232
9.3404,-0.83304,0.35967,-0.0082893,0.069949,-0.45204
9.4262,-0.86762,0.35967,-0.0077338,0.069939,-0.46165
9.5116,-0.9032,0.35966,-0.007455,0.069803,-0.4714
9.5966,-0.93968,0.35935,-0.0069777,0.069724,-0.48117
9.6811,-0.97706,0.35868,-0.0067635,0.0697,-0.4909
9.7651,-1.0153,0.35766,-0.0062325,0.069888,-0.50023
9.8487,-1.0543,0.3569,-0.0058934,0.070259,-0.509
9.9322,-1.0941,0.35621,-0.0071279,0.070472,-0.51752
10.016,-1.1347,0.35572,-0.0078976,0.070451,-0.52586
10.099,-1.1763,0.3552,-0.0087345,0.070361,-0.53403
10.182,-1.2186,0.3546,-0.0094026,0.070415,-0.542
10.265,-1.2619,0.35398,-0.0090921,0.070327,-0.54977
10.346,-1.3059,0.35324,-0.00907,0.070482,-0.55734
10.428,-1.3505,0.3527,-0.0091903,0.070821,-0.56503
10.509,-1.3958,0.35212,-0.0092314,0.071696,-0.5727
10.59,-1.4413,0.35162,-0.010457,0.072629,-0.58022
10.671,-1.4873,0.35089,-0.012441,0.073789,-0.5872
10.75,-1.5336,0.35017,-0.014545,0.075342,-0.59317
10.827,-1.5796,0.34944,-0.016532,0.077538,-0.59772
10.903,-1.6256,0.34863,-0.018266,0.080303,-0.60104
10.976,-1.6714,0.34759,-0.019763,0.083634,-0.60311
11.047,-1.717,0.34667,-0.020889,0.087375,-0.60395
11.116,-1.7629,0.34589,-0.021629,0.091214,-0.60421
11.185,-1.8091,0.34573,-0.021555,0.094935,-0.60408
11.252,-1.8553,0.34604,-0.021674,0.098178,-0.60386
11.319,-1.9018,0.34696,-0.020565,0.10101,-0.60346
11.385,-1.9485,0.34795,-0.019179,0.10344,-0.60298
11.45,-1.9954,0.34887,-0.017234,0.10538,-0.60201
11.515,-2.0424,0.34974,-0.01564,0.10675,-0.60077
11.58,-2.0896,0.35072,-0.013424,0.10764,-0.59941
11.645,-2.137,0.35178,-0.011416,0.10799,-0.5983
11.71,-2.1844,0.35321,-0.0089814,0.10787,-0.59686
11.775,-2.2316,0.35478,-0.0065279,0.10727,-0.59542
11.839,-2.279,0.35633,-0.0035205,0.10623,-0.59445
11.904,-2.3262,0.35775,-0.00083404,0.10473,-0.59346
11.969,-2.3732,0.35877,0.0013722,0.10289,-0.59269
12.034,-2.4198,0.35949,0.0030955,0.10075,-0.59211
12.1,-2.4658,0.35994,0.0037921,0.098329,-0.59183
12.166,-2.5113,0.36016,0.0048261,0.095772,-0.59159
12.231,-2.5564,0.3601,0.0056626,0.093032,-0.59179
12.297,-2.6013,0.35991,0.007007,0.090305,-0.59192
12.362,-2.646,0.35947,0.0077844,0.087596,-0.59211
12.427,-2.6907,0.35859,0.0083716,0.085056,-0.59214
12.492,-2.7349,0.35738,0.0085664,0.082648,-0.59218
12.557,-2.7787,0.35618,0.0080468,0.080263,-0.59242
12.622,-2.8218,0.35504,0.0069722,0.077932,-0.59242
12.688,-2.8645,0.35372,0.0058523,0.075699,-0.5925
12.753,-2.907,0.35219,0.0045729,0.073621,-0.59272
12.818,-2.9492,0.35063,0.0029112,0.071664,-0.59314
12.884,-2.9914,0.34932,0.0017588,0.069894,-0.59342
12.948,-3.0337,0.34816,0.00026219,0.06816,-0.59381
13.014,-3.076,0.34716,-0.00084295,0.066407,-0.59385
13.079,-3.1184,0.3464,-0.0023633,0.064624,-0.59394
13.144,-3.161,0.34602,-0.0036114,0.062936,-0.59423
13.209,-3.2037,0.34588,-0.0047304,0.061259,-0.5944
13.274,-3.2467,0.34578,-0.0056037,0.059766,-0.5944
13.339,-3.2901,0.34576,-0.005883,0.05846,-0.59433
13.405,-3.334,0.34583,-0.0057821,0.057413,-0.59402
13.47,-3.3783,0.34604,-0.0056148,0.056593,-0.59364
13.535,-3.4229,0.34641,-0.004925,0.055959,-0.59328
13.601,-3.468,0.34698,-0.0037987,0.05548,-0.59313
13.666,-3.5136,0.34781,-0.0027402,0.055198,-0.5931
13.732,-3.5592,0.34885,-0.0015589,0.055407,-0.59285
13.798,-3.6049,0.34966,-0.0010927,0.055765,-0.59211
13.864,-3.6502,0.35031,-0.00071654,0.056585,-0.59067
13.93,-3.6948,0.35059,-0.00061476,0.057903,-0.58826
13.994,-3.7387,0.35043,-0.0010324,0.059876,-0.58428
14.058,-3.7817,0.35004,-0.0014571,0.062281,-0.57856
14.121,-3.824,0.34937,-0.0016125,0.065234,-0.57138
14.183,-3.8659,0.34894,-0.0017777,0.068536,-0.56365
14.244,-3.9072,0.34863,-0.0023429,0.072102,-0.5551
14.304,-3.9482,0.3482,-0.0031694,0.075851,-0.54604
14.364,-3.9888,0.34785,-0.0034103,0.079558,-0.53659
14.423,-4.0291,0.34766,-0.0031548,0.083134,-0.52661
14.482,-4.0693,0.34755,-0.0027063,0.086321,-0.51615
14.541,-4.1091,0.34786,-0.0020601,0.089252,-0.50525
14.6,-4.1489,0.34814,-0.0013061,0.091708,-0.49419
14.658,-4.1886,0.3486,0.00027139,0.093825,-0.48308
14.717,-4.2281,0.34949,0.0029722,0.095457,-0.47206
14.775,-4.2674,0.35013,0.0048443,0.096692,-0.46117
14.833,-4.3062,0.3507,0.0060214,0.097307,-0.45025
14.892,-4.3443,0.35135,0.0064254,0.09747,-0.43926
14.952,-4.3817,0.35179,0.0065902,0.097141,-0.42847
15.011,-4.4181,0.35219,0.0073378,0.096333,-0.4175
15.071,-4.4538,0.35258,0.0079679,0.09515,-0.40659
15.131,-4.4885,0.35282,0.0087136,0.093482,-0.3955
15.191,-4.5223,0.35327,0.0087709,0.091584,-0.38467
15.251,-4.5554,0.35328,0.0081996,0.08946,-0.37412
15.311,-4.5871,0.35303,0.0079479,0.087248,-0.36347
15.371,-4.6178,0.35264,0.0082747,0.084995,-0.35287
15.432,-4.6475,0.35196,0.0087279,0.082672,-0.34247
15.492,-4.6757,0.35143,0.0094569,0.080279,-0.33237
15.553,-4.7027,0.35078,0.0094856,0.077886,-0.32258
15.613,-4.7286,0.35023,0.0089545,0.075304,-0.31312
15.674,-4.7535,0.34982,0.007998,0.072731,-0.30404
15.735,-4.7775,0.34951,0.0066586,0.070142,-0.29538
15.797,-4.8003,0.34924,0.0049574,0.067488,-0.28672
15.859,-4.8222,0.34898,0.0029873,0.064932,-0.27828
15.921,-4.8431,0.34858,0.0018729,0.062351,-0.26966
15.983,-4.8633,0.34822,0.0012106,0.060016,-0.26125
16.045,-4.883,0.3479,0.00069917,0.057783,-0.25326
16.107,-4.9022,0.3478,0.00059477,0.055708,-0.24544
16.169,-4.9208,0.34777,0.00077393,0.053854,-0.23807
16.232,-4.9387,0.34763,0.0012673,0.052353,-0.23101
16.295,-4.9562,0.34759,0.0018917,0.05108,-0.22406
16.358,-4.9734,0.34763,0.0023016,0.049896,-0.21686
16.422,-4.9904,0.34781,0.0027862,0.048633,-0.20959
16.486,-5.0068,0.34835,0.0031394,0.047515,-0.2025
16.551,-5.0222,0.34888,0.0020105,0.046434,-0.19551
16.616,-5.0368,0.34963,0.0012156,0.045527,-0.18846
16.681,-5.0509,0.3504,0.0007979,0.044866,-0.18122
16.747,-5.0648,0.35113,0.00056272,0.044395,-0.17377
16.813,-5.0784,0.35213,0.00065022,0.044099,-0.16576
16.879,-5.0915,0.35332,-0.00011163,0.044009,-0.15715
16.946,-5.1041,0.35479,-0.00094801,0.044025,-0.14829
17.013,-5.1161,0.3564,-0.0021573,0.04408,-0.13936
17.081,-5.1276,0.35793,-0.0041832,0.044228,-0.13009
17.148,-5.1384,0.35952,-0.0053223,0.044479,-0.12035
17.216,-5.1492,0.36087,-0.0054112,0.045058,-0.11045
17.285,-5.16,0.36168,-0.0051333,0.045733,-0.10027
17.353,-5.1706,0.36192,-0.0045211,0.04647,-0.089963
17.422,-5.1813,0.36158,-0.0042057,0.047272,-0.079796
17.491,-5.1914,0.3611,-0.0043093,0.048085,-0.069677
17.561,-5.2011,0.3605,-0.0037778,0.048976,-0.059286
17.63,-5.2104,0.35973,-0.0034011,0.049962,-0.048764
17.7,-5.2192,0.35892,-0.0030889,0.051112,-0.038286
17.769,-5.2273,0.35777,-0.0021068,0.052201,-0.02775
17.839,-5.2349,0.35657,-0.00071005,0.052912,-0.017496
17.909,-5.2419,0.35557,0.0017091,0.053454,-0.0074929
17.98,-5.2483,0.35476,0.0043129,0.053701,0.0016442
18.052,-5.254,0.35426,0.0067151,0.053597,0.0094147
18.125,-5.2588,0.35413,0.0089838,0.053115,0.015081
18.2,-5.2629,0.35421,0.011719,0.052292,0.018628
18.277,-5.2659,0.35445,0.014458,0.050955,0.020197
18.355,-5.2679,0.35484,0.017611,0.049305,0.02063
18.434,-5.2693,0.35525,0.019735,0.047468,0.020214
18.514,-5.2697,0.35548,0.020729,0.045584,0.019382
18.595,-5.2691,0.35549,0.020344,0.043427,0.017968
18.677,-5.2676,0.35544,0.018832,0.041325,0.015921
18.76,-5.2652,0.35528,0.01637,0.039534,0.013518
18.843,-5.2619,0.35505,0.01395,0.038333,0.011185
18.926,-5.2581,0.35503,0.010866,0.037663,0.0094733
19.01,-5.254,0.35511,0.0076146,0.037403,0.0084438
19.093,-5.2501,0.35528,0.0041392,0.037572,0.0079881
19.177,-5.2458,0.35547,-2.7209e-05,0.038184,0.0074426
19.261,-5.2416,0.35534,-0.003488,0.039478,0.00694
19.345,-5.2379,0.35504,-0.006108,0.041278,0.0068394
19.428,-5.2348,0.35436,-0.0080996,0.043768,0.0069637
19.512,-5.2328,0.35338,-0.0088164,0.046852,0.0070342
19.595,-5.2316,0.35229,-0.0090968,0.050284,0.0070508
19.679,-5.2311,0.35124,-0.0084461,0.053723,0.0070629
19.763,-5.2312,0.35028,-0.0080022,0.057098,0.0070863
19.848,-5.2311,0.34957,-0.0076463,0.060293,0.0072401
19.932,-5.2309,0.34902,-0.0071519,0.063311,0.0075679
20.016,-5.2309,0.34845,-0.0064286,0.066266,0.0081789
20.1,-5.2309,0.3479,-0.0056615,0.069034,0.0086989
20.184,-5.2309,0.34747,-0.0047034,0.071619,0.0091941
20.268,-5.231,0.34698,-0.0039085,0.074003,0.0096882
20.353,-5.2311,0.34632,-0.0030266,0.07621,0.010037
20.438,-5.2314,0.34553,-0.0018936,0.078177,0.010228
20.522,-5.2316,0.34472,-0.00071454,0.080106,0.010604
20.606,-5.2318,0.34393,0.00059871,0.081746,0.010962
20.69,-5.2315,0.3432,0.00048153,0.083137,0.011098
20.774,-5.2309,0.3425,0.00092501,0.084382,0.011274
20.858,-5.2302,0.34165,0.0012629,0.08549,0.011335
20.942,-5.2297,0.34059,0.0015087,0.086465,0.011335
21.026,-5.2291,0.3394,0.0018147,0.087356,0.011277
21.109,-5.2282,0.33863,0.00097798,0.088195,0.011184
21.192,-5.2267,0.33794,0.00049983,0.088994,0.011347
21.275,-5.2252,0.33735,-0.00017286,0.08959,0.011345
21.357,-5.2236,0.33691,-0.00043879,0.089972,0.011407
21.439,-5.2222,0.33654,-0.00080546,0.090199,0.011181
21.52,-5.221,0.33628,-0.00073312,0.090307,0.011089
21.602,-5.2201,0.33612,-0.00087469,0.090448,0.011043
21.683,-5.2194,0.33606,-0.0010054,0.090455,0.011041
21.764,-5.2186,0.33631,-0.0011481,0.090523,0.01105
21.844,-5.2178,0.33666,-0.0012896,0.090582,0.01102
21.924,-5.2167,0.33721,-0.00076635,0.090505,0.010891
22.004,-5.216,0.33816,-0.00032499,0.090269,0.010687
22.084,-5.2152,0.33934,0.00028291,0.08982,0.010717
22.164,-5.2146,0.34051,0.00058226,0.089061,0.01085
22.243,-5.214,0.34149,0.00084407,0.088093,0.011084
22.323,-5.2133,0.34251,0.00077683,0.0869,0.011107
22.402,-5.2126,0.34337,0.00071675,0.085381,0.011304
22.482,-5.2114,0.34417,-0.00012147,0.083631,0.011312
22.561,-5.21,0.34506,-0.00079586,0.081594,0.011265
22.641,-5.2084,0.34607,-0.0012272,0.079404,0.011052
22.72,-5.207,0.34721,-0.00094783,0.077045,0.01095
22.799,-5.2061,0.34827,-0.0011497,0.07461,0.010821
22.878,-5.2051,0.34906,-0.0013734,0.072072,0.010742
22.958,-5.204,0.34929,-0.0015356,0.069662,0.010534
23.036,-5.2031,0.34892,-0.0017718,0.067365,0.010186
23.115,-5.2021,0.34817,-0.001969,0.065116,0.009866
23.194,-5.201,0.34757,-0.0024414,0.062963,0.0094655
23.272,-5.1998,0.34718,-0.0024352,0.060809,0.0093786
23.351,-5.1992,0.34722,-0.0021686,0.05863,0.0092678
23.429,-5.1987,0.3474,-0.001879,0.056446,0.0090572
23.507,-5.1981,0.34749,-0.001944,0.054378,0.0087384
23.586,-5.1972,0.34733,-0.0021652,0.052314,0.0086316
23.664,-5.1963,0.34696,-0.0022559,0.05048,0.0086782
23.743,-5.1954,0.3466,-0.0022362,0.048863,0.0088594
23.821,-5.1949,0.34619,-0.0019401,0.047546,0.0089422
23.9,-5.1947,0.34597,-0.00080493,0.04643,0.0089723
23.979,-5.195,0.346,0.0002814,0.045609,0.0090011
24.058,-5.1954,0.34617,0.0013806,0.045067,0.0089987
24.137,-5.1959,0.34638,0.0024302,0.044719,0.0090799
24.216,-5.1962,0.3467,0.0032437,0.044543,0.0092617
24.296,-5.1963,0.34698,0.0041133,0.04443,0.0092806
24.376,-5.1963,0.34712,0.0047912,0.044518,0.0091542
24.457,-5.1962,0.34742,0.0057532,0.044773,0.0091971
24.537,-5.1963,0.34801,0.0067299,0.045303,0.0090657
24.618,-5.1962,0.3489,0.0074237,0.045937,0.0089398
24.7,-5.1959,0.34985,0.0076635,0.046729,0.0088076
24.781,-5.1955,0.3509,0.0078081,0.047558,0.0086743
24.863,-5.1949,0.35198,0.0076205,0.048496,0.0085707
24.945,-5.1939,0.35295,0.0072451,0.049483,0.0083147
25.028,-5.1923,0.35372,0.0058706,0.050493,0.0077995
25.11,-5.1905,0.3543,0.0045755,0.051742,0.0073019
25.194,-5.1884,0.35471,0.0030663,0.053197,0.0069616
25.277,-5.1863,0.35486,0.0016052,0.054905,0.0067322
25.36,-5.1843,0.35476,0.00029416,0.056683,0.0065275
25.444,-5.1824,0.35461,-0.0013892,0.058542,0.0063287
25.527,-5.1804,0.35432,-0.0025008,0.060379,0.0063716
25.611,-5.1786,0.35382,-0.0036965,0.062117,0.006204
25.694,-5.1767,0.35301,-0.0049999,0.06366,0.0060616
25.778,-5.1751,0.35203,-0.0057073,0.065212,0.0059822
25.862,-5.1739,0.35092,-0.0061288,0.066787,0.0059921
25.946,-5.173,0.34972,-0.0061146,0.068452,0.0060074
26.029,-5.1724,0.34871,-0.0057765,0.070196,0.0060924
26.113,-5.1723,0.34773,-0.0051949,0.071852,0.0061498
26.196,-5.1726,0.34707,-0.0038386,0.073423,0.0059586
26.279,-5.1731,0.34653,-0.0023501,0.074819,0.0056312
26.362,-5.1736,0.34614,-0.0011273,0.076032,0.0053327
26.445,-5.174,0.34578,0.00026034,0.07703,0.0054264
26.527,-5.1744,0.34552,0.00092789,0.07772,0.0055055
26.609,-5.1748,0.34551,0.0019158,0.07802,0.0057454
26.691,-5.1751,0.34566,0.0025841,0.078099,0.0057019
26.774,-5.1752,0.34597,0.0031767,0.077966,0.0056883
26.856,-5.1754,0.34628,0.0039216,0.077985,0.0056857
26.937,-5.1755,0.34657,0.0042469,0.078164,0.0056322
27.018,-5.1751,0.34672,0.0041446,0.078444,0.0057598
27.1,-5.1743,0.34677,0.0036945,0.078722,0.005822
27.181,-5.1733,0.34673,0.0033112,0.07887,0.0060029
27.262,-5.1724,0.34669,0.0028279,0.078973,0.0062555
27.342,-5.1716,0.34657,0.0021949,0.078934,0.0065351
27.423,-5.1704,0.34663,0.00092754,0.078729,0.0066523
27.503,-5.1691,0.34663,0.0004909,0.078379,0.0065839
27.584,-5.1679,0.34644,-0.00055027,0.078079,0.0063039
27.664,-5.1662,0.34616,-0.0017993,0.077717,0.0061083
27.744,-5.1643,0.34593,-0.0031741,0.077277,0.0058893
27.824,-5.1625,0.34571,-0.0044698,0.076588,0.005999
27.904,-5.1607,0.34555,-0.005728,0.075818,0.0060564
27.984,-5.1594,0.34551,-0.0063825,0.074838,0.0061189
28.064,-5.158,0.34553,-0.007314,0.07366,0.0063084
28.144,-5.1568,0.34577,-0.0079428,0.072347,0.0065519
28.224,-5.1555,0.34605,-0.0086924,0.070964,0.0066664
28.304,-5.1545,0.34651,-0.0086699,0.069599,0.0066024
28.384,-5.1538,0.34694,-0.0085847,0.068197,0.0065338
28.464,-5.1536,0.34707,-0.0079504,0.066991,0.0066325
28.544,-5.154,0.347,-0.0068201,0.065971,0.0068003
28.624,-5.1548,0.3467,-0.0052794,0.065183,0.0068246
28.704,-5.1557,0.34635,-0.0037406,0.064531,0.0067884
28.784,-5.1569,0.346,-0.0019045,0.064209,0.0066394
28.863,-5.1583,0.34564,-6.0469e-05,0.064025,0.006688
28.943,-5.1595,0.34536,0.0013874,0.06394,0.0067914
29.022,-5.1605,0.34517,0.0027422,0.063812,0.0068946
29.103,-5.1612,0.34513,0.003587,0.063754,0.0067289
29.183,-5.1618,0.34549,0.0048553,0.063902,0.0065316
29.263,-5.1621,0.34612,0.0058969,0.064295,0.0066219
29.343,-5.1623,0.34681,0.0063609,0.064708,0.0068377
29.423,-5.1623,0.34766,0.0066115,0.064965,0.0070897
29.504,-5.1619,0.34846,0.0065155,0.064995,0.0073544
29.585,-5.1612,0.34919,0.0061047,0.064603,0.0077346
29.666,-5.1604,0.34963,0.0057418,0.064044,0.0079074
29.747,-5.1597,0.35001,0.0055946,0.06335,0.0079121
29.828,-5.1591,0.35024,0.005141,0.062639,0.0078781
29.91,-5.1581,0.35047,0.0046605,0.06186,0.0076634
29.991,-5.1567,0.35074,0.0040937,0.061122,0.0074304
30.072,-5.1551,0.35093,0.0029654,0.060382,0.0072312
30.154,-5.1532,0.35102,0.0015067,0.059675,0.0071676
30.235,-5.1511,0.35126,-0.00010984,0.059052,0.007215
30.317,-5.1494,0.35123,-0.0012782,0.058664,0.0074276
30.398,-5.1478,0.35103,-0.0023604,0.05862,0.0075291
30.479,-5.1467,0.35058,-0.0030475,0.058843,0.0074736
30.56,-5.1455,0.35004,-0.0036435,0.059433,0.0072779
30.642,-5.1442,0.34953,-0.0038815,0.060055,0.0072544
30.723,-5.1431,0.34904,-0.0042879,0.060787,0.0073459
30.805,-5.142,0.3487,-0.0051044,0.061556,0.0076207
30.886,-5.141,0.34843,-0.0054783,0.062544,0.007872
30.967,-5.1408,0.34834,-0.0042951,0.06347,0.0081315
31.048,-5.1414,0.34829,-0.0031518,0.064225,0.0083825
31.129,-5.1424,0.34831,-0.0017226,0.064612,0.0086616
31.211,-5.1434,0.34825,-0.00017796,0.064768,0.0087507
31.292,-5.1442,0.34834,0.001413,0.064763,0.0089698
31.374,-5.1448,0.34834,0.0028066,0.064712,0.0090514
31.455,-5.1454,0.34837,0.0039997,0.064694,0.0090106
31.536,-5.1456,0.34838,0.0047738,0.064697,0.0090903
31.617,-5.1459,0.34854,0.0058727,0.064738,0.0092927
31.699,-5.1459,0.34864,0.0058227,0.064868,0.0095311
31.78,-5.1456,0.34867,0.0056073,0.065111,0.0094988
31.862,-5.1448,0.34862,0.0049404,0.065367,0.0093235
31.943,-5.1434,0.34871,0.0038773,0.065689,0.0088967
32.025,-5.1415,0.3489,0.0026788,0.066024,0.0084086
32.106,-5.1394,0.34922,0.0013338,0.066404,0.0081952
32.187,-5.1377,0.34959,0.00058391,0.066719,0.0081984
32.268,-5.1364,0.34987,-0.00010805,0.066939,0.0081505
32.349,-5.1352,0.35004,-0.00081683,0.06717,0.0080802
32.43,-5.1341,0.35007,-0.0013876,0.067513,0.007899
32.511,-5.1331,0.35037,-0.0016834,0.067965,0.0077337
32.592,-5.1319,0.35081,-0.0024779,0.06828,0.0076495
32.673,-5.1305,0.35142,-0.0033927,0.068384,0.0073488
32.754,-5.1291,0.35204,-0.0040002,0.068212,0.0072444
32.835,-5.128,0.35273,-0.0044434,0.068096,0.0072474
32.916,-5.1272,0.35343,-0.0045902,0.067879,0.0073807
32.997,-5.1262,0.35378,-0.0049914,0.067831,0.007693
33.078,-5.1253,0.35379,-0.0055507,0.06782,0.0079587
33.159,-5.1241,0.35346,-0.0061324,0.068004,0.0081236
33.24,-5.1227,0.35306,-0.0064848,0.068261,0.0082942
33.32,-5.1215,0.35273,-0.006648,0.068449,0.0085403
33.401,-5.1205,0.35264,-0.0067345,0.068561,0.0089114
33.481,-5.12,0.35289,-0.0063044,0.068604,0.009116
33.562,-5.12,0.35322,-0.0054629,0.068661,0.0090668
33.643,-5.1202,0.35353,-0.0045186,0.068596,0.0090647
33.723,-5.1203,0.35365,-0.0041656,0.068583,0.00878
33.804,-5.1198,0.35368,-0.003967,0.068516,0.0083471
33.885,-5.119,0.35386,-0.0039942,0.068471,0.008077
33.966,-5.1182,0.35398,-0.0036585,0.068501,0.0078357
34.047,-5.1179,0.35401,-0.0029774,0.068656,0.007742
34.128,-5.1183,0.35419,-0.0017123,0.06872,0.0077782
34.208,-5.1187,0.35432,-0.0010326,0.068815,0.0080006
34.289,-5.1188,0.35428,-0.00034928,0.068883,0.0081839
34.37,-5.1185,0.3538,-0.00064547,0.06887,0.0078259
34.451,-5.1178,0.35287,-0.00078841,0.069023,0.0070289
34.532,-5.1167,0.35187,-0.001024,0.069219,0.0064017
34.613,-5.1153,0.35082,-0.0017395,0.06961,0.0061254
34.694,-5.1142,0.34991,-0.001969,0.070047,0.0061344
34.775,-5.1132,0.34915,-0.0030454,0.070609,0.0061612
34.856,-5.112,0.34861,-0.0037358,0.070962,0.0062642
34.937,-5.1106,0.3482,-0.0046164,0.071222,0.0062847
35.018,-5.1091,0.34789,-0.005904,0.071225,0.0064704
35.099,-5.1073,0.34781,-0.0072008,0.070988,0.0066576
35.18,-5.1057,0.34817,-0.0079736,0.070661,0.0069415
35.262,-5.1043,0.34883,-0.008357,0.070282,0.0071131
35.343,-5.1034,0.34983,-0.0086039,0.069889,0.0071225
35.425,-5.1025,0.35083,-0.0091731,0.06953,0.007058
35.506,-5.1014,0.35191,-0.009729,0.069281,0.0070191
35.588,-5.1003,0.35288,-0.0098879,0.069068,0.0071911
35.669,-5.0993,0.35381,-0.009702,0.068953,0.007243
35.75,-5.0988,0.35457,-0.0092068,0.068764,0.0071671
35.831,-5.0986,0.35534,-0.0085976,0.068517,0.0073719
35.911,-5.0985,0.35605,-0.0080578,0.068127,0.0077665
35.992,-5.0985,0.35664,-0.0079047,0.067696,0.0078133
36.073,-5.0983,0.35721,-0.0076193,0.067277,0.0076122
36.153,-5.0979,0.35767,-0.007269,0.066954,0.0072596
36.233,-5.0975,0.35823,-0.0069007,0.066515,0.0069052
36.313,-5.0971,0.35876,-0.0060111,0.065911,0.0064673
36.393,-5.0971,0.35936,-0.0049751,0.065083,0.0060805
36.473,-5.0973,0.35972,-0.0040834,0.064145,0.006066
36.553,-5.0976,0.36003,-0.0031723,0.063234,0.0062562
36.633,-5.0981,0.36003,-0.0022786,0.062462,0.0064351
36.712,-5.0984,0.35969,-0.0017099,0.061868,0.0063977
36.792,-5.0986,0.35929,-0.00087251,0.061292,0.0064478
36.871,-5.099,0.3591,0.00028521,0.060816,0.0067097
36.951,-5.0995,0.35908,0.0015721,0.060212,0.006878
37.031,-5.0999,0.35893,0.0023421,0.059606,0.0069791
37.111,-5.0999,0.35861,0.0027302,0.058937,0.0070528
37.191,-5.0997,0.35815,0.0032671,0.058411,0.0068588
37.271,-5.0999,0.35776,0.0037494,0.058005,0.0065646
37.351,-5.0995,0.35724,0.0034418,0.057793,0.0064295
37.431,-5.0983,0.35664,0.0026977,0.057713,0.0067568
37.511,-5.0972,0.35598,0.0021117,0.057817,0.0071345
37.592,-5.0963,0.35547,0.0016203,0.058187,0.0073422
37.673,-5.0952,0.35512,0.001238,0.058644,0.007453
37.754,-5.0942,0.35486,0.00059713,0.059303,0.0075993
