-3.9658,1.08,-0.14209,0,-0.00096621,0,-3.9658,-1.08,-0.14209,0,-0.00096621,0
-3.9665,1.08,-0.14502,5.0638e-05,-0.00085785,-2.0443e-05,-3.9665,-1.08,-0.14507,5.0638e-05,-0.00085785,-2.0443e-05
-3.9659,1.0807,-0.14964,0.00077859,-0.00089786,-0.00020923,-3.9663,-1.0793,-0.15134,0.00077859,-0.00089786,-0.00020923
-3.964,1.0814,-0.15778,0.0012964,-0.0011083,-0.00051617,-3.9651,-1.0786,-0.16059,0.0012964,-0.0011083,-0.00051617
-3.9617,1.0814,-0.17004,0.0015551,-0.0015098,-0.00063801,-3.9629,-1.0786,-0.17335,0.0015551,-0.0015098,-0.00063801
-3.9588,1.0814,-0.18388,0.0018129,-0.0017111,-0.00067329,-3.9603,-1.0786,-0.18782,0.0018129,-0.0017111,-0.00067329
-3.955,1.0813,-0.1993,0.0017716,-0.0019248,-0.00068178,-3.9565,-1.0787,-0.20316,0.0017716,-0.0019248,-0.00068178
-3.9503,1.0815,-0.21512,0.0015457,-0.0019545,-0.0007518,-3.9519,-1.0785,-0.21848,0.0015457,-0.0019545,-0.0007518
-3.9452,1.0819,-0.23044,0.0012345,-0.0017287,-0.00087826,-3.9471,-1.0781,-0.23313,0.0012345,-0.0017287,-0.00087826
-3.9403,1.0822,-0.24455,0.00097075,-0.0011891,-0.00096595,-3.9423,-1.0778,-0.24667,0.00097075,-0.0011891,-0.00096595
-3.9355,1.0823,-0.25701,0.0007856,-0.0002961,-0.0009877,-3.9376,-1.0777,-0.25872,0.0007856,-0.0002961,-0.0009877
-3.9308,1.0824,-0.26752,0.00070201,0.00093842,-0.0010068,-3.933,-1.0776,-0.26905,0.00070201,0.00093842,-0.0010068
-3.926,1.0826,-0.27609,0.00067617,0.0024304,-0.001069,-3.9283,-1.0774,-0.27755,0.00067617,0.0024304,-0.001069
-3.9208,1.0827,-0.28266,0.00074138,0.0041309,-0.0011156,-3.9231,-1.0773,-0.28429,0.00074138,0.0041309,-0.0011156
-3.9151,1.0826,-0.28732,0.00084917,0.0060172,-0.0011174,-3.9174,-1.0774,-0.28918,0.00084917,0.0060172,-0.0011174
-3.9087,1.0826,-0.29003,0.0010094,0.0080827,-0.0011365,-3.9112,-1.0774,-0.29224,0.0010094,0.0080827,-0.0011365
-3.9021,1.0825,-0.29073,0.00116,0.010382,-0.0011433,-3.9045,-1.0775,-0.29326,0.00116,0.010382,-0.0011433
-3.8955,1.0825,-0.28933,0.0012766,0.012991,-0.0011516,-3.898,-1.0775,-0.29211,0.0012766,0.012991,-0.0011516
-3.8893,1.0825,-0.28584,0.0013107,0.015959,-0.0011667,-3.8918,-1.0775,-0.28874,0.0013107,0.015959,-0.0011667
-3.8835,1.0825,-0.28042,0.0010881,0.019327,-0.0011824,-3.8861,-1.0775,-0.28275,0.0010881,0.019327,-0.0011824
-3.8783,1.0826,-0.27297,0.00083733,0.023048,-0.0011768,-3.8809,-1.0774,-0.27488,0.00083733,0.023048,-0.0011768
-3.8735,1.0827,-0.26394,0.00055392,0.02706,-0.001134,-3.876,-1.0773,-0.26514,0.00055392,0.02706,-0.001134
-3.8691,1.0827,-0.25349,0.00030628,0.031284,-0.0010806,-3.8715,-1.0773,-0.25407,0.00030628,0.031284,-0.0010806
-3.8649,1.0826,-0.24134,0.00039231,0.035649,-0.00099842,-3.8671,-1.0774,-0.24233,0.00039231,0.035649,-0.00099842
-3.8606,1.0826,-0.22859,0.00018543,0.040116,-0.0010309,-3.8629,-1.0774,-0.22897,0.00018543,0.040116,-0.0010309
-3.8567,1.0825,-0.21508,5.7695e-05,0.044624,-0.00095415,-3.8588,-1.0775,-0.21522,5.7695e-05,0.044624,-0.00095415
-3.8532,1.0823,-0.20129,-6.4164e-05,0.049119,-0.00084338,-3.8549,-1.0777,-0.20116,-6.4164e-05,0.049119,-0.00084338
-3.8501,1.0822,-0.18746,-0.00019812,0.053556,-0.00076395,-3.8516,-1.0778,-0.18706,-0.00019812,0.053556,-0.00076395
-3.8475,1.0822,-0.17384,-0.00030795,0.057898,-0.00070857,-3.8489,-1.0778,-0.17317,-0.00030795,0.057898,-0.00070857
-3.8454,1.0821,-0.16067,-0.00040299,0.062083,-0.00067215,-3.8468,-1.0779,-0.1598,-0.00040299,0.062083,-0.00067215
-3.8438,1.0821,-0.14827,-0.00048256,0.066041,-0.00062815,-3.8451,-1.0779,-0.14717,-0.00048256,0.066041,-0.00062815
-3.8425,1.0821,-0.1366,-0.00045234,0.069706,-0.00059371,-3.8437,-1.0779,-0.13563,-0.00045234,0.069706,-0.00059371
-3.8413,1.082,-0.12627,-0.00043743,0.072975,-0.0005865,-3.8425,-1.078,-0.1253,-0.00043743,0.072975,-0.0005865
-3.8402,1.082,-0.11713,-0.00028384,0.075809,-0.00054882,-3.8413,-1.078,-0.11653,-0.00028384,0.075809,-0.00054882
-3.8391,1.0818,-0.10941,-0.00011705,0.078194,-0.00050865,-3.8401,-1.0782,-0.10917,-0.00011705,0.078194,-0.00050865
-3.838,1.0817,-0.10318,0.00011658,0.080106,-0.00044972,-3.839,-1.0783,-0.10342,0.00011658,0.080106,-0.00044972
-3.8371,1.0815,-0.098454,0.00035902,0.081546,-0.00039457,-3.838,-1.0785,-0.099221,0.00035902,0.081546,-0.00039457
-3.8364,1.0813,-0.095186,0.00062048,0.082535,-0.00033736,-3.8373,-1.0787,-0.096516,0.00062048,0.082535,-0.00033736
-3.8359,1.0811,-0.093371,0.00085252,0.083087,-0.00029176,-3.8367,-1.0789,-0.095201,0.00085252,0.083087,-0.00029176
-3.8355,1.081,-0.092935,0.0010656,0.083217,-0.00026636,-3.8363,-1.079,-0.095229,0.0010656,0.083217,-0.00026636
-3.8352,1.0809,-0.093774,0.0012717,0.082937,-0.00023948,-3.8359,-1.0791,-0.096526,0.0012717,0.082937,-0.00023948
-3.8349,1.0807,-0.095856,0.0014216,0.082269,-0.00021424,-3.8356,-1.0792,-0.098917,0.0014216,0.082269,-0.00021424
-3.8346,1.0807,-0.099031,0.0015244,0.081245,-0.0001886,-3.8352,-1.0793,-0.10232,0.0015244,0.081245,-0.0001886
-3.8343,1.0806,-0.10319,0.0015545,0.079912,-0.00015799,-3.8349,-1.0794,-0.10654,0.0015545,0.079912,-0.00015799
-3.8341,1.0806,-0.10811,0.0015303,0.078325,-0.00013784,-3.8347,-1.0794,-0.11141,0.0015303,0.078325,-0.00013784
-3.8341,1.0806,-0.11361,0.0014465,0.076541,-0.000127,-3.8346,-1.0794,-0.11674,0.0014465,0.076541,-0.000127
-3.8342,1.0806,-0.11949,0.0013079,0.074618,-0.00011823,-3.8347,-1.0794,-0.12232,0.0013079,0.074618,-0.00011823
-3.8347,1.0807,-0.12561,0.0011165,0.072602,-0.00010848,-3.8351,-1.0793,-0.12803,0.0011165,0.072602,-0.00010848
-3.8354,1.0808,-0.13189,0.00086589,0.070518,-8.968e-05,-3.8357,-1.0792,-0.13377,0.00086589,0.070518,-8.968e-05
-3.8364,1.0808,-0.13823,0.00057969,0.068383,-6.9929e-05,-3.8366,-1.0792,-0.13949,0.00057969,0.068383,-6.9929e-05
-3.8376,1.0809,-0.14452,0.00027507,0.066224,-5.5369e-05,-3.8377,-1.0791,-0.14513,0.00027507,0.066224,-5.5369e-05
-3.839,1.081,-0.15067,-3.4721e-05,0.064061,-4.0196e-05,-3.839,-1.079,-0.15061,-3.4721e-05,0.064061,-4.0196e-05
-3.8406,1.0811,-0.1566,-0.00033605,0.061912,-2.3948e-05,-3.8405,-1.0789,-0.15589,-0.00033605,0.061912,-2.3948e-05
-3.8423,1.0812,-0.16227,-0.00061794,0.059792,-1.2276e-05,-3.8423,-1.0788,-0.16095,-0.00061794,0.059792,-1.2276e-05
-3.8443,1.0813,-0.16759,-0.00084244,0.057714,2.359e-05,-3.8442,-1.0787,-0.16577,-0.00084244,0.057714,2.359e-05
-3.8465,1.0814,-0.17173,-0.0003217,0.055599,9.2766e-05,-3.8462,-1.0786,-0.17119,-0.0003217,0.055599,9.2766e-05
-3.8485,1.081,-0.17613,-3.7829e-06,0.053379,8.2954e-05,-3.8483,-1.079,-0.17606,-3.7829e-06,0.053379,8.2954e-05
-3.8506,1.0811,-0.17994,0.00047752,0.051172,5.774e-07,-3.8506,-1.0789,-0.18095,0.00047752,0.051172,5.774e-07
-3.8529,1.081,-0.18357,0.00088381,0.048992,-4.7533e-05,-3.853,-1.079,-0.18547,0.00088381,0.048992,-4.7533e-05
-3.8552,1.0808,-0.18696,0.0012719,0.046865,-2.8219e-05,-3.8554,-1.0792,-0.18968,0.0012719,0.046865,-2.8219e-05
-3.8577,1.0807,-0.19014,0.0015956,0.044793,-6.0053e-06,-3.8578,-1.0793,-0.19359,0.0015956,0.044793,-6.0053e-06
-3.86,1.0806,-0.19314,0.0018613,0.0428,-2.3825e-05,-3.8603,-1.0794,-0.19715,0.0018613,0.0428,-2.3825e-05
-3.8624,1.0806,-0.196,0.0020576,0.040874,-3.3878e-05,-3.8627,-1.0794,-0.20043,0.0020576,0.040874,-3.3878e-05
-3.8648,1.0802,-0.19907,0.0018402,0.039032,4.1274e-05,-3.8649,-1.0798,-0.20305,0.0018402,0.039032,4.1274e-05
-3.8671,1.0804,-0.2017,0.0017342,0.037284,0.00010785,-3.867,-1.0796,-0.2055,0.0017342,0.037284,0.00010785
-3.8692,1.0805,-0.20442,0.0014679,0.035627,7.6142e-05,-3.8691,-1.0795,-0.20758,0.0014679,0.035627,7.6142e-05
-3.8712,1.0807,-0.20683,0.0012653,0.034079,4.8232e-05,-3.8712,-1.0793,-0.20957,0.0012653,0.034079,4.8232e-05
-3.8732,1.0807,-0.20908,0.0010435,0.032657,5.5165e-05,-3.8731,-1.0793,-0.21134,0.0010435,0.032657,5.5165e-05
-3.8751,1.0808,-0.21112,0.00083979,0.031363,7.8329e-05,-3.875,-1.0792,-0.21294,0.00083979,0.031363,7.8329e-05
-3.8769,1.0808,-0.21299,0.00063226,0.030194,0.00010081,-3.8767,-1.0792,-0.21437,0.00063226,0.030194,0.00010081
-3.8786,1.0809,-0.21471,0.00043437,0.029146,0.00011208,-3.8783,-1.0791,-0.21566,0.00043437,0.029146,0.00011208
-3.88,1.081,-0.21629,0.00023969,0.028214,0.00012142,-3.8798,-1.079,-0.21681,0.00023969,0.028214,0.00012142
-3.8813,1.081,-0.21773,4.8901e-05,0.027396,0.00013297,-3.881,-1.079,-0.21784,4.8901e-05,0.027396,0.00013297
-3.8823,1.0811,-0.21903,-0.00013029,0.026693,0.00014478,-3.882,-1.0789,-0.21875,-0.00013029,0.026693,0.00014478
-3.8831,1.0811,-0.22018,-0.00029906,0.026108,0.00015275,-3.8828,-1.0789,-0.21954,-0.00029906,0.026108,0.00015275
-3.8837,1.0812,-0.22115,-0.00043457,0.025645,0.00015827,-3.8834,-1.0788,-0.22021,-0.00043457,0.025645,0.00015827
-3.8842,1.0813,-0.22193,-0.00054189,0.025305,0.0001577,-3.8838,-1.0787,-0.22077,-0.00054189,0.025305,0.0001577
-3.8845,1.0813,-0.22253,-0.00062213,0.025088,0.0001604,-3.884,-1.0787,-0.22119,-0.00062213,0.025088,0.0001604
-3.8845,1.0813,-0.22293,-0.00067319,0.02499,0.0001689,-3.8841,-1.0787,-0.22148,-0.00067319,0.02499,0.0001689
-3.8844,1.0813,-0.22314,-0.00069873,0.025006,0.00017503,-3.884,-1.0787,-0.22163,-0.00069873,0.025006,0.00017503
-3.8841,1.0813,-0.22316,-0.00069575,0.02513,0.00018291,-3.8837,-1.0787,-0.22166,-0.00069575,0.02513,0.00018291
-3.8836,1.0814,-0.22295,-0.00064353,0.025359,0.00017208,-3.8832,-1.0786,-0.22156,-0.00064353,0.025359,0.00017208
-3.8829,1.0813,-0.22254,-0.00057093,0.025691,0.00017579,-3.8824,-1.0786,-0.22131,-0.00057093,0.025691,0.00017579
-3.882,1.0813,-0.22194,-0.00048948,0.026128,0.00018631,-3.8815,-1.0787,-0.22088,-0.00048948,0.026128,0.00018631
-3.881,1.0813,-0.22115,-0.00040972,0.026671,0.0001953,-3.8805,-1.0787,-0.22026,-0.00040972,0.026671,0.0001953
-3.8799,1.0812,-0.22014,-0.0003277,0.027319,0.00020444,-3.8794,-1.0788,-0.21943,-0.0003277,0.027319,0.00020444
-3.8786,1.0812,-0.21894,-0.00024918,0.028069,0.00021639,-3.8781,-1.0788,-0.2184,-0.00024918,0.028069,0.00021639
-3.8773,1.0812,-0.21754,-0.00017421,0.028913,0.00023139,-3.8767,-1.0788,-0.21717,-0.00017421,0.028913,0.00023139
-3.8759,1.0811,-0.21597,-0.00010215,0.029843,0.00024926,-3.8753,-1.0789,-0.21575,-0.00010215,0.029843,0.00024926
-3.8744,1.0811,-0.21423,-3.1413e-05,0.030851,0.00026612,-3.8738,-1.0789,-0.21416,-3.1413e-05,0.030851,0.00026612
-3.8728,1.081,-0.21233,3.8461e-05,0.031933,0.00028253,-3.8722,-1.079,-0.21241,3.8461e-05,0.031933,0.00028253
-3.8712,1.081,-0.21028,0.00010816,0.033083,0.00029699,-3.8705,-1.079,-0.21051,0.00010816,0.033083,0.00029699
-3.8696,1.081,-0.2081,0.00017817,0.034294,0.00030153,-3.8689,-1.079,-0.20848,0.00017817,0.034294,0.00030153
-3.868,1.0809,-0.20585,0.00014563,0.035561,0.00033093,-3.8673,-1.0791,-0.20626,0.00014563,0.035561,0.00033093
-3.8665,1.0809,-0.20346,0.00013931,0.036884,0.00036466,-3.8657,-1.0791,-0.20375,0.00013931,0.036884,0.00036466
-3.865,1.081,-0.20099,0.00010464,0.038234,0.0003465,-3.8642,-1.079,-0.20122,0.00010464,0.038234,0.0003465
-3.8621,1.0809,-0.19865,0.00022057,0.039686,0.00040305,-3.8617,-1.0791,-0.19903,0.00022057,0.039686,0.00040305
-3.8615,1.0804,-0.196,0.00036199,0.041296,0.00056158,-3.8605,-1.0796,-0.19676,0.00036199,0.041296,0.00056158
-3.8607,1.0801,-0.19375,0.00040244,0.043024,0.00070567,-3.8594,-1.0799,-0.19463,0.00040244,0.043024,0.00070567
-3.8599,1.08,-0.19201,0.00032975,0.044741,0.00074284,-3.8585,-1.08,-0.19273,0.00032975,0.044741,0.00074284
-3.8592,1.08,-0.19077,0.0001238,0.046399,0.00076255,-3.8576,-1.08,-0.19104,0.0001238,0.046399,0.00076255
-3.8583,1.08,-0.19009,-0.00018527,0.04791,0.00078763,-3.8567,-1.08,-0.18969,-0.00018527,0.04791,0.00078763
-3.857,1.0802,-0.18997,-0.00054774,0.049194,0.00075553,-3.8555,-1.0798,-0.18879,-0.00054774,0.049194,0.00075553
-3.8553,1.0805,-0.19043,-0.00092948,0.050183,0.00066678,-3.8539,-1.0795,-0.1884,-0.00092948,0.050183,0.00066678
-3.853,1.0808,-0.19139,-0.0012999,0.050857,0.00057106,-3.8518,-1.0792,-0.18856,-0.0012999,0.050857,0.00057106
-3.8503,1.0811,-0.1928,-0.0016367,0.051204,0.00050488,-3.8493,-1.0789,-0.18926,-0.0016367,0.051204,0.00050488
-3.8473,1.0813,-0.19455,-0.0019264,0.051244,0.00048209,-3.8462,-1.0787,-0.19037,-0.0019264,0.051244,0.00048209
-3.8438,1.0813,-0.19656,-0.0021677,0.05098,0.00050195,-3.8426,-1.0787,-0.19186,-0.0021677,0.05098,0.00050195
-3.8398,1.0813,-0.19881,-0.0023481,0.050413,0.00053973,-3.8385,-1.0787,-0.19373,-0.0023481,0.050413,0.00053973
-3.8352,1.0813,-0.20124,-0.0024524,0.049567,0.00060398,-3.8338,-1.0787,-0.19593,-0.0024524,0.049567,0.00060398
-3.8302,1.0812,-0.20376,-0.002491,0.048485,0.0006746,-3.8286,-1.0788,-0.19837,-0.002491,0.048485,0.0006746
-3.8247,1.0811,-0.20629,-0.0024663,0.047223,0.00072847,-3.8229,-1.0789,-0.20096,-0.0024663,0.047223,0.00072847
-3.8188,1.081,-0.20876,-0.0024068,0.045839,0.00078094,-3.817,-1.079,-0.20356,-0.0024068,0.045839,0.00078094
-3.8126,1.0809,-0.21122,-0.0023922,0.044356,0.00082468,-3.8106,-1.0791,-0.20602,-0.0023922,0.044356,0.00082468
-3.806,1.0808,-0.21347,-0.0022735,0.0428,0.000908,-3.8039,-1.0792,-0.20856,-0.0022735,0.0428,0.000908
-3.7991,1.0806,-0.21563,-0.0021275,0.04121,0.0009457,-3.7969,-1.0793,-0.21106,-0.0021275,0.04121,0.0009457
-3.7917,1.0806,-0.21781,-0.0019831,0.039568,0.00097162,-3.7894,-1.0794,-0.21352,-0.0019831,0.039568,0.00097162
-3.7837,1.0804,-0.21994,-0.0018277,0.037891,0.0010477,-3.7815,-1.0796,-0.21594,-0.0018277,0.037891,0.0010477
-3.7757,1.0803,-0.22187,-0.001721,0.036234,0.0011005,-3.7733,-1.0797,-0.21817,-0.001721,0.036234,0.0011005
-3.7673,1.0803,-0.2236,-0.001568,0.034655,0.0011034,-3.7648,-1.0797,-0.22017,-0.001568,0.034655,0.0011034
-3.7589,1.0801,-0.22468,-0.0012303,0.033217,0.0011511,-3.7563,-1.0799,-0.22197,-0.0012303,0.033217,0.0011511
-3.7507,1.0799,-0.22475,-0.00054781,0.03202,0.0011976,-3.7479,-1.0801,-0.22363,-0.00054781,0.03202,0.0011976
-3.7427,1.0794,-0.22446,0.0001042,0.03113,0.0013358,-3.7397,-1.0806,-0.22467,0.0001042,0.03113,0.0013358
-3.7349,1.079,-0.22371,0.00078228,0.030512,0.0014076,-3.7318,-1.0809,-0.22538,0.00078228,0.030512,0.0014076
-3.7271,1.0789,-0.22253,0.0016108,0.030144,0.001419,-3.7241,-1.0811,-0.22594,0.0016108,0.030144,0.001419
-3.7193,1.0787,-0.22074,0.0026022,0.030002,0.0013433,-3.7164,-1.0813,-0.22634,0.0026022,0.030002,0.0013433
-3.7115,1.0784,-0.2188,0.0036313,0.030049,0.0013347,-3.7087,-1.0816,-0.22661,0.0036313,0.030049,0.0013347
-3.7037,1.0779,-0.21679,0.0047482,0.030227,0.0014066,-3.7009,-1.0821,-0.22701,0.0047482,0.030227,0.0014066
-3.6957,1.0772,-0.21495,0.0058172,0.030468,0.0015291,-3.6928,-1.0828,-0.22751,0.0058172,0.030468,0.0015291
-3.6873,1.0765,-0.21343,0.0068222,0.030705,0.0016478,-3.6842,-1.0834,-0.22808,0.0068222,0.030705,0.0016478
-3.6781,1.0761,-0.21234,0.0077587,0.030826,0.0017085,-3.675,-1.0839,-0.22906,0.0077587,0.030826,0.0017085
-3.6681,1.0756,-0.21196,0.0085723,0.030753,0.0017802,-3.6648,-1.0843,-0.23044,0.0085723,0.030753,0.0017802
-3.6571,1.075,-0.21267,0.008991,0.030421,0.0018883,-3.6536,-1.0849,-0.23199,0.008991,0.030421,0.0018883
-3.645,1.0749,-0.21394,0.0093994,0.029817,0.0019782,-3.6413,-1.085,-0.23424,0.0093994,0.029817,0.0019782
-3.6319,1.0745,-0.21612,0.0093711,0.029022,0.0021174,-3.6279,-1.0854,-0.23628,0.0093711,0.029022,0.0021174
-3.6176,1.0745,-0.21841,0.0092629,0.028146,0.0021495,-3.6135,-1.0854,-0.23837,0.0092629,0.028146,0.0021495
-3.6025,1.0746,-0.22091,0.0090334,0.027261,0.0021873,-3.5983,-1.0853,-0.2404,0.0090334,0.027261,0.0021873
-3.5871,1.0744,-0.22336,0.0087976,0.026473,0.0023398,-3.5824,-1.0855,-0.24238,0.0087976,0.026473,0.0023398
-3.5712,1.0744,-0.22565,0.0085687,0.025838,0.0024336,-3.5663,-1.0855,-0.24415,0.0085687,0.025838,0.0024336
-3.5552,1.0744,-0.22758,0.0083676,0.025417,0.0024786,-3.5502,-1.0855,-0.24565,0.0083676,0.025417,0.0024786
-3.5391,1.0744,-0.22887,0.0083155,0.025236,0.0025208,-3.534,-1.0856,-0.24688,0.0083155,0.025236,0.0025208
-3.5227,1.0745,-0.22983,0.0082159,0.025282,0.0024997,-3.5177,-1.0855,-0.24758,0.0082159,0.025282,0.0024997
-3.506,1.0747,-0.23046,0.0081662,0.025445,0.0024097,-3.5012,-1.0852,-0.24823,0.0081662,0.025445,0.0024097
-3.489,1.0748,-0.23105,0.0080223,0.025717,0.002388,-3.4842,-1.0852,-0.24835,0.0080223,0.025717,0.002388
-3.4715,1.0749,-0.23122,0.0078837,0.026112,0.0023665,-3.4665,-1.085,-0.24831,0.0078837,0.026112,0.0023665
-3.4535,1.0749,-0.23131,0.0077331,0.026565,0.002403,-3.4486,-1.085,-0.24804,0.0077331,0.026565,0.002403
-3.4354,1.075,-0.2311,0.0075367,0.027213,0.0024433,-3.4305,-1.085,-0.24745,0.0075367,0.027213,0.0024433
-3.4173,1.0751,-0.23044,0.0072904,0.028109,0.0024308,-3.4125,-1.0848,-0.24626,0.0072904,0.028109,0.0024308
-3.3994,1.0754,-0.2294,0.0069508,0.029242,0.0023614,-3.3948,-1.0845,-0.24446,0.0069508,0.029242,0.0023614
-3.3811,1.0759,-0.22798,0.0066979,0.030493,0.0022151,-3.377,-1.0841,-0.24243,0.0066979,0.030493,0.0022151
-3.363,1.0762,-0.22675,0.0060096,0.031728,0.0020764,-3.3588,-1.0838,-0.23982,0.0060096,0.031728,0.0020764
-3.3443,1.0765,-0.22549,0.0054004,0.032894,0.0020995,-3.3402,-1.0834,-0.23724,0.0054004,0.032894,0.0020995
-3.3249,1.0767,-0.22466,0.0045706,0.033958,0.0020996,-3.3208,-1.0833,-0.23459,0.0045706,0.033958,0.0020996
-3.3046,1.0774,-0.22378,0.0039646,0.034935,0.0019492,-3.301,-1.0825,-0.23218,0.0039646,0.034935,0.0019492
-3.2838,1.0787,-0.22208,0.0035177,0.035926,0.0015555,-3.2806,-1.0813,-0.22975,0.0035177,0.035926,0.0015555
-3.2631,1.0789,-0.22044,0.0027788,0.037047,0.0016016,-3.2599,-1.0811,-0.22665,0.0027788,0.037047,0.0016016
-3.2427,1.0786,-0.21886,0.0019191,0.038228,0.0018381,-3.2389,-1.0814,-0.22314,0.0019191,0.038228,0.0018381
-3.2219,1.0788,-0.21731,0.00093862,0.039382,0.0019182,-3.2179,-1.0812,-0.2194,0.00093862,0.039382,0.0019182
-3.2009,1.0792,-0.21589,-0.00017747,0.040377,0.001901,-3.1967,-1.0808,-0.21559,-0.00017747,0.040377,0.001901
-3.179,1.0802,-0.21446,-0.0010228,0.041204,0.001607,-3.1754,-1.0797,-0.21232,-0.0010228,0.041204,0.001607
-3.1568,1.0808,-0.2127,-0.001575,0.041969,0.0015115,-3.1533,-1.0792,-0.20935,-0.001575,0.041969,0.0015115
-3.1346,1.0807,-0.21048,-0.0018293,0.042746,0.0016587,-3.1305,-1.0793,-0.2066,-0.0018293,0.042746,0.0016587
-3.1121,1.0806,-0.20748,-0.0016444,0.043624,0.0017604,-3.1078,-1.0794,-0.20403,-0.0016444,0.043624,0.0017604
-3.0894,1.0803,-0.20431,-0.0014107,0.044543,0.0018455,-3.0851,-1.0797,-0.20128,-0.0014107,0.044543,0.0018455
-3.0666,1.0802,-0.20049,-0.00066754,0.045435,0.0019548,-3.0622,-1.0798,-0.19909,-0.00066754,0.045435,0.0019548
-3.0435,1.0798,-0.19696,4.6537e-05,0.046187,0.0019885,-3.0391,-1.0802,-0.19707,4.6537e-05,0.046187,0.0019885
-3.0201,1.0796,-0.19373,0.00088726,0.046743,0.0019708,-3.0159,-1.0804,-0.19569,0.00088726,0.046743,0.0019708
-2.9963,1.0793,-0.1909,0.0017063,0.047139,0.0020563,-2.9918,-1.0807,-0.19456,0.0017063,0.047139,0.0020563
-2.9719,1.0787,-0.18847,0.002511,0.04737,0.0022392,-2.9671,-1.0812,-0.1939,0.002511,0.04737,0.0022392
-2.9469,1.0781,-0.18672,0.0032517,0.047398,0.0024221,-2.9418,-1.0818,-0.19374,0.0032517,0.047398,0.0024221
-2.9215,1.0777,-0.18538,0.0040042,0.047295,0.0025616,-2.9163,-1.0823,-0.19401,0.0040042,0.047295,0.0025616
-2.8961,1.0773,-0.18452,0.0046626,0.047088,0.0026515,-2.8908,-1.0826,-0.19458,0.0046626,0.047088,0.0026515
-2.8705,1.0774,-0.18411,0.0054974,0.046634,0.0025879,-2.8653,-1.0826,-0.19601,0.0054974,0.046634,0.0025879
-2.8445,1.0771,-0.18405,0.0062273,0.046045,0.002583,-2.8394,-1.0828,-0.19749,0.0062273,0.046045,0.002583
-2.8179,1.0769,-0.18428,0.0069501,0.045351,0.0026005,-2.8128,-1.0831,-0.19931,0.0069501,0.045351,0.0026005
-2.7904,1.0769,-0.18528,0.0075113,0.044467,0.0025237,-2.7855,-1.0831,-0.20152,0.0075113,0.044467,0.0025237
-2.7624,1.0767,-0.18665,0.0080206,0.043418,0.0025445,-2.7575,-1.0832,-0.20402,0.0080206,0.043418,0.0025445
-2.734,1.0771,-0.18902,0.0079666,0.042224,0.0022713,-2.7296,-1.0828,-0.20621,0.0079666,0.042224,0.0022713
-2.7053,1.0782,-0.1913,0.0080559,0.040993,0.001827,-2.7022,-1.0817,-0.20871,0.0080559,0.040993,0.001827
-2.6769,1.0787,-0.19365,0.0077859,0.039827,0.0015322,-2.6743,-1.0812,-0.21049,0.0077859,0.039827,0.0015322
-2.648,1.0793,-0.1961,0.007414,0.038781,0.0012658,-2.6458,-1.0806,-0.21218,0.007414,0.038781,0.0012658
-2.6188,1.0798,-0.19922,0.006497,0.037827,0.0010472,-2.6169,-1.0801,-0.21337,0.006497,0.037827,0.0010472
-2.5894,1.081,-0.20189,0.0057,0.037033,0.00077891,-2.5881,-1.079,-0.21429,0.0057,0.037033,0.00077891
-2.5603,1.0816,-0.20455,0.0045628,0.03646,0.00063244,-2.5589,-1.0784,-0.21462,0.0045628,0.03646,0.00063244
-2.5314,1.0819,-0.2067,0.0035048,0.03617,0.00064952,-2.5303,-1.078,-0.2143,0.0035048,0.03617,0.00064952
-2.5028,1.0822,-0.20805,0.0026245,0.036288,0.00073307,-2.5013,-1.0778,-0.21374,0.0026245,0.036288,0.00073307
-2.474,1.0825,-0.20879,0.0019683,0.036718,0.00072864,-2.4725,-1.0775,-0.21297,0.0019683,0.036718,0.00072864
-2.4451,1.083,-0.20909,0.0015352,0.037225,0.00061461,-2.4437,-1.077,-0.21238,0.0015352,0.037225,0.00061461
-2.4158,1.0832,-0.20919,0.0012925,0.037727,0.00057381,-2.4144,-1.0768,-0.212,0.0012925,0.037727,0.00057381
-2.3864,1.0827,-0.20897,0.00095161,0.03833,0.00077067,-2.3846,-1.0773,-0.21097,0.00095161,0.03833,0.00077067
-2.3566,1.0829,-0.20787,0.00087846,0.039093,0.00075259,-2.3549,-1.0771,-0.20978,0.00087846,0.039093,0.00075259
-2.3263,1.0833,-0.20657,0.00088735,0.039873,0.00055304,-2.325,-1.0767,-0.20846,0.00088735,0.039873,0.00055304
-2.2953,1.0836,-0.20453,0.0015987,0.040473,0.00048035,-2.2945,-1.0764,-0.20797,0.0015987,0.040473,0.00048035
-2.2643,1.083,-0.20296,0.0021771,0.04074,0.00065338,-2.263,-1.077,-0.20758,0.0021771,0.04074,0.00065338
-2.2324,1.0823,-0.20197,0.0024692,0.040718,0.00093182,-2.2305,-1.0777,-0.20728,0.0024692,0.040718,0.00093182
-2.1996,1.082,-0.20106,0.0029161,0.040517,0.0010954,-2.1974,-1.078,-0.20736,0.0029161,0.040517,0.0010954
-2.1663,1.0816,-0.20055,0.0032934,0.040096,0.0011773,-2.1639,-1.0784,-0.20764,0.0032934,0.040096,0.0011773
-2.1321,1.0817,-0.20038,0.0036482,0.039426,0.0010879,-2.1301,-1.0782,-0.20823,0.0036482,0.039426,0.0010879
-2.0974,1.0817,-0.20064,0.0038246,0.038553,0.0010809,-2.0955,-1.0783,-0.20883,0.0038246,0.038553,0.0010809
-2.0617,1.0818,-0.20211,0.0032454,0.037566,0.00095534,-2.0599,-1.0782,-0.20899,0.0032454,0.037566,0.00095534
-2.0254,1.0823,-0.20387,0.0027602,0.036478,0.0008194,-2.0242,-1.0777,-0.20975,0.0027602,0.036478,0.0008194
-1.9888,1.0827,-0.2061,0.0022669,0.035221,0.00074141,-1.9876,-1.0773,-0.21096,0.0022669,0.035221,0.00074141
-1.9515,1.0831,-0.2087,0.0015968,0.033889,0.00060872,-1.9501,-1.0769,-0.21216,0.0015968,0.033889,0.00060872
-1.9135,1.0841,-0.21124,0.00098497,0.032713,0.00033329,-1.913,-1.0759,-0.21321,0.00098497,0.032713,0.00033329
-1.8757,1.0846,-0.21371,9.8202e-05,0.03181,0.0001598,-1.8755,-1.0754,-0.21381,9.8202e-05,0.03181,0.0001598
-1.8378,1.0853,-0.21566,-0.00041301,0.03108,3.0043e-05,-1.8379,-1.0747,-0.21461,-0.00041301,0.03108,3.0043e-05
-1.7998,1.086,-0.21718,-0.00073645,0.0305,-0.00023369,-1.8002,-1.074,-0.21557,-0.00073645,0.0305,-0.00023369
-1.7614,1.0865,-0.21825,-0.0011005,0.030248,-0.00044979,-1.7623,-1.0734,-0.21587,-0.0011005,0.030248,-0.00044979
-1.7233,1.0867,-0.2189,-0.0013784,0.030323,-0.00048103,-1.7244,-1.0733,-0.21595,-0.0013784,0.030323,-0.00048103
-1.6855,1.0867,-0.21932,-0.001772,0.030634,-0.00048523,-1.6866,-1.0733,-0.21538,-0.001772,0.030634,-0.00048523
-1.6475,1.0872,-0.21923,-0.0021147,0.031098,-0.00064055,-1.6489,-1.0728,-0.21467,-0.0021147,0.031098,-0.00064055
-1.6092,1.088,-0.2188,-0.0024156,0.031745,-0.00091262,-1.6111,-1.072,-0.21372,-0.0024156,0.031745,-0.00091262
-1.5704,1.0884,-0.21808,-0.0025002,0.032478,-0.0010087,-1.5731,-1.0716,-0.21271,-0.0025002,0.032478,-0.0010087
-1.5323,1.0884,-0.21705,-0.0026822,0.033257,-0.0010575,-1.5347,-1.0716,-0.21115,-0.0026822,0.033257,-0.0010575
-1.4937,1.0885,-0.21589,-0.0029691,0.034048,-0.0010701,-1.4962,-1.0715,-0.20955,-0.0029691,0.034048,-0.0010701
-1.4544,1.0889,-0.21515,-0.0036347,0.034914,-0.0011986,-1.4573,-1.0711,-0.20721,-0.0036347,0.034914,-0.0011986
-1.4148,1.0894,-0.21489,-0.004576,0.0357,-0.0013773,-1.4177,-1.0705,-0.20497,-0.004576,0.0357,-0.0013773
-1.375,1.0901,-0.21472,-0.0052129,0.036251,-0.0014629,-1.3781,-1.0699,-0.20333,-0.0052129,0.036251,-0.0014629
-1.3347,1.0898,-0.21503,-0.0062686,0.036653,-0.0012957,-1.3372,-1.0702,-0.20144,-0.0062686,0.036653,-0.0012957
-1.2935,1.0899,-0.21521,-0.0069568,0.036987,-0.0011302,-1.2954,-1.07,-0.2002,-0.0069568,0.036987,-0.0011302
-1.252,1.09,-0.2155,-0.0074691,0.037217,-0.0010573,-1.2536,-1.07,-0.19934,-0.0074691,0.037217,-0.0010573
-1.2099,1.0901,-0.21581,-0.0077131,0.037239,-0.0010173,-1.2115,-1.0698,-0.19922,-0.0077131,0.037239,-0.0010173
-1.167,1.0899,-0.21618,-0.0078466,0.037255,-0.00087977,-1.1682,-1.0701,-0.1993,-0.0078466,0.037255,-0.00087977
-1.1235,1.0893,-0.2161,-0.0075835,0.037334,-0.00059124,-1.1244,-1.0707,-0.19969,-0.0075835,0.037334,-0.00059124
-1.0797,1.0892,-0.21598,-0.0072732,0.037378,-0.00058501,-1.0804,-1.0708,-0.20023,-0.0072732,0.037378,-0.00058501
-1.0353,1.0894,-0.21521,-0.0065461,0.037466,-0.00071784,-1.0363,-1.0706,-0.20116,-0.0065461,0.037466,-0.00071784
-0.99057,1.0892,-0.21382,-0.0058442,0.037793,-0.00087977,-0.99181,-1.0707,-0.20124,-0.0058442,0.037793,-0.00087977
-0.94529,1.0896,-0.21223,-0.0052041,0.038216,-0.0011349,-0.94756,-1.0704,-0.20084,-0.0052041,0.038216,-0.0011349
-0.90007,1.09,-0.2098,-0.004417,0.038634,-0.0014695,-0.90279,-1.07,-0.20034,-0.004417,0.038634,-0.0014695
-0.8545,1.0903,-0.20725,-0.0037769,0.039129,-0.0016937,-0.85742,-1.0697,-0.19904,-0.0037769,0.039129,-0.0016937
-0.80876,1.0905,-0.20415,-0.0029203,0.039705,-0.0018999,-0.81252,-1.0695,-0.19786,-0.0029203,0.039705,-0.0018999
-0.76288,1.0905,-0.20123,-0.0021917,0.040209,-0.0021269,-0.76738,-1.0695,-0.1965,-0.0021917,0.040209,-0.0021269
-0.71683,1.0904,-0.19829,-0.0014337,0.040782,-0.0022171,-0.72154,-1.0696,-0.19513,-0.0014337,0.040782,-0.0022171
-0.67056,1.0899,-0.19533,-0.00047543,0.041394,-0.0021261,-0.67495,-1.0701,-0.1941,-0.00047543,0.041394,-0.0021261
-0.62402,1.0893,-0.19258,0.00059307,0.041816,-0.0020315,-0.62833,-1.0707,-0.19384,0.00059307,0.041816,-0.0020315
-0.57711,1.0886,-0.19036,0.0016707,0.042151,-0.0019111,-0.58115,-1.0714,-0.19384,0.0016707,0.042151,-0.0019111
-0.52967,1.0878,-0.18816,0.0028983,0.042567,-0.0017689,-0.53357,-1.0722,-0.19443,0.0028983,0.042567,-0.0017689
-0.48204,1.087,-0.18681,0.0040602,0.042893,-0.00165,-0.48589,-1.073,-0.19556,0.0040602,0.042893,-0.00165
-0.43391,1.0867,-0.18652,0.0046655,0.043087,-0.001755,-0.43821,-1.0733,-0.19653,0.0046655,0.043087,-0.001755
-0.38538,1.0866,-0.18633,0.005129,0.043356,-0.0018181,-0.38988,-1.0734,-0.19742,0.005129,0.043356,-0.0018181
-0.3363,1.0861,-0.18653,0.0054978,0.043488,-0.0017373,-0.341,-1.0738,-0.19841,0.0054978,0.043488,-0.0017373
-0.28768,1.0851,-0.18791,0.0044491,0.043523,-0.0015266,-0.29155,-1.0749,-0.19737,0.0044491,0.043523,-0.0015266
-0.23809,1.0854,-0.18786,0.0040253,0.043753,-0.0015094,-0.24195,-1.0745,-0.19649,0.0040253,0.043753,-0.0015094
-0.18851,1.0857,-0.18793,0.0029832,0.044103,-0.0017288,-0.19258,-1.0743,-0.19447,0.0029832,0.044103,-0.0017288
-0.13872,1.0864,-0.18759,0.0022762,0.044404,-0.0019569,-0.14306,-1.0736,-0.19254,0.0022762,0.044404,-0.0019569
-0.088644,1.0869,-0.18684,0.0014204,0.044927,-0.0021443,-0.092907,-1.0731,-0.18987,0.0014204,0.044927,-0.0021443
-0.038303,1.0871,-0.18531,0.00098726,0.045495,-0.0021439,-0.042948,-1.0728,-0.18737,0.00098726,0.045495,-0.0021439
0.012543,1.0875,-0.18326,0.00092895,0.046012,-0.0023346,0.0075932,-1.0725,-0.18529,0.00092895,0.046012,-0.0023346
0.06374,1.0878,-0.18095,0.0011811,0.046572,-0.0024829,0.058556,-1.0722,-0.18362,0.0011811,0.046572,-0.0024829
0.11518,1.0871,-0.18009,0.00087153,0.046864,-0.0023809,0.11042,-1.0729,-0.18204,0.00087153,0.046864,-0.0023809
0.16695,1.0873,-0.17928,0.00087308,0.046917,-0.0023825,0.16203,-1.0727,-0.18128,0.00087308,0.046917,-0.0023825
0.21968,1.0878,-0.17945,0.00040518,0.046894,-0.0026626,0.21398,-1.0722,-0.18034,0.00040518,0.046894,-0.0026626
0.27236,1.0884,-0.18003,-5.2855e-05,0.046724,-0.0028267,0.26612,-1.0716,-0.17994,-5.2855e-05,0.046724,-0.0028267
0.32489,1.0882,-0.18083,-0.00062622,0.046533,-0.0026816,0.31922,-1.0718,-0.17953,-0.00062622,0.046533,-0.0026816
0.37801,1.0881,-0.18128,-0.0012319,0.046572,-0.0027231,0.37236,-1.0719,-0.17863,-0.0012319,0.046572,-0.0027231
0.43209,1.0888,-0.18176,-0.0016209,0.046534,-0.0030241,0.42526,-1.0712,-0.17825,-0.0016209,0.046534,-0.0030241
0.48596,1.0897,-0.18202,-0.0019869,0.046521,-0.0034328,0.47904,-1.0703,-0.17776,-0.0019869,0.046521,-0.0034328
0.54033,1.0903,-0.18152,-0.0020556,0.046799,-0.0037779,0.5326,-1.0697,-0.17711,-0.0020556,0.046799,-0.0037779
0.59422,1.0902,-0.18075,-0.001854,0.047072,-0.0038028,0.58646,-1.0698,-0.17677,-0.001854,0.047072,-0.0038028
0.64853,1.0892,-0.17951,-0.0013211,0.047519,-0.003534,0.64138,-1.0707,-0.17666,-0.0013211,0.047519,-0.003534
0.70315,1.0883,-0.17823,-0.00070446,0.048112,-0.0033298,0.69626,-1.0717,-0.17668,-0.00070446,0.048112,-0.0033298
0.75801,1.0879,-0.17696,-2.7442e-05,0.04874,-0.0033205,0.75091,-1.0721,-0.17691,-2.7442e-05,0.04874,-0.0033205
0.81328,1.0876,-0.17571,0.00066058,0.049538,-0.0033807,0.80605,-1.0724,-0.1771,0.00066058,0.049538,-0.0033807
0.86931,1.0873,-0.17538,0.00068198,0.050173,-0.0034945,0.86173,-1.0727,-0.17727,0.00068198,0.050173,-0.0034945
0.92566,1.0874,-0.17664,-0.00015201,0.050568,-0.0036885,0.91752,-1.0726,-0.17618,-0.00015201,0.050568,-0.0036885
0.98266,1.0881,-0.17722,-0.00089718,0.050993,-0.0039326,0.97387,-1.0719,-0.17528,-0.00089718,0.050993,-0.0039326
1.04,1.0884,-0.17884,-0.002164,0.051144,-0.0041217,1.0314,-1.0716,-0.17411,-0.002164,0.051144,-0.0041217
1.0977,1.0884,-0.18049,-0.0033243,0.051078,-0.004088,1.0889,-1.0716,-0.17323,-0.0033243,0.051078,-0.004088
1.1567,1.0891,-0.18105,-0.0037087,0.050966,-0.004221,1.1474,-1.0709,-0.17306,-0.0037087,0.050966,-0.004221
1.2157,1.09,-0.18217,-0.0044206,0.050614,-0.0046719,1.2058,-1.07,-0.1726,-0.0044206,0.050614,-0.0046719
1.275,1.0904,-0.18271,-0.0047522,0.050373,-0.0049087,1.2649,-1.0696,-0.17243,-0.0047522,0.050373,-0.0049087
1.3347,1.0905,-0.18329,-0.0049177,0.050025,-0.0050552,1.3242,-1.0694,-0.17251,-0.0049177,0.050025,-0.0050552
1.3949,1.0909,-0.1836,-0.0047961,0.049672,-0.0052945,1.3842,-1.0691,-0.17335,-0.0047961,0.049672,-0.0052945
1.4555,1.0909,-0.18344,-0.0044039,0.04948,-0.0054715,1.4441,-1.0691,-0.17393,-0.0044039,0.04948,-0.0054715
1.5161,1.0906,-0.18334,-0.003913,0.049238,-0.005511,1.5045,-1.0694,-0.17498,-0.003913,0.049238,-0.005511
1.5766,1.09,-0.18307,-0.0036019,0.049325,-0.0054751,1.5649,-1.0699,-0.17519,-0.0036019,0.049325,-0.0054751
1.6368,1.0896,-0.18199,-0.0031163,0.049566,-0.0054588,1.6252,-1.0703,-0.17518,-0.0031163,0.049566,-0.0054588
1.6972,1.089,-0.18055,-0.0025914,0.049909,-0.0054245,1.6857,-1.071,-0.17489,-0.0025914,0.049909,-0.0054245
1.758,1.0881,-0.17835,-0.0016327,0.050331,-0.0051839,1.7467,-1.0719,-0.17478,-0.0016327,0.050331,-0.0051839
1.8185,1.0869,-0.17612,-0.0004572,0.050537,-0.0050524,1.8075,-1.073,-0.17515,-0.0004572,0.050537,-0.0050524
1.8796,1.086,-0.17355,0.00071896,0.050902,-0.0049979,1.8688,-1.0739,-0.17507,0.00071896,0.050902,-0.0049979
1.9409,1.0852,-0.17092,0.0019999,0.051192,-0.0050161,1.93,-1.0748,-0.1755,0.0019999,0.051192,-0.0050161
2.0029,1.0846,-0.16963,0.0026632,0.051341,-0.0051286,1.9916,-1.0754,-0.17526,0.0026632,0.051341,-0.0051286
2.0651,1.0845,-0.16778,0.0035045,0.051614,-0.0053256,2.0532,-1.0755,-0.17534,0.0035045,0.051614,-0.0053256
2.1273,1.0844,-0.16657,0.0040759,0.051815,-0.0055477,2.115,-1.0756,-0.17538,0.0040759,0.051815,-0.0055477
2.1901,1.084,-0.16589,0.0043905,0.052077,-0.0056036,2.1774,-1.0759,-0.17534,0.0043905,0.052077,-0.0056036
2.2527,1.0833,-0.16586,0.0044294,0.052202,-0.0055134,2.2401,-1.0766,-0.17531,0.0044294,0.052202,-0.0055134
2.316,1.0828,-0.16575,0.0044262,0.052495,-0.0054248,2.3036,-1.0771,-0.17528,0.0044262,0.052495,-0.0054248
2.3797,1.0826,-0.16627,0.0044952,0.052478,-0.0054748,2.367,-1.0774,-0.17586,0.0044952,0.052478,-0.0054748
2.4439,1.0825,-0.16766,0.0042638,0.052109,-0.0057045,2.4311,-1.0774,-0.17685,0.0042638,0.052109,-0.0057045
2.5092,1.0832,-0.16944,0.0039743,0.051485,-0.0061904,2.4947,-1.0767,-0.17781,0.0039743,0.051485,-0.0061904
2.5761,1.0841,-0.17326,0.0027152,0.050261,-0.0069693,2.5604,-1.0758,-0.17907,0.0027152,0.050261,-0.0069693
2.6458,1.0877,-0.17793,0.0017293,0.048416,-0.0086536,2.6257,-1.0722,-0.18141,0.0017293,0.048416,-0.0086536
2.7194,1.0944,-0.18355,0.00083597,0.04598,-0.011816,2.6918,-1.0655,-0.18516,0.00083597,0.04598,-0.011816
2.7946,1.1037,-0.19015,-0.00056823,0.043233,-0.016311,2.7588,-1.056,-0.18909,-0.00056823,0.043233,-0.016311
2.8733,1.1142,-0.19756,-0.0021504,0.04052,-0.021366,2.8262,-1.0453,-0.1927,-0.0021504,0.04052,-0.021366
2.9534,1.1254,-0.20467,-0.0036505,0.037752,-0.026793,2.8947,-1.0338,-0.1968,-0.0036505,0.037752,-0.026793
3.0346,1.1371,-0.21158,-0.0049571,0.034988,-0.032559,2.9641,-1.0217,-0.20064,-0.0049571,0.034988,-0.032559
3.1173,1.1479,-0.21771,-0.0065749,0.032438,-0.038178,3.0346,-1.0105,-0.20338,-0.0065749,0.032438,-0.038178
3.2004,1.1591,-0.22207,-0.0078209,0.030189,-0.044036,3.1054,-0.99872,-0.2053,-0.0078209,0.030189,-0.044036
3.2839,1.1696,-0.22574,-0.0090408,0.028332,-0.049838,3.1765,-0.98761,-0.2062,-0.0090408,0.028332,-0.049838
3.368,1.1799,-0.22811,-0.0099696,0.026769,-0.055749,3.248,-0.97667,-0.20669,-0.0099696,0.026769,-0.055749
3.4536,1.1909,-0.22968,-0.010225,0.025485,-0.062181,3.3198,-0.96483,-0.20752,-0.010225,0.025485,-0.062181
3.541,1.2023,-0.23085,-0.010307,0.024492,-0.069167,3.3917,-0.95244,-0.20864,-0.010307,0.024492,-0.069167
3.6298,1.2141,-0.23242,-0.010831,0.023638,-0.07689,3.4641,-0.93942,-0.20922,-0.010831,0.023638,-0.07689
3.7201,1.2274,-0.23288,-0.01094,0.023292,-0.085612,3.5359,-0.92456,-0.20922,-0.01094,0.023292,-0.085612
3.8114,1.241,-0.23178,-0.0108,0.023385,-0.094713,3.6073,-0.90926,-0.20842,-0.0108,0.023385,-0.094713
3.9033,1.2545,-0.22929,-0.010501,0.024104,-0.10411,3.6794,-0.8938,-0.20671,-0.010501,0.024104,-0.10411
3.9955,1.2673,-0.22612,-0.010593,0.025387,-0.11358,3.751,-0.87872,-0.20342,-0.010593,0.025387,-0.11358
4.0883,1.2787,-0.22299,-0.011366,0.027101,-0.123,3.824,-0.86497,-0.19865,-0.011366,0.027101,-0.123
4.1818,1.29,-0.21911,-0.011897,0.029204,-0.13259,3.897,-0.851,-0.19345,-0.011897,0.029204,-0.13259
4.276,1.3007,-0.21493,-0.012226,0.031532,-0.14217,3.9712,-0.83759,-0.18863,-0.012226,0.031532,-0.14217
4.371,1.31,-0.2101,-0.01167,0.033898,-0.15155,4.0459,-0.82528,-0.18463,-0.01167,0.033898,-0.15155
4.4666,1.3192,-0.20374,-0.010146,0.036456,-0.16105,4.1216,-0.813,-0.18173,-0.010146,0.036456,-0.16105
4.5623,1.3268,-0.19736,-0.0085699,0.039055,-0.17042,4.1974,-0.80212,-0.17894,-0.0085699,0.039055,-0.17042
4.6586,1.3324,-0.19134,-0.0072126,0.04179,-0.1795,4.2742,-0.79305,-0.17573,-0.0072126,0.04179,-0.1795
4.7546,1.3361,-0.18607,-0.0064303,0.044538,-0.18808,4.3515,-0.78595,-0.17219,-0.0064303,0.044538,-0.18808
4.8509,1.338,-0.18223,-0.006621,0.047192,-0.19631,4.4305,-0.78065,-0.16818,-0.006621,0.047192,-0.19631
4.9479,1.339,-0.18016,-0.0076721,0.049722,-0.20469,4.5096,-0.77597,-0.16345,-0.0076721,0.049722,-0.20469
5.0454,1.3394,-0.17796,-0.0087473,0.052174,-0.21286,4.5898,-0.77192,-0.1591,-0.0087473,0.052174,-0.21286
5.1427,1.3386,-0.17476,-0.0086082,0.054407,-0.22053,4.6712,-0.76921,-0.15602,-0.0086082,0.054407,-0.22053
5.2405,1.337,-0.17125,-0.0080041,0.056434,-0.22795,4.7535,-0.76729,-0.15388,-0.0080041,0.056434,-0.22795
5.3378,1.3334,-0.16823,-0.0074849,0.058264,-0.235,4.8361,-0.76747,-0.15219,-0.0074849,0.058264,-0.235
5.4354,1.3279,-0.16598,-0.0074649,0.059984,-0.24192,4.9191,-0.76939,-0.15012,-0.0074649,0.059984,-0.24192
5.5344,1.3217,-0.16477,-0.0077543,0.06148,-0.249,5.0027,-0.77179,-0.14781,-0.0077543,0.06148,-0.249
5.6339,1.316,-0.16313,-0.0078878,0.062821,-0.25652,5.0868,-0.77351,-0.14596,-0.0078878,0.062821,-0.25652
5.734,1.3102,-0.16024,-0.0070032,0.06397,-0.264,5.1712,-0.77518,-0.14519,-0.0070032,0.06397,-0.264
5.8344,1.3035,-0.15725,-0.0061896,0.06514,-0.27161,5.2557,-0.77754,-0.14388,-0.0061896,0.06514,-0.27161
5.9343,1.2964,-0.1533,-0.0048249,0.066282,-0.27911,5.34,-0.78023,-0.14268,-0.0048249,0.066282,-0.27911
6.0346,1.2884,-0.14907,-0.0034436,0.067228,-0.28661,5.4246,-0.7837,-0.14193,-0.0034436,0.067228,-0.28661
6.1357,1.2798,-0.14566,-0.0022486,0.068022,-0.29437,5.5093,-0.78742,-0.14079,-0.0022486,0.068022,-0.29437
6.2369,1.2705,-0.14397,-0.0027783,0.068688,-0.30239,5.5941,-0.79167,-0.13792,-0.0027783,0.068688,-0.30239
6.339,1.2614,-0.14191,-0.0030398,0.069227,-0.3108,5.6791,-0.79535,-0.13533,-0.0030398,0.069227,-0.3108
6.4419,1.2522,-0.13942,-0.0027443,0.069679,-0.31936,5.764,-0.79868,-0.13338,-0.0027443,0.069679,-0.31936
6.5446,1.2425,-0.13712,-0.0028715,0.070048,-0.32814,5.8489,-0.80236,-0.13094,-0.0028715,0.070048,-0.32814
6.6471,1.2326,-0.13437,-0.0025253,0.070381,-0.3369,5.9335,-0.80614,-0.12902,-0.0025253,0.070381,-0.3369
6.7503,1.2222,-0.13291,-0.0027033,0.070486,-0.34599,6.0184,-0.80999,-0.12703,-0.0027033,0.070486,-0.34599
6.8538,1.2114,-0.13167,-0.0028329,0.070493,-0.35514,6.1032,-0.81396,-0.12557,-0.0028329,0.070493,-0.35514
6.9575,1.1998,-0.13117,-0.0030857,0.07038,-0.3643,6.1884,-0.81867,-0.12448,-0.0030857,0.07038,-0.3643
7.0613,1.1881,-0.13052,-0.00312,0.070187,-0.37356,6.2736,-0.8232,-0.12406,-0.00312,0.070187,-0.37356
7.1658,1.1753,-0.13122,-0.0038624,0.070005,-0.38302,6.3594,-0.82855,-0.12299,-0.0038624,0.070005,-0.38302
7.2704,1.1617,-0.13187,-0.0045068,0.069799,-0.39265,6.4447,-0.83423,-0.12212,-0.0045068,0.069799,-0.39265
7.3751,1.1476,-0.13218,-0.0050394,0.069685,-0.40244,6.5301,-0.8402,-0.12161,-0.0050394,0.069685,-0.40244
7.4798,1.1327,-0.13304,-0.0056728,0.069639,-0.41241,6.6152,-0.84665,-0.12079,-0.0056728,0.069639,-0.41241
7.5848,1.1167,-0.13398,-0.0065066,0.069652,-0.42244,6.7003,-0.85388,-0.12016,-0.0065066,0.069652,-0.42244
7.6889,1.0995,-0.135,-0.0074685,0.069736,-0.43241,6.785,-0.86219,-0.11901,-0.0074685,0.069736,-0.43241
7.793,1.0815,-0.13566,-0.0081037,0.069904,-0.44232,6.8703,-0.87145,-0.1183,-0.0081037,0.069904,-0.44232
7.8971,1.062,-0.13589,-0.0082893,0.069949,-0.45204,6.9552,-0.88175,-0.11811,-0.0082893,0.069949,-0.45204
8.0016,1.0414,-0.13539,-0.0077338,0.069939,-0.46165,7.0407,-0.89306,-0.11874,-0.0077338,0.069939,-0.46165
8.1055,1.0199,-0.13516,-0.007455,0.069803,-0.4714,7.1262,-0.90529,-0.11935,-0.007455,0.069803,-0.4714
8.2097,0.99721,-0.13526,-0.0069777,0.069724,-0.48117,7.2115,-0.91826,-0.12042,-0.0069777,0.069724,-0.48117
8.3135,0.9733,-0.13582,-0.0067635,0.0697,-0.4909,7.2967,-0.93237,-0.12137,-0.0067635,0.0697,-0.4909
8.4155,0.94832,-0.13584,-0.0062325,0.069888,-0.50023,7.381,-0.94783,-0.12241,-0.0062325,0.069888,-0.50023
8.5163,0.92127,-0.13536,-0.0058934,0.070259,-0.509,7.4652,-0.96569,-0.12295,-0.0058934,0.070259,-0.509
8.6165,0.89192,-0.13704,-0.0071279,0.070472,-0.51752,7.5491,-0.98584,-0.12161,-0.0071279,0.070472,-0.51752
8.7162,0.86196,-0.13828,-0.0078976,0.070451,-0.52586,7.6333,-1.0069,-0.12147,-0.0078976,0.070451,-0.52586
8.8155,0.83056,-0.13988,-0.0087345,0.070361,-0.53403,7.7176,-1.0295,-0.12119,-0.0087345,0.070361,-0.53403
8.9152,0.7976,-0.14151,-0.0094026,0.070415,-0.542,7.8017,-1.0532,-0.12083,-0.0094026,0.070415,-0.542
9.0129,0.76457,-0.14161,-0.0090921,0.070327,-0.54977,7.8856,-1.0779,-0.12221,-0.0090921,0.070327,-0.54977
9.1099,0.73022,-0.14194,-0.00907,0.070482,-0.55734,7.969,-1.1038,-0.12259,-0.00907,0.070482,-0.55734
9.2072,0.69473,-0.14228,-0.0091903,0.070821,-0.56503,8.052,-1.1303,-0.12239,-0.0091903,0.070821,-0.56503
9.3037,0.65911,-0.1408,-0.0092314,0.071696,-0.5727,8.1344,-1.1569,-0.12104,-0.0092314,0.071696,-0.5727
9.3996,0.62225,-0.14047,-0.010457,0.072629,-0.58022,8.217,-1.1851,-0.11833,-0.010457,0.072629,-0.58022
9.4932,0.58395,-0.141,-0.012441,0.073789,-0.5872,8.2982,-1.2152,-0.11435,-0.012441,0.073789,-0.5872
9.5834,0.54395,-0.1409,-0.014545,0.075342,-0.59317,8.378,-1.2482,-0.10953,-0.014545,0.075342,-0.59317
9.6681,0.50325,-0.13888,-0.016532,0.077538,-0.59772,8.4554,-1.2838,-0.10339,-0.016532,0.077538,-0.59772
9.7486,0.4609,-0.13573,-0.018266,0.080303,-0.60104,8.5303,-1.3223,-0.096585,-0.018266,0.080303,-0.60104
9.8238,0.41775,-0.13128,-0.019763,0.083634,-0.60311,8.6023,-1.3632,-0.088833,-0.019763,0.083634,-0.60311
9.895,0.37323,-0.12548,-0.020889,0.087375,-0.60395,8.6718,-1.4065,-0.080607,-0.020889,0.087375,-0.60395
9.9633,0.32843,-0.11886,-0.021629,0.091214,-0.60421,8.74,-1.4512,-0.072276,-0.021629,0.091214,-0.60421
10.03,0.28303,-0.11092,-0.021555,0.094935,-0.60408,8.8073,-1.4968,-0.064805,-0.021555,0.094935,-0.60408
10.096,0.23742,-0.10378,-0.021674,0.098178,-0.60386,8.8736,-1.5427,-0.057179,-0.021674,0.098178,-0.60386
10.161,0.19181,-0.095655,-0.020565,0.10101,-0.60346,8.9397,-1.589,-0.051476,-0.020565,0.10101,-0.60346
10.226,0.14583,-0.087967,-0.019179,0.10344,-0.60298,9.0049,-1.6355,-0.046727,-0.019179,0.10344,-0.60298
10.289,0.099182,-0.080737,-0.017234,0.10538,-0.60201,9.0697,-1.6832,-0.043917,-0.017234,0.10538,-0.60201
10.352,0.051781,-0.075264,-0.01564,0.10675,-0.60077,9.1341,-1.7319,-0.0417,-0.01564,0.10675,-0.60077
10.415,0.0041466,-0.070046,-0.013424,0.10764,-0.59941,9.1988,-1.7808,-0.041182,-0.013424,0.10764,-0.59941
10.478,-0.043467,-0.066006,-0.011416,0.10799,-0.5983,9.2641,-1.8299,-0.041619,-0.011416,0.10799,-0.5983
10.542,-0.091451,-0.062321,-0.0089814,0.10787,-0.59686,9.329,-1.8789,-0.042865,-0.0089814,0.10787,-0.59686
10.604,-0.13947,-0.05949,-0.0065279,0.10727,-0.59542,9.3942,-1.9285,-0.045099,-0.0065279,0.10727,-0.59542
10.669,-0.1867,-0.056805,-0.0035205,0.10623,-0.59445,9.4598,-1.9766,-0.049046,-0.0035205,0.10623,-0.59445
10.733,-0.23408,-0.055587,-0.00083404,0.10473,-0.59346,9.5256,-2.0249,-0.053819,-0.00083404,0.10473,-0.59346
10.798,-0.28153,-0.056251,0.0013722,0.10289,-0.59269,9.5915,-2.073,-0.059018,0.0013722,0.10289,-0.59269
10.864,-0.32854,-0.058233,0.0030955,0.10075,-0.59211,9.6578,-2.1204,-0.064881,0.0030955,0.10075,-0.59211
10.93,-0.37507,-0.062237,0.0037921,0.098329,-0.59183,9.7244,-2.1673,-0.070272,0.0037921,0.098329,-0.59183
10.997,-0.42107,-0.066304,0.0048261,0.095772,-0.59159,9.7909,-2.2132,-0.076637,0.0048261,0.095772,-0.59159
11.064,-0.46618,-0.071384,0.0056626,0.093032,-0.59179,9.8579,-2.2581,-0.083434,0.0056626,0.093032,-0.59179
11.131,-0.51102,-0.075849,0.007007,0.090305,-0.59192,9.9245,-2.3024,-0.090954,0.007007,0.090305,-0.59192
11.198,-0.55573,-0.08119,0.0077844,0.087596,-0.59211,9.9914,-2.3471,-0.097927,0.0077844,0.087596,-0.59211
11.264,-0.60066,-0.086898,0.0083716,0.085056,-0.59214,10.058,-2.3919,-0.10482,0.0083716,0.085056,-0.59214
11.331,-0.64532,-0.092883,0.0085664,0.082648,-0.59218,10.124,-2.4366,-0.11146,0.0085664,0.082648,-0.59218
11.397,-0.68963,-0.09969,0.0080468,0.080263,-0.59242,10.19,-2.4807,-0.11718,0.0080468,0.080263,-0.59242
11.462,-0.73393,-0.10708,0.0069722,0.077932,-0.59242,10.255,-2.525,-0.12207,0.0069722,0.077932,-0.59242
11.528,-0.77766,-0.11437,0.0058523,0.075699,-0.5925,10.321,-2.5688,-0.12691,0.0058523,0.075699,-0.5925
11.594,-0.82105,-0.12172,0.0045729,0.073621,-0.59272,10.387,-2.6121,-0.13156,0.0045729,0.073621,-0.59272
11.66,-0.86404,-0.12923,0.0029112,0.071664,-0.59314,10.452,-2.6546,-0.13544,0.0029112,0.071664,-0.59314
11.727,-0.90693,-0.13558,0.0017588,0.069894,-0.59342,10.518,-2.6974,-0.13935,0.0017588,0.069894,-0.59342
11.792,-0.94994,-0.142,0.00026219,0.06816,-0.59381,10.584,-2.7402,-0.14257,0.00026219,0.06816,-0.59381
11.858,-0.99321,-0.14787,-0.00084295,0.066407,-0.59385,10.649,-2.7834,-0.14612,-0.00084295,0.066407,-0.59385
11.923,-1.0368,-0.15405,-0.0023633,0.064624,-0.59394,10.714,-2.827,-0.14903,-0.0023633,0.064624,-0.59394
11.989,-1.0801,-0.15933,-0.0036114,0.062936,-0.59423,10.78,-2.87,-0.15166,-0.0036114,0.062936,-0.59423
12.055,-1.1234,-0.16417,-0.0047304,0.061259,-0.5944,10.846,-2.9133,-0.1541,-0.0047304,0.061259,-0.5944
12.12,-1.1675,-0.16855,-0.0056037,0.059766,-0.5944,10.911,-2.9574,-0.15635,-0.0056037,0.059766,-0.5944
12.186,-1.2113,-0.17151,-0.005883,0.05846,-0.59433,10.977,-3.0015,-0.15892,-0.005883,0.05846,-0.59433
12.251,-1.256,-0.17371,-0.0057821,0.057413,-0.59402,11.043,-3.0463,-0.16103,-0.0057821,0.057413,-0.59402
12.316,-1.3008,-0.17492,-0.0056148,0.056593,-0.59364,11.108,-3.0917,-0.16295,-0.0056148,0.056593,-0.59364
12.381,-1.3456,-0.17525,-0.004925,0.055959,-0.59328,11.174,-3.1369,-0.16452,-0.004925,0.055959,-0.59328
12.447,-1.3905,-0.17438,-0.0037987,0.05548,-0.59313,11.24,-3.182,-0.16636,-0.0037987,0.05548,-0.59313
12.513,-1.4358,-0.17325,-0.0027402,0.055198,-0.5931,11.306,-3.2269,-0.16727,-0.0027402,0.055198,-0.5931
12.579,-1.4812,-0.17051,-0.0015589,0.055407,-0.59285,11.372,-3.2725,-0.16701,-0.0015589,0.055407,-0.59285
12.643,-1.5274,-0.16844,-0.0010927,0.055765,-0.59211,11.437,-3.3195,-0.16594,-0.0010927,0.055765,-0.59211
12.706,-1.5739,-0.16564,-0.00071654,0.056585,-0.59067,11.503,-3.3678,-0.16405,-0.00071654,0.056585,-0.59067
12.766,-1.6207,-0.16248,-0.00061476,0.057903,-0.58826,11.567,-3.4175,-0.16115,-0.00061476,0.057903,-0.58826
12.822,-1.6687,-0.15886,-0.0010324,0.059876,-0.58428,11.63,-3.4705,-0.15672,-0.0010324,0.059876,-0.58428
12.873,-1.718,-0.15467,-0.0014571,0.062281,-0.57856,11.691,-3.5265,-0.15162,-0.0014571,0.062281,-0.57856
12.919,-1.7682,-0.14932,-0.0016125,0.065234,-0.57138,11.751,-3.5851,-0.14585,-0.0016125,0.065234,-0.57138
12.964,-1.8187,-0.14285,-0.0017777,0.068536,-0.56365,11.81,-3.6445,-0.13913,-0.0017777,0.068536,-0.56365
13.006,-1.8697,-0.13618,-0.0023429,0.072102,-0.5551,11.867,-3.7055,-0.13124,-0.0023429,0.072102,-0.5551
13.046,-1.9215,-0.12946,-0.0031694,0.075851,-0.54604,11.924,-3.7677,-0.12276,-0.0031694,0.075851,-0.54604
13.085,-1.9734,-0.12227,-0.0034103,0.079558,-0.53659,11.981,-3.8299,-0.11485,-0.0034103,0.079558,-0.53659
13.123,-2.0255,-0.11461,-0.0031548,0.083134,-0.52661,12.038,-3.8932,-0.10777,-0.0031548,0.083134,-0.52661
13.16,-2.0784,-0.10724,-0.0027063,0.086321,-0.51615,12.094,-3.9572,-0.10149,-0.0027063,0.086321,-0.51615
13.196,-2.1319,-0.10014,-0.0020601,0.089252,-0.50525,12.151,-4.0221,-0.095723,-0.0020601,0.089252,-0.50525
13.232,-2.1857,-0.093767,-0.0013061,0.091708,-0.49419,12.208,-4.0874,-0.090871,-0.0013061,0.091708,-0.49419
13.269,-2.2396,-0.087206,0.00027139,0.093825,-0.48308,12.266,-4.1524,-0.087567,0.00027139,0.093825,-0.48308
13.306,-2.2927,-0.079796,0.0029722,0.095457,-0.47206,12.323,-4.2161,-0.086103,0.0029722,0.095457,-0.47206
13.344,-2.3463,-0.074438,0.0048443,0.096692,-0.46117,12.382,-4.2801,-0.084907,0.0048443,0.096692,-0.46117
13.382,-2.4001,-0.071216,0.0060214,0.097307,-0.45025,12.44,-4.3442,-0.084294,0.0060214,0.097307,-0.45025
13.42,-2.4541,-0.069836,0.0064254,0.09747,-0.43926,12.5,-4.4083,-0.083657,0.0064254,0.09747,-0.43926
13.459,-2.5075,-0.069975,0.0065902,0.097141,-0.42847,12.56,-4.4715,-0.084021,0.0065902,0.097141,-0.42847
13.499,-2.5602,-0.070447,0.0073378,0.096333,-0.4175,12.621,-4.5338,-0.086096,0.0073378,0.096333,-0.4175
13.539,-2.6122,-0.071876,0.0079679,0.09515,-0.40659,12.683,-4.5955,-0.089044,0.0079679,0.09515,-0.40659
13.58,-2.664,-0.074304,0.0087136,0.093482,-0.3955,12.745,-4.6564,-0.092941,0.0087136,0.093482,-0.3955
13.621,-2.715,-0.077839,0.0087709,0.091584,-0.38467,12.808,-4.7163,-0.096752,0.0087709,0.091584,-0.38467
13.662,-2.7655,-0.083065,0.0081996,0.08946,-0.37412,12.871,-4.7752,-0.10049,0.0081996,0.08946,-0.37412
13.704,-2.8146,-0.088251,0.0079479,0.087248,-0.36347,12.935,-4.8327,-0.10532,0.0079479,0.087248,-0.36347
13.747,-2.8627,-0.093142,0.0082747,0.084995,-0.35287,12.999,-4.8889,-0.11087,0.0082747,0.084995,-0.35287
13.79,-2.9094,-0.098139,0.0087279,0.082672,-0.34247,13.063,-4.9432,-0.11696,0.0087279,0.082672,-0.34247
13.834,-2.9543,-0.10307,0.0094569,0.080279,-0.33237,13.128,-4.9953,-0.12343,0.0094569,0.080279,-0.33237
13.879,-2.9979,-0.10874,0.0094856,0.077886,-0.32258,13.192,-5.0457,-0.12922,0.0094856,0.077886,-0.32258
13.925,-3.0404,-0.11537,0.0089545,0.075304,-0.31312,13.258,-5.0948,-0.13465,0.0089545,0.075304,-0.31312
13.972,-3.0817,-0.12225,0.007998,0.072731,-0.30404,13.323,-5.142,-0.13969,0.007998,0.072731,-0.30404
14.019,-3.1215,-0.12956,0.0066586,0.070142,-0.29538,13.389,-5.1876,-0.14388,0.0066586,0.070142,-0.29538
14.067,-3.1607,-0.13727,0.0049574,0.067488,-0.28672,13.455,-5.2321,-0.14787,0.0049574,0.067488,-0.28672
14.116,-3.1987,-0.14512,0.0029873,0.064932,-0.27828,13.522,-5.2754,-0.15152,0.0029873,0.064932,-0.27828
14.165,-3.2357,-0.1521,0.0018729,0.062351,-0.26966,13.588,-5.3174,-0.15605,0.0018729,0.062351,-0.26966
14.214,-3.2714,-0.15818,0.0012106,0.060016,-0.26125,13.656,-5.358,-0.16083,0.0012106,0.060016,-0.26125
14.264,-3.3059,-0.1638,0.00069917,0.057783,-0.25326,13.723,-5.3969,-0.16526,0.00069917,0.057783,-0.25326
14.315,-3.3394,-0.16839,0.00059477,0.055708,-0.24544,13.79,-5.4347,-0.16971,0.00059477,0.055708,-0.24544
14.367,-3.3713,-0.17228,0.00077393,0.053854,-0.23807,13.858,-5.4704,-0.17374,0.00077393,0.053854,-0.23807
14.42,-3.4019,-0.17498,0.0012673,0.052353,-0.23101,13.925,-5.5045,-0.17773,0.0012673,0.052353,-0.23101
14.472,-3.4317,-0.17695,0.0018917,0.05108,-0.22406,13.993,-5.5378,-0.18119,0.0018917,0.05108,-0.22406
14.526,-3.462,-0.17903,0.0023016,0.049896,-0.21686,14.061,-5.5714,-0.18408,0.0023016,0.049896,-0.21686
14.579,-3.4922,-0.18101,0.0027862,0.048633,-0.20959,14.129,-5.6048,-0.187,0.0027862,0.048633,-0.20959
14.634,-3.5216,-0.18242,0.0031394,0.047515,-0.2025,14.199,-5.6373,-0.18931,0.0031394,0.047515,-0.2025
14.689,-3.5509,-0.18547,0.0020105,0.046434,-0.19551,14.268,-5.6696,-0.18974,0.0020105,0.046434,-0.19551
14.744,-3.5791,-0.18743,0.0012156,0.045527,-0.18846,14.339,-5.7008,-0.19016,0.0012156,0.045527,-0.18846
14.799,-3.6071,-0.18856,0.0007979,0.044866,-0.18122,14.409,-5.7317,-0.1903,0.0007979,0.044866,-0.18122
14.854,-3.6353,-0.18905,0.00056272,0.044395,-0.17377,14.48,-5.7627,-0.19032,0.00056272,0.044395,-0.17377
14.909,-3.6639,-0.1886,0.00065022,0.044099,-0.16576,14.553,-5.7944,-0.19012,0.00065022,0.044099,-0.16576
14.963,-3.694,-0.18852,-0.00011163,0.044009,-0.15715,14.625,-5.8275,-0.18804,-0.00011163,0.044009,-0.15715
15.017,-3.7242,-0.18778,-0.00094801,0.044025,-0.14829,14.698,-5.8605,-0.18583,-0.00094801,0.044025,-0.14829
15.072,-3.7542,-0.18739,-0.0021573,0.04408,-0.13936,14.772,-5.8933,-0.18272,-0.0021573,0.04408,-0.13936
15.126,-3.7851,-0.18773,-0.0041832,0.044228,-0.13009,14.847,-5.9268,-0.17873,-0.0041832,0.044228,-0.13009
15.181,-3.8156,-0.18708,-0.0053223,0.044479,-0.12035,14.922,-5.96,-0.17528,-0.0053223,0.044479,-0.12035
15.236,-3.8459,-0.18441,-0.0054112,0.045058,-0.11045,14.998,-5.9928,-0.17277,-0.0054112,0.045058,-0.11045
15.291,-3.8767,-0.18185,-0.0051333,0.045733,-0.10027,15.075,-6.0259,-0.17081,-0.0051333,0.045733,-0.10027
15.346,-3.9076,-0.17943,-0.0045211,0.04647,-0.089963,15.152,-6.0589,-0.16977,-0.0045211,0.04647,-0.089963
15.402,-3.9385,-0.17776,-0.0042057,0.047272,-0.079796,15.23,-6.0916,-0.16868,-0.0042057,0.047272,-0.079796
15.458,-3.9692,-0.17655,-0.0043093,0.048085,-0.069677,15.308,-6.1239,-0.1674,-0.0043093,0.048085,-0.069677
15.514,-3.9997,-0.17484,-0.0037778,0.048976,-0.059286,15.386,-6.1559,-0.16662,-0.0037778,0.048976,-0.059286
15.571,-4.0304,-0.17313,-0.0034011,0.049962,-0.048764,15.465,-6.1878,-0.16562,-0.0034011,0.049962,-0.048764
15.627,-4.0605,-0.17112,-0.0030889,0.051112,-0.038286,15.545,-6.2189,-0.16448,-0.0030889,0.051112,-0.038286
15.684,-4.0899,-0.16879,-0.0021068,0.052201,-0.02775,15.624,-6.2491,-0.16405,-0.0021068,0.052201,-0.02775
15.742,-4.1181,-0.16706,-0.00071005,0.052912,-0.017496,15.704,-6.2778,-0.16542,-0.00071005,0.052912,-0.017496
15.801,-4.1447,-0.1644,0.0017091,0.053454,-0.0074929,15.784,-6.3046,-0.16776,0.0017091,0.053454,-0.0074929
15.862,-4.1688,-0.16185,0.0043129,0.053701,0.0016442,15.865,-6.3288,-0.171,0.0043129,0.053701,0.0016442
15.927,-4.1896,-0.16009,0.0067151,0.053597,0.0094147,15.945,-6.3494,-0.1742,0.0067151,0.053597,0.0094147
15.994,-4.2052,-0.15857,0.0089838,0.053115,0.015081,16.024,-6.3649,-0.17774,0.0089838,0.053115,0.015081
16.066,-4.2152,-0.15745,0.011719,0.052292,0.018628,16.103,-6.3747,-0.18233,0.011719,0.052292,0.018628
16.141,-4.2198,-0.15681,0.014458,0.050955,0.020197,16.182,-6.3792,-0.18779,0.014458,0.050955,0.020197
16.22,-4.2209,-0.15666,0.017611,0.049305,0.02063,16.262,-6.3801,-0.19429,0.017611,0.049305,0.02063
16.3,-4.22,-0.1574,0.019735,0.047468,0.020214,16.342,-6.3791,-0.20021,0.019735,0.047468,0.020214
16.382,-4.218,-0.16036,0.020729,0.045584,0.019382,16.422,-6.3772,-0.20495,0.020729,0.045584,0.019382
16.466,-4.2146,-0.1652,0.020344,0.043427,0.017968,16.503,-6.3738,-0.2091,0.020344,0.043427,0.017968
16.551,-4.2097,-0.17128,0.018832,0.041325,0.015921,16.583,-6.369,-0.21202,0.018832,0.041325,0.015921
16.637,-4.2037,-0.17801,0.01637,0.039534,0.013518,16.664,-6.3632,-0.21328,0.01637,0.039534,0.013518
16.723,-4.1969,-0.18323,0.01395,0.038333,0.011185,16.746,-6.3566,-0.21351,0.01395,0.038333,0.011185
16.808,-4.1913,-0.18822,0.010866,0.037663,0.0094733,16.828,-6.3511,-0.21164,0.010866,0.037663,0.0094733
16.893,-4.187,-0.19206,0.0076146,0.037403,0.0084438,16.91,-6.3469,-0.20871,0.0076146,0.037403,0.0084438
16.977,-4.1843,-0.19547,0.0041392,0.037572,0.0079881,16.993,-6.3442,-0.20446,0.0041392,0.037572,0.0079881
17.061,-4.1816,-0.1985,-2.7209e-05,0.038184,0.0074426,17.077,-6.3415,-0.19855,-2.7209e-05,0.038184,0.0074426
17.144,-4.1784,-0.19957,-0.003488,0.039478,0.00694,17.16,-6.3384,-0.1922,-0.003488,0.039478,0.00694
17.227,-4.1762,-0.19913,-0.006108,0.041278,0.0068394,17.242,-6.3361,-0.18595,-0.006108,0.041278,0.0068394
17.309,-4.1747,-0.19648,-0.0080996,0.043768,0.0069637,17.325,-6.3346,-0.1792,-0.0080996,0.043768,0.0069637
17.39,-4.1733,-0.19178,-0.0088164,0.046852,0.0070342,17.407,-6.3331,-0.17277,-0.0088164,0.046852,0.0070342
17.472,-4.1724,-0.18591,-0.0090968,0.050284,0.0070508,17.489,-6.3322,-0.16638,-0.0090968,0.050284,0.0070508
17.554,-4.1715,-0.17904,-0.0084461,0.053723,0.0070629,17.571,-6.3313,-0.16069,-0.0084461,0.053723,0.0070629
17.636,-4.1713,-0.17217,-0.0080022,0.057098,0.0070863,17.653,-6.3312,-0.1553,-0.0080022,0.057098,0.0070863
17.719,-4.1714,-0.16595,-0.0076463,0.060293,0.0072401,17.736,-6.3313,-0.14934,-0.0076463,0.060293,0.0072401
17.801,-4.1715,-0.15948,-0.0071519,0.063311,0.0075679,17.819,-6.3314,-0.14419,-0.0071519,0.063311,0.0075679
17.884,-4.1724,-0.15322,-0.0064286,0.066266,0.0081789,17.902,-6.3322,-0.1391,-0.0064286,0.066266,0.0081789
17.965,-4.173,-0.14687,-0.0056615,0.069034,0.0086989,17.985,-6.3329,-0.13479,-0.0056615,0.069034,0.0086989
18.048,-4.1735,-0.14087,-0.0047034,0.071619,0.0091941,18.069,-6.3333,-0.13072,-0.0047034,0.071619,0.0091941
18.131,-4.1742,-0.13532,-0.0039085,0.074003,0.0096882,18.152,-6.334,-0.12704,-0.0039085,0.074003,0.0096882
18.214,-4.1746,-0.13057,-0.0030266,0.07621,0.010037,18.237,-6.3344,-0.12384,-0.0030266,0.07621,0.010037
18.298,-4.1744,-0.12575,-0.0018936,0.078177,0.010228,18.32,-6.3343,-0.12172,-0.0018936,0.078177,0.010228
18.382,-4.1746,-0.12149,-0.00071454,0.080106,0.010604,18.404,-6.3345,-0.11955,-0.00071454,0.080106,0.010604
18.464,-4.1748,-0.11704,0.00059871,0.081746,0.010962,18.488,-6.3347,-0.11842,0.00059871,0.081746,0.010962
18.547,-4.175,-0.11499,0.00048153,0.083137,0.011098,18.572,-6.3349,-0.11603,0.00048153,0.083137,0.011098
18.631,-4.1744,-0.11253,0.00092501,0.084382,0.011274,18.655,-6.3343,-0.11447,0.00092501,0.084382,0.011274
18.714,-4.1736,-0.11057,0.0012629,0.08549,0.011335,18.738,-6.3335,-0.11344,0.0012629,0.08549,0.011335
18.797,-4.173,-0.10953,0.0015087,0.086465,0.011335,18.822,-6.3329,-0.11256,0.0015087,0.086465,0.011335
18.881,-4.172,-0.10822,0.0018147,0.087356,0.011277,18.905,-6.3319,-0.11238,0.0018147,0.087356,0.011277
18.964,-4.1715,-0.10829,0.00097798,0.088195,0.011184,18.988,-6.3313,-0.11029,0.00097798,0.088195,0.011184
19.046,-4.1707,-0.10778,0.00049983,0.088994,0.011347,19.071,-6.3306,-0.10882,0.00049983,0.088994,0.011347
19.128,-4.1696,-0.10772,-0.00017286,0.08959,0.011345,19.153,-6.3295,-0.10748,-0.00017286,0.08959,0.011345
19.21,-4.1683,-0.10766,-0.00043879,0.089972,0.011407,19.235,-6.3282,-0.10681,-0.00043879,0.089972,0.011407
19.292,-4.1666,-0.10803,-0.00080546,0.090199,0.011181,19.317,-6.3265,-0.10619,-0.00080546,0.090199,0.011181
19.374,-4.1652,-0.10784,-0.00073312,0.090307,0.011089,19.398,-6.3251,-0.10629,-0.00073312,0.090307,0.011089
19.456,-4.1643,-0.10802,-0.00087469,0.090448,0.011043,19.479,-6.3242,-0.10599,-0.00087469,0.090448,0.011043
19.537,-4.1637,-0.10809,-0.0010054,0.090455,0.011041,19.561,-6.3236,-0.10589,-0.0010054,0.090455,0.011041
19.617,-4.163,-0.10778,-0.0011481,0.090523,0.01105,19.641,-6.3228,-0.10543,-0.0011481,0.090523,0.01105
19.698,-4.1622,-0.10754,-0.0012896,0.090582,0.01102,19.721,-6.3221,-0.10469,-0.0012896,0.090582,0.01102
19.778,-4.1605,-0.10648,-0.00076635,0.090505,0.010891,19.801,-6.3204,-0.10497,-0.00076635,0.090505,0.010891
19.858,-4.159,-0.10567,-0.00032499,0.090269,0.010687,19.881,-6.3189,-0.10489,-0.00032499,0.090269,0.010687
19.938,-4.1579,-0.10461,0.00028291,0.08982,0.010717,19.961,-6.3178,-0.10536,0.00028291,0.08982,0.010717
20.018,-4.1574,-0.10484,0.00058226,0.089061,0.01085,20.042,-6.3173,-0.10612,0.00058226,0.089061,0.01085
20.098,-4.1572,-0.1056,0.00084407,0.088093,0.011084,20.122,-6.317,-0.10747,0.00084407,0.088093,0.011084
20.178,-4.1566,-0.10725,0.00077683,0.0869,0.011107,20.202,-6.3165,-0.10893,0.00077683,0.0869,0.011107
20.258,-4.1563,-0.10958,0.00071675,0.085381,0.011304,20.282,-6.3162,-0.11126,0.00071675,0.085381,0.011304
20.338,-4.1557,-0.11362,-0.00012147,0.083631,0.011312,20.363,-6.3156,-0.11323,-0.00012147,0.083631,0.011312
20.419,-4.1546,-0.11776,-0.00079586,0.081594,0.011265,20.443,-6.3145,-0.11583,-0.00079586,0.081594,0.011265
20.499,-4.1528,-0.12182,-0.0012272,0.079404,0.011052,20.523,-6.3126,-0.1191,-0.0012272,0.079404,0.011052
20.58,-4.151,-0.1253,-0.00094783,0.077045,0.01095,20.604,-6.3108,-0.12328,-0.00094783,0.077045,0.01095
20.66,-4.1499,-0.12958,-0.0011497,0.07461,0.010821,20.684,-6.3097,-0.12721,-0.0011497,0.07461,0.010821
20.741,-4.1489,-0.13457,-0.0013734,0.072072,0.010742,20.764,-6.3087,-0.13151,-0.0013734,0.072072,0.010742
20.821,-4.1475,-0.13956,-0.0015356,0.069662,0.010534,20.845,-6.3074,-0.13627,-0.0015356,0.069662,0.010534
20.902,-4.1459,-0.14509,-0.0017718,0.067365,0.010186,20.924,-6.3058,-0.14137,-0.0017718,0.067365,0.010186
20.982,-4.1444,-0.15081,-0.001969,0.065116,0.009866,21.004,-6.3043,-0.14659,-0.001969,0.065116,0.009866
21.062,-4.1427,-0.15655,-0.0024414,0.062963,0.0094655,21.083,-6.3026,-0.15124,-0.0024414,0.062963,0.0094655
21.141,-4.1413,-0.16142,-0.0024352,0.060809,0.0093786,21.162,-6.3012,-0.15623,-0.0024352,0.060809,0.0093786
21.221,-4.1403,-0.16574,-0.0021686,0.05863,0.0092678,21.242,-6.3002,-0.16107,-0.0021686,0.05863,0.0092678
21.301,-4.1391,-0.16982,-0.001879,0.056446,0.0090572,21.321,-6.299,-0.16588,-0.001879,0.056446,0.0090572
21.381,-4.1379,-0.17429,-0.001944,0.054378,0.0087384,21.4,-6.2978,-0.17002,-0.001944,0.054378,0.0087384
21.46,-4.1369,-0.17908,-0.0021652,0.052314,0.0086316,21.479,-6.2968,-0.17433,-0.0021652,0.052314,0.0086316
21.54,-4.1361,-0.18338,-0.0022559,0.05048,0.0086782,21.559,-6.296,-0.17854,-0.0022559,0.05048,0.0086782
21.619,-4.1356,-0.18722,-0.0022362,0.048863,0.0088594,21.638,-6.2956,-0.18223,-0.0022362,0.048863,0.0088594
21.698,-4.1351,-0.18999,-0.0019401,0.047546,0.0089422,21.718,-6.295,-0.18584,-0.0019401,0.047546,0.0089422
21.777,-4.1342,-0.19145,-0.00080493,0.04643,0.0089723,21.797,-6.2941,-0.18963,-0.00080493,0.04643,0.0089723
21.856,-4.1339,-0.19184,0.0002814,0.045609,0.0090011,21.876,-6.2938,-0.19254,0.0002814,0.045609,0.0090011
21.936,-4.1336,-0.19174,0.0013806,0.045067,0.0089987,21.955,-6.2935,-0.19471,0.0013806,0.045067,0.0089987
22.015,-4.1336,-0.19105,0.0024302,0.044719,0.0090799,22.034,-6.2935,-0.19635,0.0024302,0.044719,0.0090799
22.095,-4.1337,-0.19032,0.0032437,0.044543,0.0092617,22.114,-6.2936,-0.19736,0.0032437,0.044543,0.0092617
22.175,-4.1333,-0.18932,0.0041133,0.04443,0.0092806,22.194,-6.2932,-0.19817,0.0041133,0.04443,0.0092806
22.255,-4.1326,-0.18832,0.0047912,0.044518,0.0091542,22.274,-6.2925,-0.19867,0.0047912,0.044518,0.0091542
22.335,-4.132,-0.1864,0.0057532,0.044773,0.0091971,22.354,-6.2919,-0.1989,0.0057532,0.044773,0.0091971
22.416,-4.1312,-0.18368,0.0067299,0.045303,0.0090657,22.434,-6.2911,-0.19817,0.0067299,0.045303,0.0090657
22.496,-4.1304,-0.18066,0.0074237,0.045937,0.0089398,22.515,-6.2903,-0.19663,0.0074237,0.045937,0.0089398
22.577,-4.1298,-0.17786,0.0076635,0.046729,0.0088076,22.595,-6.2896,-0.19428,0.0076635,0.046729,0.0088076
22.659,-4.129,-0.17479,0.0078081,0.047558,0.0086743,22.677,-6.2889,-0.19162,0.0078081,0.047558,0.0086743
22.74,-4.1283,-0.17184,0.0076205,0.048496,0.0085707,22.758,-6.2881,-0.18848,0.0076205,0.048496,0.0085707
22.822,-4.127,-0.16941,0.0072451,0.049483,0.0083147,22.839,-6.2869,-0.18481,0.0072451,0.049483,0.0083147
22.905,-4.1252,-0.16786,0.0058706,0.050493,0.0077995,22.921,-6.2851,-0.1806,0.0058706,0.050493,0.0077995
22.987,-4.1231,-0.16619,0.0045755,0.051742,0.0073019,23.002,-6.283,-0.17596,0.0045755,0.051742,0.0073019
23.07,-4.1212,-0.16419,0.0030663,0.053197,0.0069616,23.084,-6.2811,-0.17092,0.0030663,0.053197,0.0069616
23.152,-4.1195,-0.16207,0.0016052,0.054905,0.0067322,23.167,-6.2795,-0.1656,0.0016052,0.054905,0.0067322
23.235,-4.118,-0.15977,0.00029416,0.056683,0.0065275,23.249,-6.2779,-0.16055,0.00029416,0.056683,0.0065275
23.318,-4.1167,-0.15787,-0.0013892,0.058542,0.0063287,23.331,-6.2767,-0.15489,-0.0013892,0.058542,0.0063287
23.4,-4.1155,-0.1554,-0.0025008,0.060379,0.0063716,23.414,-6.2754,-0.15012,-0.0025008,0.060379,0.0063716
23.483,-4.1142,-0.15358,-0.0036965,0.062117,0.006204,23.497,-6.2741,-0.14561,-0.0036965,0.062117,0.006204
23.566,-4.1128,-0.15248,-0.0049999,0.06366,0.0060616,23.58,-6.2727,-0.14178,-0.0049999,0.06366,0.0060616
23.649,-4.1115,-0.1509,-0.0057073,0.065212,0.0059822,23.663,-6.2714,-0.1387,-0.0057073,0.065212,0.0059822
23.732,-4.1106,-0.14928,-0.0061288,0.066787,0.0059921,23.746,-6.2705,-0.13585,-0.0061288,0.066787,0.0059921
23.814,-4.1097,-0.14669,-0.0061146,0.068452,0.0060074,23.829,-6.2696,-0.13364,-0.0061146,0.068452,0.0060074
23.897,-4.1091,-0.14375,-0.0057765,0.070196,0.0060924,23.911,-6.269,-0.1313,-0.0057765,0.070196,0.0060924
23.98,-4.1087,-0.14056,-0.0051949,0.071852,0.0061498,23.994,-6.2686,-0.1294,-0.0051949,0.071852,0.0061498
24.062,-4.1077,-0.13646,-0.0038386,0.073423,0.0059586,24.076,-6.2676,-0.12817,-0.0038386,0.073423,0.0059586
24.146,-4.1066,-0.13239,-0.0023501,0.074819,0.0056312,24.158,-6.2666,-0.12731,-0.0023501,0.074819,0.0056312
24.228,-4.1056,-0.12893,-0.0011273,0.076032,0.0053327,24.24,-6.2656,-0.12647,-0.0011273,0.076032,0.0053327
24.31,-4.1053,-0.12551,0.00026034,0.07703,0.0054264,24.322,-6.2653,-0.12629,0.00026034,0.07703,0.0054264
24.392,-4.1056,-0.12371,0.00092789,0.07772,0.0055055,24.405,-6.2655,-0.1257,0.00092789,0.07772,0.0055055
24.474,-4.1058,-0.12201,0.0019158,0.07802,0.0057454,24.486,-6.2658,-0.12613,0.0019158,0.07802,0.0057454
24.556,-4.1056,-0.12102,0.0025841,0.078099,0.0057019,24.569,-6.2656,-0.12651,0.0025841,0.078099,0.0057019
24.639,-4.1054,-0.1203,0.0031767,0.077966,0.0056883,24.651,-6.2653,-0.12706,0.0031767,0.077966,0.0056883
24.721,-4.105,-0.11903,0.0039216,0.077985,0.0056857,24.733,-6.265,-0.12763,0.0039216,0.077985,0.0056857
24.802,-4.1048,-0.11814,0.0042469,0.078164,0.0056322,24.814,-6.2647,-0.12727,0.0042469,0.078164,0.0056322
24.884,-4.1048,-0.11735,0.0041446,0.078444,0.0057598,24.895,-6.2647,-0.12652,0.0041446,0.078444,0.0057598
24.965,-4.1044,-0.11739,0.0036945,0.078722,0.005822,24.977,-6.2643,-0.12523,0.0036945,0.078722,0.005822
25.045,-4.104,-0.11743,0.0033112,0.07887,0.0060029,25.058,-6.2639,-0.12457,0.0033112,0.07887,0.0060029
25.126,-4.104,-0.11786,0.0028279,0.078973,0.0062555,25.139,-6.2639,-0.12387,0.0028279,0.078973,0.0062555
25.206,-4.1041,-0.11854,0.0021949,0.078934,0.0065351,25.22,-6.264,-0.12346,0.0021949,0.078934,0.0065351
25.287,-4.104,-0.12049,0.00092754,0.078729,0.0066523,25.301,-6.264,-0.12235,0.00092754,0.078729,0.0066523
25.367,-4.1028,-0.12157,0.0004909,0.078379,0.0065839,25.381,-6.2628,-0.12281,0.0004909,0.078379,0.0065839
25.448,-4.1017,-0.12362,-0.00055027,0.078079,0.0063039,25.462,-6.2616,-0.12237,-0.00055027,0.078079,0.0063039
25.528,-4.1004,-0.12594,-0.0017993,0.077717,0.0061083,25.542,-6.2604,-0.1222,-0.0017993,0.077717,0.0061083
25.609,-4.0988,-0.1287,-0.0031741,0.077277,0.0058893,25.622,-6.2588,-0.1217,-0.0031741,0.077277,0.0058893
25.689,-4.0981,-0.13166,-0.0044698,0.076588,0.005999,25.702,-6.258,-0.12197,-0.0044698,0.076588,0.005999
25.769,-4.0973,-0.13481,-0.005728,0.075818,0.0060564,25.783,-6.2572,-0.12243,-0.005728,0.075818,0.0060564
25.85,-4.0965,-0.13759,-0.0063825,0.074838,0.0061189,25.864,-6.2564,-0.12386,-0.0063825,0.074838,0.0061189
25.93,-4.0961,-0.14109,-0.007314,0.07366,0.0063084,25.945,-6.256,-0.1253,-0.007314,0.07366,0.0063084
26.011,-4.0958,-0.14423,-0.0079428,0.072347,0.0065519,26.026,-6.2557,-0.12725,-0.0079428,0.072347,0.0065519
26.091,-4.0953,-0.14777,-0.0086924,0.070964,0.0066664,26.107,-6.2551,-0.12901,-0.0086924,0.070964,0.0066664
26.172,-4.0941,-0.15026,-0.0086699,0.069599,0.0066024,26.187,-6.2539,-0.13157,-0.0086699,0.069599,0.0066024
26.252,-4.0932,-0.15264,-0.0085847,0.068197,0.0065338,26.268,-6.253,-0.13419,-0.0085847,0.068197,0.0065338
26.333,-4.0927,-0.15449,-0.0079504,0.066991,0.0066325,26.349,-6.2526,-0.13732,-0.0079504,0.066991,0.0066325
26.413,-4.0928,-0.15547,-0.0068201,0.065971,0.0068003,26.429,-6.2527,-0.14079,-0.0068201,0.065971,0.0068003
26.494,-4.0927,-0.15586,-0.0052794,0.065183,0.0068246,26.51,-6.2526,-0.14443,-0.0052794,0.065183,0.0068246
26.574,-4.0926,-0.15597,-0.0037406,0.064531,0.0067884,26.589,-6.2525,-0.14774,-0.0037406,0.064531,0.0067884
26.654,-4.0922,-0.15494,-0.0019045,0.064209,0.0066394,26.669,-6.2521,-0.15081,-0.0019045,0.064209,0.0066394
26.734,-4.0926,-0.15364,-6.0469e-05,0.064025,0.006688,26.748,-6.2525,-0.15348,-6.0469e-05,0.064025,0.006688
26.813,-4.093,-0.15261,0.0013874,0.06394,0.0067914,26.828,-6.253,-0.15551,0.0013874,0.06394,0.0067914
26.893,-4.0935,-0.15162,0.0027422,0.063812,0.0068946,26.908,-6.2535,-0.1574,0.0027422,0.063812,0.0068946
26.974,-4.0933,-0.15087,0.003587,0.063754,0.0067289,26.988,-6.2532,-0.15857,0.003587,0.063754,0.0067289
27.054,-4.0926,-0.1488,0.0048553,0.063902,0.0065316,27.067,-6.2525,-0.15926,0.0048553,0.063902,0.0065316
27.134,-4.0924,-0.14618,0.0058969,0.064295,0.0066219,27.147,-6.2524,-0.15889,0.0058969,0.064295,0.0066219
27.214,-4.0929,-0.14419,0.0063609,0.064708,0.0068377,27.228,-6.2528,-0.15784,0.0063609,0.064708,0.0068377
27.293,-4.0931,-0.14231,0.0066115,0.064965,0.0070897,27.308,-6.253,-0.15678,0.0066115,0.064965,0.0070897
27.374,-4.0934,-0.1416,0.0065155,0.064995,0.0073544,27.389,-6.2533,-0.15595,0.0065155,0.064995,0.0073544
27.455,-4.0938,-0.14224,0.0061047,0.064603,0.0077346,27.47,-6.2537,-0.15545,0.0061047,0.064603,0.0077346
27.536,-4.0936,-0.1433,0.0057418,0.064044,0.0079074,27.552,-6.2535,-0.15587,0.0057418,0.064044,0.0079074
27.617,-4.093,-0.1447,0.0055946,0.06335,0.0079121,27.634,-6.2529,-0.15672,0.0055946,0.06335,0.0079121
27.699,-4.0927,-0.14639,0.005141,0.062639,0.0078781,27.715,-6.2526,-0.15758,0.005141,0.062639,0.0078781
27.781,-4.0915,-0.14835,0.0046605,0.06186,0.0076634,27.797,-6.2514,-0.15829,0.0046605,0.06186,0.0076634
27.863,-4.0899,-0.15013,0.0040937,0.061122,0.0074304,27.878,-6.2498,-0.15909,0.0040937,0.061122,0.0074304
27.944,-4.0886,-0.15289,0.0029654,0.060382,0.0072312,27.959,-6.2486,-0.15915,0.0029654,0.060382,0.0072312
28.026,-4.0874,-0.15572,0.0015067,0.059675,0.0071676,28.041,-6.2473,-0.15917,0.0015067,0.059675,0.0071676
28.108,-4.0865,-0.15866,-0.00010984,0.059052,0.007215,28.123,-6.2465,-0.1584,-0.00010984,0.059052,0.007215
28.189,-4.0859,-0.16072,-0.0012782,0.058664,0.0074276,28.205,-6.2459,-0.15812,-0.0012782,0.058664,0.0074276
28.27,-4.0853,-0.1624,-0.0023604,0.05862,0.0075291,28.287,-6.2452,-0.15718,-0.0023604,0.05862,0.0075291
28.351,-4.0845,-0.16296,-0.0030475,0.058843,0.0074736,28.368,-6.2444,-0.15635,-0.0030475,0.058843,0.0074736
28.432,-4.0833,-0.16291,-0.0036435,0.059433,0.0072779,28.449,-6.2432,-0.15506,-0.0036435,0.059433,0.0072779
28.513,-4.0821,-0.16237,-0.0038815,0.060055,0.0072544,28.53,-6.242,-0.15389,-0.0038815,0.060055,0.0072544
28.594,-4.0814,-0.16177,-0.0042879,0.060787,0.0073459,28.611,-6.2414,-0.15245,-0.0042879,0.060787,0.0073459
28.675,-4.0815,-0.1614,-0.0051044,0.061556,0.0076207,28.692,-6.2414,-0.15019,-0.0051044,0.061556,0.0076207
28.756,-4.0812,-0.16001,-0.0054783,0.062544,0.007872,28.773,-6.2411,-0.14801,-0.0054783,0.062544,0.007872
28.836,-4.0808,-0.15678,-0.0042951,0.06347,0.0081315,28.854,-6.2407,-0.14747,-0.0042951,0.06347,0.0081315
28.917,-4.0812,-0.15402,-0.0031518,0.064225,0.0083825,28.935,-6.2411,-0.14715,-0.0031518,0.064225,0.0083825
28.997,-4.0819,-0.1516,-0.0017226,0.064612,0.0086616,29.016,-6.2418,-0.14783,-0.0017226,0.064612,0.0086616
29.079,-4.0821,-0.14961,-0.00017796,0.064768,0.0087507,29.098,-6.242,-0.14921,-0.00017796,0.064768,0.0087507
29.16,-4.0824,-0.14792,0.001413,0.064763,0.0089698,29.179,-6.2423,-0.15082,0.001413,0.064763,0.0089698
29.241,-4.0823,-0.1464,0.0028066,0.064712,0.0090514,29.261,-6.2422,-0.15257,0.0028066,0.064712,0.0090514
29.323,-4.082,-0.14516,0.0039997,0.064694,0.0090106,29.342,-6.2419,-0.15393,0.0039997,0.064694,0.0090106
29.404,-4.082,-0.14437,0.0047738,0.064697,0.0090903,29.423,-6.2418,-0.15457,0.0047738,0.064697,0.0090903
29.486,-4.0819,-0.14295,0.0058727,0.064738,0.0092927,29.505,-6.2417,-0.15563,0.0058727,0.064738,0.0092927
29.567,-4.0826,-0.14259,0.0058227,0.064868,0.0095311,29.586,-6.2424,-0.15514,0.0058227,0.064868,0.0095311
29.648,-4.0822,-0.14236,0.0056073,0.065111,0.0094988,29.667,-6.2421,-0.1544,0.0056073,0.065111,0.0094988
29.729,-4.0816,-0.14245,0.0049404,0.065367,0.0093235,29.748,-6.2415,-0.15311,0.0049404,0.065367,0.0093235
29.811,-4.0799,-0.14289,0.0038773,0.065689,0.0088967,29.829,-6.2398,-0.15124,0.0038773,0.065689,0.0088967
29.893,-4.0777,-0.14316,0.0026788,0.066024,0.0084086,29.91,-6.2376,-0.14909,0.0026788,0.066024,0.0084086
29.973,-4.076,-0.14352,0.0013338,0.066404,0.0081952,29.991,-6.2359,-0.14646,0.0013338,0.066404,0.0081952
30.055,-4.0748,-0.14333,0.00058391,0.066719,0.0081984,30.072,-6.2347,-0.14467,0.00058391,0.066719,0.0081984
30.135,-4.0739,-0.14322,-0.00010805,0.066939,0.0081505,30.153,-6.2338,-0.14318,-0.00010805,0.066939,0.0081505
30.216,-4.0729,-0.14349,-0.00081683,0.06717,0.0080802,30.234,-6.2329,-0.14172,-0.00081683,0.06717,0.0080802
30.298,-4.0718,-0.14336,-0.0013876,0.067513,0.007899,30.315,-6.2317,-0.14033,-0.0013876,0.067513,0.007899
30.379,-4.0706,-0.14235,-0.0016834,0.067965,0.0077337,30.396,-6.2306,-0.1388,-0.0016834,0.067965,0.0077337
30.46,-4.0698,-0.14208,-0.0024779,0.06828,0.0076495,30.477,-6.2297,-0.13682,-0.0024779,0.06828,0.0076495
30.541,-4.0683,-0.14232,-0.0033927,0.068384,0.0073488,30.557,-6.2283,-0.13496,-0.0033927,0.068384,0.0073488
30.622,-4.067,-0.14262,-0.0040002,0.068212,0.0072444,30.638,-6.2269,-0.13406,-0.0040002,0.068212,0.0072444
30.703,-4.0662,-0.14279,-0.0044434,0.068096,0.0072474,30.72,-6.2261,-0.13313,-0.0044434,0.068096,0.0072474
30.784,-4.0657,-0.14262,-0.0045902,0.067879,0.0073807,30.801,-6.2257,-0.1327,-0.0045902,0.067879,0.0073807
30.865,-4.0658,-0.14276,-0.0049914,0.067831,0.007693,30.882,-6.2257,-0.13209,-0.0049914,0.067831,0.007693
30.946,-4.0658,-0.14347,-0.0055507,0.06782,0.0079587,30.963,-6.2257,-0.1314,-0.0055507,0.06782,0.0079587
31.026,-4.0653,-0.14383,-0.0061324,0.068004,0.0081236,31.045,-6.2252,-0.13092,-0.0061324,0.068004,0.0081236
31.106,-4.0646,-0.14434,-0.0064848,0.068261,0.0082942,31.125,-6.2244,-0.13021,-0.0064848,0.068261,0.0082942
31.186,-4.064,-0.1442,-0.006648,0.068449,0.0085403,31.206,-6.2238,-0.13012,-0.006648,0.068449,0.0085403
31.266,-4.0638,-0.14435,-0.0067345,0.068561,0.0089114,31.286,-6.2236,-0.12965,-0.0067345,0.068561,0.0089114
31.346,-4.0634,-0.14335,-0.0063044,0.068604,0.009116,31.367,-6.2232,-0.12993,-0.0063044,0.068604,0.009116
31.428,-4.0627,-0.14216,-0.0054629,0.068661,0.0090668,31.448,-6.2226,-0.13035,-0.0054629,0.068661,0.0090668
31.508,-4.0623,-0.14084,-0.0045186,0.068596,0.0090647,31.528,-6.2222,-0.13122,-0.0045186,0.068596,0.0090647
31.589,-4.0617,-0.14049,-0.0041656,0.068583,0.00878,31.609,-6.2216,-0.13142,-0.0041656,0.068583,0.00878
31.671,-4.06,-0.14028,-0.003967,0.068516,0.0083471,31.689,-6.22,-0.13194,-0.003967,0.068516,0.0083471
31.752,-4.0588,-0.1403,-0.0039942,0.068471,0.008077,31.77,-6.2187,-0.13164,-0.0039942,0.068471,0.008077
31.833,-4.0572,-0.13975,-0.0036585,0.068501,0.0078357,31.851,-6.2171,-0.13178,-0.0036585,0.068501,0.0078357
31.914,-4.0564,-0.13883,-0.0029774,0.068656,0.007742,31.931,-6.2163,-0.13209,-0.0029774,0.068656,0.007742
31.995,-4.0559,-0.13699,-0.0017123,0.06872,0.0077782,32.012,-6.2158,-0.13323,-0.0017123,0.06872,0.0077782
32.075,-4.0563,-0.13571,-0.0010326,0.068815,0.0080006,32.093,-6.2163,-0.13371,-0.0010326,0.068815,0.0080006
32.156,-4.0565,-0.13516,-0.00034928,0.068883,0.0081839,32.174,-6.2164,-0.13425,-0.00034928,0.068883,0.0081839
32.238,-4.0557,-0.13587,-0.00064547,0.06887,0.0078259,32.254,-6.2156,-0.13451,-0.00064547,0.06887,0.0078259
32.319,-4.0533,-0.13669,-0.00078841,0.069023,0.0070289,32.334,-6.2132,-0.13503,-0.00078841,0.069023,0.0070289
32.401,-4.051,-0.13746,-0.001024,0.069219,0.0064017,32.415,-6.2109,-0.13532,-0.001024,0.069219,0.0064017
32.482,-4.0495,-0.13875,-0.0017395,0.06961,0.0061254,32.495,-6.2095,-0.13464,-0.0017395,0.06961,0.0061254
32.562,-4.0485,-0.13861,-0.001969,0.070047,0.0061344,32.576,-6.2085,-0.13447,-0.001969,0.070047,0.0061344
32.643,-4.0482,-0.13951,-0.0030454,0.070609,0.0061612,32.656,-6.2082,-0.13286,-0.0030454,0.070609,0.0061612
32.723,-4.0477,-0.13987,-0.0037358,0.070962,0.0062642,32.737,-6.2077,-0.13201,-0.0037358,0.070962,0.0062642
32.804,-4.0469,-0.14077,-0.0046164,0.071222,0.0062847,32.818,-6.2068,-0.1308,-0.0046164,0.071222,0.0062847
32.885,-4.0466,-0.14225,-0.005904,0.071225,0.0064704,32.9,-6.2065,-0.13001,-0.005904,0.071225,0.0064704
32.966,-4.0461,-0.14449,-0.0072008,0.070988,0.0066576,32.981,-6.206,-0.12887,-0.0072008,0.070988,0.0066576
33.047,-4.0456,-0.14556,-0.0079736,0.070661,0.0069415,33.063,-6.2055,-0.12831,-0.0079736,0.070661,0.0069415
33.128,-4.0448,-0.14595,-0.008357,0.070282,0.0071131,33.145,-6.2047,-0.12814,-0.008357,0.070282,0.0071131
33.21,-4.044,-0.14632,-0.0086039,0.069889,0.0071225,33.226,-6.2039,-0.12765,-0.0086039,0.069889,0.0071225
33.291,-4.0433,-0.14648,-0.0091731,0.06953,0.007058,33.308,-6.2032,-0.12692,-0.0091731,0.06953,0.007058
33.373,-4.0426,-0.14674,-0.009729,0.069281,0.0070191,33.39,-6.2024,-0.12567,-0.009729,0.069281,0.0070191
33.455,-4.0419,-0.14625,-0.0098879,0.069068,0.0071911,33.471,-6.2017,-0.12503,-0.0098879,0.069068,0.0071911
33.537,-4.041,-0.14568,-0.009702,0.068953,0.007243,33.553,-6.2008,-0.12446,-0.009702,0.068953,0.007243
33.617,-4.0399,-0.14459,-0.0092068,0.068764,0.0071671,33.634,-6.1998,-0.1246,-0.0092068,0.068764,0.0071671
33.698,-4.0397,-0.14364,-0.0085976,0.068517,0.0073719,33.715,-6.1996,-0.12514,-0.0085976,0.068517,0.0073719
33.778,-4.0402,-0.14315,-0.0080578,0.068127,0.0077665,33.796,-6.2001,-0.12575,-0.0080578,0.068127,0.0077665
33.859,-4.0402,-0.14338,-0.0079047,0.067696,0.0078133,33.877,-6.2,-0.12628,-0.0079047,0.067696,0.0078133
33.94,-4.0394,-0.14334,-0.0076193,0.067277,0.0076122,33.957,-6.1992,-0.12686,-0.0076193,0.067277,0.0076122
34.021,-4.038,-0.14319,-0.007269,0.066954,0.0072596,34.038,-6.1979,-0.12743,-0.007269,0.066954,0.0072596
34.102,-4.0366,-0.14322,-0.0069007,0.066515,0.0069052,34.117,-6.1965,-0.12822,-0.0069007,0.066515,0.0069052
34.183,-4.0347,-0.14298,-0.0060111,0.065911,0.0064673,34.197,-6.1946,-0.12998,-0.0060111,0.065911,0.0064673
34.263,-4.0332,-0.14304,-0.0049751,0.065083,0.0060805,34.277,-6.1931,-0.13224,-0.0049751,0.065083,0.0060805
34.344,-4.0328,-0.14368,-0.0040834,0.064145,0.006066,34.358,-6.1927,-0.13492,-0.0040834,0.064145,0.006066
34.424,-4.0329,-0.14434,-0.0031723,0.063234,0.0062562,34.438,-6.1929,-0.13751,-0.0031723,0.063234,0.0062562
34.504,-4.0332,-0.14499,-0.0022786,0.062462,0.0064351,34.519,-6.1932,-0.14012,-0.0022786,0.062462,0.0064351
34.584,-4.0331,-0.14606,-0.0017099,0.061868,0.0063977,34.598,-6.1931,-0.14229,-0.0017099,0.061868,0.0063977
34.664,-4.0328,-0.14678,-0.00087251,0.061292,0.0064478,34.678,-6.1928,-0.14479,-0.00087251,0.061292,0.0064478
34.744,-4.033,-0.14678,0.00028521,0.060816,0.0067097,34.758,-6.193,-0.14714,0.00028521,0.060816,0.0067097
34.824,-4.0331,-0.14662,0.0015721,0.060212,0.006878,34.838,-6.193,-0.14987,0.0015721,0.060212,0.006878
34.904,-4.0332,-0.14725,0.0023421,0.059606,0.0069791,34.918,-6.1932,-0.15222,0.0023421,0.059606,0.0069791
34.984,-4.0332,-0.1485,0.0027302,0.058937,0.0070528,34.998,-6.1931,-0.15433,0.0027302,0.058937,0.0070528
35.065,-4.0323,-0.1497,0.0032671,0.058411,0.0068588,35.079,-6.1922,-0.15634,0.0032671,0.058411,0.0068588
35.145,-4.0314,-0.15026,0.0037494,0.058005,0.0065646,35.159,-6.1914,-0.15826,0.0037494,0.058005,0.0065646
35.225,-4.0309,-0.15136,0.0034418,0.057793,0.0064295,35.239,-6.1908,-0.159,0.0034418,0.057793,0.0064295
35.305,-4.0309,-0.15324,0.0026977,0.057713,0.0067568,35.319,-6.1909,-0.15889,0.0026977,0.057713,0.0067568
35.385,-4.031,-0.15414,0.0021117,0.057817,0.0071345,35.4,-6.1909,-0.15876,0.0021117,0.057817,0.0071345
35.465,-4.0309,-0.15449,0.0016203,0.058187,0.0073422,35.48,-6.1908,-0.15797,0.0016203,0.058187,0.0073422
35.545,-4.0303,-0.15417,0.001238,0.058644,0.007453,35.561,-6.1902,-0.15695,0.001238,0.058644,0.007453
35.626,-4.03,-0.1539,0.00059713,0.059303,0.0075993,35.642,-6.1899,-0.15509,0.00059713,0.059303,0.0075993
