-0.00057272,1.08,0.00072331,0,-0.00055373,0,-0.00057272,-1.08,0.00072331,0,-0.00055373,0
-0.0014791,1.08,-0.0018752,5.0638e-05,-0.00018275,-2.0443e-05,-0.0015039,-1.08,-0.0019197,5.0638e-05,-0.00018272,-2.0443e-05
-0.0011096,1.0798,-0.0065098,0.00077859,-8.9067e-05,-0.00020923,-0.0013938,-1.0802,-0.0081861,0.00077859,-0.00013348,-0.00020923
0.00099008,1.0791,-0.013829,0.0012964,0.00019352,-0.00051617,-1.8041e-05,-1.0809,-0.016591,0.0012964,-0.00011246,-0.00051617
0.0036511,1.0787,-0.024456,0.0015551,0.0006578,-0.00063801,0.0023173,-1.0813,-0.027717,0.0015551,8.2813e-05,-0.00063801
0.0063292,1.0784,-0.037495,0.0018129,0.0012404,-0.00067329,0.0049604,-1.0816,-0.041397,0.0018129,0.00050384,-0.00067329
0.01013,1.0783,-0.05209,0.0017716,0.001884,-0.00068178,0.0087685,-1.0817,-0.055869,0.0017716,0.00087995,-0.00068178
0.014799,1.0783,-0.067762,0.0015457,0.0025414,-0.0007518,0.013287,-1.0817,-0.071052,0.0015457,0.0011597,-0.0007518
0.020008,1.0783,-0.083975,0.0012345,0.0031338,-0.00087826,0.018189,-1.0817,-0.086554,0.0012345,0.0012347,-0.00087826
0.025223,1.0783,-0.10017,0.00097075,0.0036261,-0.00096595,0.023207,-1.0817,-0.10221,0.00097075,0.0012586,-0.00096595
0.030169,1.0783,-0.11614,0.0007856,0.004109,-0.0009877,0.02813,-1.0817,-0.11778,0.0007856,0.0013778,-0.0009877
0.034972,1.0783,-0.13152,0.00070201,0.0045497,-0.0010068,0.032888,-1.0817,-0.13299,0.00070201,0.0015203,-0.0010068
0.039996,1.0782,-0.146,0.00067617,0.0049672,-0.001069,0.037739,-1.0818,-0.1474,0.00067617,0.0016667,-0.001069
0.045472,1.0781,-0.15931,0.00074138,0.0054577,-0.0011156,0.043081,-1.0819,-0.16088,0.00074138,0.0018981,-0.0011156
0.051451,1.078,-0.17144,0.00084917,0.0060448,-0.0011174,0.04907,-1.082,-0.17324,0.00084917,0.0022661,-0.0011174
0.058019,1.0779,-0.18232,0.0010094,0.0067168,-0.0011365,0.055602,-1.0821,-0.18448,0.0010094,0.0027642,-0.0011365
0.064881,1.0778,-0.19212,0.00116,0.0074591,-0.0011433,0.062435,-1.0822,-0.19459,0.00116,0.0033353,-0.0011433
0.071711,1.0778,-0.20104,0.0012766,0.0082594,-0.0011516,0.069214,-1.0822,-0.20377,0.0012766,0.0039406,-0.0011516
0.078187,1.0777,-0.2093,0.0013107,0.0091339,-0.0011667,0.075638,-1.0823,-0.21215,0.0013107,0.0045936,-0.0011667
0.0842,1.0777,-0.21721,0.0010881,0.010105,-0.0011824,0.081613,-1.0823,-0.21949,0.0010881,0.0053615,-0.0011824
0.089611,1.0778,-0.22449,0.00083733,0.011169,-0.0011768,0.087035,-1.0822,-0.22636,0.00083733,0.0062568,-0.0011768
0.094485,1.0781,-0.23137,0.00055392,0.01231,-0.001134,0.092006,-1.0819,-0.23255,0.00055392,0.0072614,-0.001134
0.098945,1.0784,-0.23766,0.00030628,0.013533,-0.0010806,0.096598,-1.0816,-0.23823,0.00030628,0.0083543,-0.0010806
0.10314,1.0786,-0.24279,0.00039231,0.014835,-0.00099842,0.10099,-1.0814,-0.24379,0.00039231,0.0095265,-0.00099842
0.1074,1.0785,-0.24779,0.00018543,0.016193,-0.0010309,0.10515,-1.0815,-0.24817,0.00018543,0.010788,-0.0010309
0.11121,1.0787,-0.25215,5.7695e-05,0.017577,-0.00095415,0.10914,-1.0813,-0.2523,5.7695e-05,0.012107,-0.00095415
0.11453,1.079,-0.2562,-6.4164e-05,0.018945,-0.00084338,0.11272,-1.081,-0.25607,-6.4164e-05,0.013437,-0.00084338
0.11735,1.0792,-0.25998,-0.00019812,0.02028,-0.00076395,0.11573,-1.0808,-0.25959,-0.00019812,0.014753,-0.00076395
0.11959,1.0794,-0.26359,-0.00030795,0.021582,-0.00070857,0.11812,-1.0806,-0.26293,-0.00030795,0.016078,-0.00070857
0.12124,1.0795,-0.26704,-0.00040299,0.022844,-0.00067215,0.11985,-1.0805,-0.26617,-0.00040299,0.017358,-0.00067215
0.12237,1.0796,-0.27036,-0.00048256,0.024071,-0.00062815,0.12106,-1.0804,-0.26926,-0.00048256,0.018592,-0.00062815
0.12315,1.0798,-0.27325,-0.00045234,0.025258,-0.00059371,0.12193,-1.0802,-0.27229,-0.00045234,0.019786,-0.00059371
0.12386,1.0798,-0.2759,-0.00043743,0.026406,-0.0005865,0.12265,-1.0802,-0.27495,-0.00043743,0.020938,-0.0005865
0.12456,1.0799,-0.27804,-0.00028384,0.027523,-0.00054882,0.12341,-1.0801,-0.27744,-0.00028384,0.022059,-0.00054882
0.12528,1.0798,-0.27983,-0.00011705,0.028606,-0.00050865,0.12418,-1.0802,-0.27957,-0.00011705,0.023155,-0.00050865
0.12596,1.0799,-0.2812,0.00011658,0.029638,-0.00044972,0.12496,-1.0801,-0.28145,0.00011658,0.024211,-0.00044972
0.12659,1.0799,-0.28222,0.00035902,0.030613,-0.00039457,0.12567,-1.0801,-0.28299,0.00035902,0.025223,-0.00039457
0.12713,1.0799,-0.28291,0.00062048,0.031579,-0.00033736,0.12626,-1.0801,-0.28424,0.00062048,0.026205,-0.00033736
0.12754,1.0798,-0.28331,0.00085252,0.032549,-0.00029176,0.12673,-1.0802,-0.28515,0.00085252,0.02718,-0.00029176
0.12789,1.0798,-0.28343,0.0010656,0.033524,-0.00026636,0.12712,-1.0802,-0.28572,0.0010656,0.028169,-0.00026636
0.12825,1.0797,-0.2832,0.0012717,0.034511,-0.00023948,0.12751,-1.0803,-0.28594,0.0012717,0.029177,-0.00023948
0.12867,1.0797,-0.28265,0.0014216,0.035522,-0.00021424,0.12796,-1.0803,-0.28571,0.0014216,0.030205,-0.00021424
0.12916,1.0797,-0.28179,0.0015244,0.036577,-0.0001886,0.12849,-1.0803,-0.28508,0.0015244,0.031261,-0.0001886
0.12968,1.0797,-0.28069,0.0015545,0.03768,-0.00015799,0.12907,-1.0802,-0.28403,0.0015545,0.032349,-0.00015799
0.13015,1.0798,-0.27933,0.0015303,0.038822,-0.00013784,0.1296,-1.0802,-0.28263,0.0015303,0.033462,-0.00013784
0.13051,1.0799,-0.27777,0.0014465,0.039988,-0.000127,0.13,-1.0801,-0.28089,0.0014465,0.034593,-0.000127
0.13065,1.08,-0.27605,0.0013079,0.041178,-0.00011823,0.13019,-1.08,-0.27886,0.0013079,0.035738,-0.00011823
0.13053,1.0801,-0.27417,0.0011165,0.042394,-0.00010848,0.13012,-1.0799,-0.27658,0.0011165,0.036897,-0.00010848
0.13011,1.0803,-0.27219,0.00086589,0.04363,-8.968e-05,0.12978,-1.0797,-0.27406,0.00086589,0.038073,-8.968e-05
0.12942,1.0805,-0.27007,0.00057969,0.044873,-6.9929e-05,0.12918,-1.0795,-0.27133,0.00057969,0.039261,-6.9929e-05
0.1285,1.0807,-0.2678,0.00027507,0.046112,-5.5369e-05,0.12834,-1.0793,-0.2684,0.00027507,0.040453,-5.5369e-05
0.12737,1.0809,-0.26536,-3.4721e-05,0.047338,-4.0196e-05,0.12729,-1.0791,-0.26529,-3.4721e-05,0.041641,-4.0196e-05
0.12602,1.0811,-0.26277,-0.00033605,0.048546,-2.3948e-05,0.12602,-1.0789,-0.26205,-0.00033605,0.042816,-2.3948e-05
0.12447,1.0813,-0.26002,-0.00061794,0.049726,-1.2276e-05,0.12453,-1.0787,-0.25869,-0.00061794,0.043967,-1.2276e-05
0.1227,1.0815,-0.25712,-0.00084244,0.050856,2.359e-05,0.12282,-1.0785,-0.25527,-0.00084244,0.045083,2.359e-05
0.12103,1.0818,-0.25287,-0.0003217,0.051627,9.2766e-05,0.12096,-1.0782,-0.25233,-0.0003217,0.046151,9.2766e-05
0.1189,1.0813,-0.24846,-3.7829e-06,0.052188,8.2954e-05,0.11907,-1.0787,-0.24838,-3.7829e-06,0.047186,8.2954e-05
0.11707,1.081,-0.24347,0.00047752,0.05282,5.774e-07,0.11689,-1.079,-0.24453,0.00047752,0.048171,5.774e-07
0.11498,1.0807,-0.23848,0.00088381,0.053487,-4.7533e-05,0.11467,-1.0793,-0.24038,0.00088381,0.049126,-4.7533e-05
0.11268,1.0806,-0.23341,0.0012719,0.054163,-2.8219e-05,0.11239,-1.0794,-0.23616,0.0012719,0.050047,-2.8219e-05
0.1103,1.0804,-0.22839,0.0015956,0.054837,-6.0053e-06,0.11006,-1.0796,-0.23183,0.0015956,0.050939,-6.0053e-06
0.10795,1.0803,-0.22347,0.0018613,0.055497,-2.3825e-05,0.10766,-1.0797,-0.22748,0.0018613,0.051803,-2.3825e-05
0.10563,1.0802,-0.21868,0.0020576,0.056143,-3.3878e-05,0.10531,-1.0798,-0.22312,0.0020576,0.05264,-3.3878e-05
0.10328,1.0801,-0.21442,0.0018402,0.056803,4.1274e-05,0.10312,-1.0799,-0.21841,0.0018402,0.053449,4.1274e-05
0.10101,1.0806,-0.21013,0.0017342,0.057475,0.00010785,0.10105,-1.0794,-0.21392,0.0017342,0.054228,0.00010785
0.09893,1.0806,-0.20625,0.0014679,0.058116,7.6142e-05,0.098935,-1.0794,-0.20942,0.0014679,0.054981,7.6142e-05
0.096912,1.0807,-0.20252,0.0012653,0.058729,4.8232e-05,0.096879,-1.0793,-0.20527,0.0012653,0.055706,4.8232e-05
0.094909,1.0808,-0.19912,0.0010435,0.059331,5.5165e-05,0.094915,-1.0792,-0.20138,0.0010435,0.056409,5.5165e-05
0.092958,1.081,-0.19602,0.00083979,0.059934,7.8329e-05,0.093027,-1.079,-0.19784,0.00083979,0.057093,7.8329e-05
0.091105,1.0811,-0.19325,0.00063226,0.060531,0.00010081,0.091243,-1.0789,-0.19462,0.00063226,0.057759,0.00010081
0.089414,1.0813,-0.19079,0.00043437,0.06111,0.00011208,0.089598,-1.0787,-0.19174,0.00043437,0.058409,0.00011208
0.08793,1.0814,-0.18866,0.00023969,0.06167,0.00012142,0.088146,-1.0786,-0.18919,0.00023969,0.059044,0.00012142
0.086663,1.0815,-0.18685,4.8901e-05,0.062222,0.00013297,0.08691,-1.0785,-0.18696,4.8901e-05,0.059666,0.00013297
0.085618,1.0817,-0.18535,-0.00013029,0.062775,0.00014478,0.085895,-1.0783,-0.18508,-0.00013029,0.060274,0.00014478
0.08478,1.0818,-0.18417,-0.00029906,0.063318,0.00015275,0.085086,-1.0782,-0.18353,-0.00029906,0.060868,0.00015275
0.084141,1.0819,-0.18329,-0.00043457,0.063847,0.00015827,0.084471,-1.0781,-0.18236,-0.00043457,0.061455,0.00015827
0.083692,1.082,-0.18272,-0.00054189,0.064365,0.0001577,0.084027,-1.078,-0.18156,-0.00054189,0.062035,0.0001577
0.083418,1.082,-0.18245,-0.00062213,0.064886,0.0001604,0.08376,-1.078,-0.1811,-0.00062213,0.062616,0.0001604
0.08332,1.0821,-0.18245,-0.00067319,0.065414,0.0001689,0.083683,-1.0779,-0.181,-0.00067319,0.0632,0.0001689
0.083419,1.0821,-0.18272,-0.00069873,0.065948,0.00017503,0.083798,-1.0779,-0.18121,-0.00069873,0.06379,0.00017503
0.083726,1.0822,-0.18322,-0.00069575,0.066487,0.00018291,0.084124,-1.0778,-0.18172,-0.00069575,0.064388,0.00018291
0.084275,1.0821,-0.18391,-0.00064353,0.067035,0.00017208,0.084645,-1.0779,-0.18252,-0.00064353,0.064994,0.00017208
0.085001,1.0821,-0.18481,-0.00057093,0.067597,0.00017579,0.085373,-1.0779,-0.18358,-0.00057093,0.065611,0.00017579
0.085892,1.0821,-0.18594,-0.00048948,0.068176,0.00018631,0.08628,-1.0779,-0.18488,-0.00048948,0.066238,0.00018631
0.086923,1.0821,-0.18729,-0.00040972,0.068768,0.0001953,0.087329,-1.0779,-0.1864,-0.00040972,0.066877,0.0001953
0.088076,1.0821,-0.18885,-0.0003277,0.069372,0.00020444,0.088499,-1.0779,-0.18814,-0.0003277,0.067531,0.00020444
0.089334,1.0821,-0.19061,-0.00024918,0.069992,0.00021639,0.089778,-1.0779,-0.19007,-0.00024918,0.068202,0.00021639
0.090686,1.0821,-0.19256,-0.00017421,0.070632,0.00023139,0.091157,-1.0779,-0.19218,-0.00017421,0.068893,0.00023139
0.092127,1.0821,-0.19467,-0.00010215,0.071291,0.00024926,0.092634,-1.0779,-0.19445,-0.00010215,0.069603,0.00024926
0.09365,1.0821,-0.19693,-3.1413e-05,0.071969,0.00026612,0.09419,-1.0779,-0.19686,-3.1413e-05,0.070334,0.00026612
0.095226,1.0822,-0.19932,3.8461e-05,0.072663,0.00028253,0.095798,-1.0778,-0.1994,3.8461e-05,0.071083,0.00028253
0.096834,1.0822,-0.20183,0.00010816,0.073374,0.00029699,0.097432,-1.0778,-0.20206,0.00010816,0.071848,0.00029699
0.098451,1.0822,-0.20444,0.00017817,0.074101,0.00030153,0.099053,-1.0778,-0.20482,0.00017817,0.072626,0.00030153
0.10002,1.0822,-0.20721,0.00014563,0.074841,0.00033093,0.10066,-1.0778,-0.20762,0.00014563,0.073414,0.00033093
0.10154,1.0824,-0.21007,0.00013931,0.075588,0.00036466,0.10228,-1.0776,-0.21036,0.00013931,0.074214,0.00036466
0.10308,1.0823,-0.21295,0.00010464,0.076341,0.0003465,0.10378,-1.0777,-0.21317,0.00010464,0.07502,0.0003465
0.1027,1.0824,-0.21642,0.00022057,0.078702,0.00040305,0.10409,-1.0776,-0.21671,0.00022057,0.077145,0.00040305
0.1044,1.0826,-0.22004,0.00036199,0.082167,0.00056158,0.10567,-1.0774,-0.22085,0.00036199,0.08024,0.00056158
0.10532,1.0828,-0.22465,0.00040244,0.087086,0.00070567,0.10689,-1.0772,-0.22553,0.00040244,0.084771,0.00070567
0.10605,1.0829,-0.22974,0.00032975,0.09303,0.00074284,0.10783,-1.0771,-0.23044,0.00032975,0.090523,0.00074284
0.10681,1.083,-0.23509,0.0001238,0.10009,0.00076255,0.10867,-1.077,-0.23532,0.0001238,0.097441,0.00076255
0.10769,1.0832,-0.2404,-0.00018527,0.10844,0.00078763,0.1096,-1.0768,-0.23999,-0.00018527,0.10566,0.00078763
0.10893,1.0833,-0.24539,-0.00054774,0.11811,0.00075553,0.1108,-1.0767,-0.2442,-0.00054774,0.11523,0.00075553
0.11067,1.0833,-0.24978,-0.00092948,0.12896,0.00066678,0.11237,-1.0767,-0.24776,-0.00092948,0.12598,0.00066678
0.11294,1.0833,-0.25343,-0.0012999,0.1412,0.00057106,0.11447,-1.0767,-0.25063,-0.0012999,0.13804,0.00057106
0.11564,1.0833,-0.25625,-0.0016367,0.15473,0.00050488,0.11707,-1.0767,-0.25272,-0.0016367,0.15148,0.00050488
0.11876,1.0834,-0.25817,-0.0019264,0.16956,0.00048209,0.12014,-1.0766,-0.25401,-0.0019264,0.16623,0.00048209
0.12231,1.0836,-0.25916,-0.0021677,0.18579,0.00050195,0.12374,-1.0764,-0.25448,-0.0021677,0.18238,0.00050195
0.12638,1.0838,-0.25919,-0.0023481,0.20346,0.00053973,0.1279,-1.0762,-0.25413,-0.0023481,0.20001,0.00053973
0.13099,1.084,-0.25829,-0.0024524,0.22251,0.00060398,0.13264,-1.076,-0.25299,-0.0024524,0.21907,0.00060398
0.13614,1.0842,-0.25654,-0.002491,0.24303,0.0006746,0.13792,-1.0758,-0.25116,-0.002491,0.23955,0.0006746
0.14172,1.0843,-0.25408,-0.0024663,0.26501,0.00072847,0.1436,-1.0757,-0.24876,-0.0024663,0.26151,0.00072847
0.14763,1.0844,-0.25107,-0.0024068,0.28842,0.00078094,0.1496,-1.0756,-0.24587,-0.0024068,0.28495,0.00078094
0.15388,1.0845,-0.24765,-0.0023922,0.31333,0.00082468,0.15591,-1.0755,-0.24246,-0.0023922,0.30986,0.00082468
0.16044,1.0847,-0.24375,-0.0022735,0.33977,0.000908,0.16264,-1.0753,-0.23883,-0.0022735,0.33629,0.000908
0.16741,1.0847,-0.2396,-0.0021275,0.36771,0.0009457,0.16967,-1.0753,-0.23504,-0.0021275,0.36431,0.0009457
0.17484,1.0847,-0.23529,-0.0019831,0.39717,0.00097162,0.17719,-1.0753,-0.23092,-0.0019831,0.39368,0.00097162
0.18253,1.0848,-0.23077,-0.0018277,0.4282,0.0010477,0.18517,-1.0752,-0.22675,-0.0018277,0.42449,0.0010477
0.19088,1.0849,-0.22608,-0.001721,0.46062,0.0011005,0.19345,-1.0751,-0.22241,-0.001721,0.45687,0.0011005
0.19933,1.0849,-0.22156,-0.001568,0.49453,0.0011034,0.20181,-1.0751,-0.21817,-0.001568,0.49079,0.0011034
0.20783,1.0848,-0.21693,-0.0012303,0.52991,0.0011511,0.21031,-1.0752,-0.21425,-0.0012303,0.52623,0.0011511
0.21614,1.0847,-0.21228,-0.00054781,0.56671,0.0011976,0.21862,-1.0753,-0.21114,-0.00054781,0.56316,0.0011976
0.22398,1.0847,-0.20842,0.0001042,0.60484,0.0013358,0.22678,-1.0753,-0.20861,0.0001042,0.60155,0.0013358
0.23175,1.0845,-0.20518,0.00078228,0.6444,0.0014076,0.23464,-1.0755,-0.20687,0.00078228,0.64125,0.0014076
0.23945,1.0843,-0.20253,0.0016108,0.68533,0.001419,0.24231,-1.0757,-0.20595,0.0016108,0.6823,0.001419
0.24736,1.0837,-0.20015,0.0026022,0.72742,0.0013433,0.24995,-1.0763,-0.20577,0.0026022,0.72465,0.0013433
0.25515,1.0832,-0.1984,0.0036313,0.77081,0.0013347,0.25764,-1.0768,-0.20621,0.0036313,0.76822,0.0013347
0.26289,1.0828,-0.19708,0.0047482,0.81543,0.0014066,0.2655,-1.0772,-0.20731,0.0047482,0.81301,0.0014066
0.27078,1.0824,-0.1962,0.0058172,0.86125,0.0015291,0.27361,-1.0775,-0.20875,0.0058172,0.85901,0.0015291
0.27916,1.0821,-0.1956,0.0068222,0.90835,0.0016478,0.2822,-1.0778,-0.21028,0.0068222,0.90624,0.0016478
0.28829,1.0818,-0.19502,0.0077587,0.95678,0.0017085,0.29138,-1.0781,-0.21175,0.0077587,0.9548,0.0017085
0.29833,1.0815,-0.19435,0.0085723,1.0065,0.0017802,0.30154,-1.0784,-0.21285,0.0085723,1.0047,0.0017802
0.30938,1.0813,-0.19377,0.008991,1.0576,0.0018883,0.3128,-1.0786,-0.21309,0.008991,1.056,0.0018883
0.32154,1.0815,-0.19266,0.0093994,1.1101,0.0019782,0.32511,-1.0784,-0.21297,0.0093994,1.1087,0.0019782
0.3347,1.0816,-0.19168,0.0093711,1.1641,0.0021174,0.33856,-1.0783,-0.21192,0.0093711,1.1629,0.0021174
0.34888,1.0818,-0.19054,0.0092629,1.2196,0.0021495,0.35289,-1.0781,-0.21054,0.0092629,1.2186,0.0021495
0.3639,1.082,-0.18953,0.0090334,1.2766,0.0021873,0.36801,-1.0779,-0.20906,0.0090334,1.2758,0.0021873
0.37932,1.0825,-0.18885,0.0087976,1.335,0.0023398,0.38374,-1.0774,-0.20789,0.0087976,1.3347,0.0023398
0.39511,1.0829,-0.18859,0.0085687,1.395,0.0024336,0.39973,-1.077,-0.20715,0.0085687,1.395,0.0024336
0.41117,1.0831,-0.18884,0.0083676,1.4564,0.0024786,0.41584,-1.0769,-0.20697,0.0083676,1.4568,0.0024786
0.42727,1.0832,-0.1894,0.0083155,1.5192,0.0025208,0.43207,-1.0767,-0.20742,0.0083155,1.52,0.0025208
0.4435,1.0833,-0.19052,0.0082159,1.5836,0.0024997,0.44834,-1.0766,-0.20828,0.0082159,1.5846,0.0024997
0.46024,1.0831,-0.19178,0.0081662,1.6494,0.0024097,0.46485,-1.0768,-0.20954,0.0081662,1.6508,0.0024097
0.47739,1.0832,-0.19345,0.0080223,1.7167,0.002388,0.48195,-1.0768,-0.21079,0.0080223,1.7185,0.002388
0.49504,1.0832,-0.19519,0.0078837,1.7855,0.0023665,0.49937,-1.0767,-0.21228,0.0078837,1.7875,0.0023665
0.51302,1.0834,-0.19708,0.0077331,1.8557,0.002403,0.51761,-1.0765,-0.21382,0.0077331,1.8581,0.002403
0.53106,1.0837,-0.19944,0.0075367,1.9274,0.0024433,0.53586,-1.0763,-0.21572,0.0075367,1.93,0.0024433
0.54904,1.0838,-0.20233,0.0072904,2.0005,0.0024308,0.55383,-1.0761,-0.21808,0.0072904,2.003,0.0024308
0.56699,1.0838,-0.20575,0.0069508,2.0749,0.0023614,0.57162,-1.0761,-0.22075,0.0069508,2.0774,0.0023614
0.58478,1.0838,-0.20932,0.0066979,2.1508,0.0022151,0.58939,-1.0762,-0.22373,0.0066979,2.1531,0.0022151
0.60347,1.0835,-0.21296,0.0060096,2.228,0.0020764,0.60749,-1.0764,-0.22593,0.0060096,2.2302,0.0020764
0.62217,1.0841,-0.21634,0.0054004,2.3067,0.0020995,0.62638,-1.0759,-0.22801,0.0054004,2.3086,0.0020995
0.64154,1.0844,-0.21971,0.0045706,2.3868,0.0020996,0.64587,-1.0755,-0.22959,0.0045706,2.3884,0.0020996
0.66139,1.0848,-0.22267,0.0039646,2.4683,0.0019492,0.66579,-1.0752,-0.23105,0.0039646,2.4696,0.0019492
0.68271,1.0843,-0.22492,0.0035177,2.5514,0.0015555,0.68573,-1.0757,-0.23256,0.0035177,2.5523,0.0015555
0.70322,1.0847,-0.2278,0.0027788,2.6356,0.0016016,0.70646,-1.0753,-0.23389,0.0027788,2.6364,0.0016016
0.72361,1.0857,-0.23083,0.0019191,2.7211,0.0018381,0.72752,-1.0743,-0.23505,0.0019191,2.7219,0.0018381
0.74437,1.0863,-0.2339,0.00093862,2.808,0.0019182,0.74834,-1.0737,-0.23587,0.00093862,2.8088,0.0019182
0.76552,1.0868,-0.23638,-0.00017747,2.8964,0.001901,0.76955,-1.0732,-0.23603,-0.00017747,2.8971,0.001901
0.78757,1.0868,-0.23825,-0.0010228,2.9862,0.001607,0.79102,-1.0732,-0.23607,-0.0010228,2.9868,0.001607
0.80994,1.087,-0.23952,-0.001575,3.0773,0.0015115,0.8132,-1.073,-0.23615,-0.001575,3.0782,0.0015115
0.8323,1.0875,-0.24042,-0.0018293,3.1697,0.0016587,0.83587,-1.0725,-0.23648,-0.0018293,3.171,0.0016587
0.85477,1.0878,-0.24089,-0.0016444,3.2636,0.0017604,0.85853,-1.0722,-0.23741,-0.0016444,3.2652,0.0017604
0.87729,1.0878,-0.24137,-0.0014107,3.3587,0.0018455,0.88117,-1.0722,-0.23831,-0.0014107,3.3607,0.0018455
0.90005,1.088,-0.24107,-0.00066754,3.4553,0.0019548,0.90401,-1.072,-0.23961,-0.00066754,3.4574,0.0019548
0.92291,1.0877,-0.24051,4.6537e-05,3.5533,0.0019885,0.92697,-1.0723,-0.24057,4.6537e-05,3.5555,0.0019885
0.94638,1.0873,-0.23954,0.00088726,3.6527,0.0019708,0.95039,-1.0727,-0.24144,0.00088726,3.6551,0.0019708
0.97037,1.0872,-0.23828,0.0017063,3.7536,0.0020563,0.97451,-1.0728,-0.24194,0.0017063,3.756,0.0020563
0.99468,1.0872,-0.23678,0.002511,3.8558,0.0022392,0.99919,-1.0727,-0.24218,0.002511,3.8583,0.0022392
1.0196,1.0873,-0.23514,0.0032517,3.9594,0.0024221,1.0244,-1.0727,-0.24215,0.0032517,3.962,0.0024221
1.0449,1.0873,-0.23341,0.0040042,4.0642,0.0025616,1.0499,-1.0727,-0.24202,0.0040042,4.067,0.0025616
1.0702,1.0872,-0.23169,0.0046626,4.1705,0.0026515,1.0753,-1.0728,-0.24177,0.0046626,4.1733,0.0026515
1.0961,1.0868,-0.22952,0.0054974,4.2782,0.0025879,1.101,-1.0731,-0.24137,0.0054974,4.2811,0.0025879
1.1223,1.0864,-0.22713,0.0062273,4.3873,0.002583,1.127,-1.0735,-0.24063,0.0062273,4.3904,0.002583
1.1489,1.0862,-0.22467,0.0069501,4.4978,0.0026005,1.1536,-1.0737,-0.23968,0.0069501,4.5013,0.0026005
1.1763,1.0858,-0.22218,0.0075113,4.6098,0.0025237,1.1808,-1.0741,-0.23841,0.0075113,4.6136,0.0025237
1.2043,1.0857,-0.21936,0.0080206,4.7231,0.0025445,1.209,-1.0743,-0.23672,0.0080206,4.7271,0.0025445
1.2328,1.085,-0.21698,0.0079666,4.8378,0.0022713,1.2367,-1.0749,-0.23424,0.0079666,4.8422,0.0022713
1.2612,1.0842,-0.21439,0.0080559,4.954,0.001827,1.2646,-1.0757,-0.23175,0.0080559,4.9587,0.001827
1.2898,1.0837,-0.21217,0.0077859,5.0718,0.0015322,1.2924,-1.0762,-0.22905,0.0077859,5.0768,0.0015322
1.3185,1.0833,-0.21048,0.007414,5.1913,0.0012658,1.3204,-1.0766,-0.2265,0.007414,5.1965,0.0012658
1.3476,1.0831,-0.20972,0.006497,5.3123,0.0010472,1.3491,-1.0768,-0.22389,0.006497,5.3176,0.0010472
1.3771,1.0833,-0.20924,0.0057,5.4346,0.00077891,1.3782,-1.0767,-0.22167,0.0057,5.4402,0.00077891
1.4064,1.0833,-0.20963,0.0045628,5.5583,0.00063244,1.4069,-1.0766,-0.21969,0.0045628,5.5641,0.00063244
1.4351,1.084,-0.21064,0.0035048,5.6834,0.00064952,1.4363,-1.076,-0.21824,0.0035048,5.6894,0.00064952
1.4636,1.0848,-0.21238,0.0026245,5.81,0.00073307,1.4649,-1.0752,-0.21816,0.0026245,5.8163,0.00073307
1.4922,1.0852,-0.21481,0.0019683,5.9378,0.00072864,1.4937,-1.0748,-0.21903,0.0019683,5.9444,0.00072864
1.5215,1.0852,-0.2171,0.0015352,6.0669,0.00061461,1.5226,-1.0748,-0.22041,0.0015352,6.0738,0.00061461
1.5511,1.0852,-0.21918,0.0012925,6.1973,0.00057381,1.5519,-1.0748,-0.22201,0.0012925,6.2045,0.00057381
1.5807,1.0857,-0.22137,0.00095161,6.3289,0.00077067,1.582,-1.0743,-0.22344,0.00095161,6.3363,0.00077067
1.6104,1.0858,-0.2233,0.00087846,6.4618,0.00075259,1.6117,-1.0742,-0.22526,0.00087846,6.4693,0.00075259
1.6407,1.0854,-0.22508,0.00088735,6.5959,0.00055304,1.6417,-1.0746,-0.22699,0.00088735,6.6036,0.00055304
1.6712,1.0852,-0.22541,0.0015987,6.7314,0.00048035,1.6722,-1.0748,-0.22889,0.0015987,6.7391,0.00048035
1.7027,1.0853,-0.22492,0.0021771,6.8682,0.00065338,1.7039,-1.0747,-0.22961,0.0021771,6.876,0.00065338
1.7348,1.0857,-0.22394,0.0024692,7.0064,0.00093182,1.7365,-1.0743,-0.22925,0.0024692,7.0142,0.00093182
1.7674,1.0859,-0.22223,0.0029161,7.1461,0.0010954,1.7694,-1.0741,-0.22854,0.0029161,7.1539,0.0010954
1.8008,1.0859,-0.22004,0.0032934,7.287,0.0011773,1.8028,-1.0741,-0.22714,0.0032934,7.2949,0.0011773
1.8349,1.0855,-0.2172,0.0036482,7.4294,0.0010879,1.8369,-1.0744,-0.22509,0.0036482,7.4373,0.0010879
1.8696,1.0854,-0.21403,0.0038246,7.5732,0.0010809,1.8718,-1.0745,-0.22238,0.0038246,7.5812,0.0010809
1.905,1.0852,-0.21159,0.0032454,7.7185,0.00095534,1.9067,-1.0748,-0.21859,0.0032454,7.7268,0.00095534
1.9408,1.0852,-0.20898,0.0027602,7.8651,0.0008194,1.9425,-1.0748,-0.21501,0.0027602,7.8738,0.0008194
1.9776,1.0854,-0.20626,0.0022669,8.0133,0.00074141,1.9791,-1.0746,-0.21121,0.0022669,8.0226,0.00074141
2.0151,1.0854,-0.20358,0.0015968,8.163,0.00060872,2.0161,-1.0746,-0.20727,0.0015968,8.173,0.00060872
2.0529,1.0853,-0.20146,0.00098497,8.3141,0.00033329,2.0534,-1.0747,-0.20356,0.00098497,8.3247,0.00033329
2.0905,1.0852,-0.20031,9.8202e-05,8.4669,0.0001598,2.0908,-1.0748,-0.20053,9.8202e-05,8.4779,0.0001598
2.1284,1.0855,-0.19932,-0.00041301,8.6212,3.0043e-05,2.1286,-1.0745,-0.19852,-0.00041301,8.6326,3.0043e-05
2.1669,1.0852,-0.19857,-0.00073645,8.7769,-0.00023369,2.1664,-1.0748,-0.19707,-0.00073645,8.7887,-0.00023369
2.2049,1.0849,-0.19869,-0.0011005,8.9342,-0.00044979,2.204,-1.0751,-0.19633,-0.0011005,8.9462,-0.00044979
2.2429,1.085,-0.19963,-0.0013784,9.0931,-0.00048103,2.2421,-1.075,-0.19662,-0.0013784,9.105,-0.00048103
2.2809,1.085,-0.20121,-0.001772,9.2533,-0.00048523,2.2801,-1.0749,-0.19737,-0.001772,9.2651,-0.00048523
2.3191,1.085,-0.20299,-0.0021147,9.4149,-0.00064055,2.318,-1.075,-0.19839,-0.0021147,9.4264,-0.00064055
2.3572,1.0848,-0.20516,-0.0024156,9.5779,-0.00091262,2.3557,-1.0752,-0.20004,-0.0024156,9.5892,-0.00091262
2.3951,1.0847,-0.20729,-0.0025002,9.7422,-0.0010087,2.3939,-1.0753,-0.20186,-0.0025002,9.7533,-0.0010087
2.434,1.0846,-0.20932,-0.0026822,9.9078,-0.0010575,2.4323,-1.0754,-0.20347,-0.0026822,9.9186,-0.0010575
2.4729,1.0847,-0.2114,-0.0029691,10.075,-0.0010701,2.4711,-1.0753,-0.20494,-0.0029691,10.085,-0.0010701
2.5117,1.0847,-0.21404,-0.0036347,10.243,-0.0011986,2.5098,-1.0753,-0.20611,-0.0036347,10.253,-0.0011986
2.5512,1.0846,-0.21688,-0.004576,10.413,-0.0013773,2.5487,-1.0753,-0.20691,-0.004576,10.423,-0.0013773
2.5914,1.085,-0.2189,-0.0052129,10.584,-0.0014629,2.589,-1.075,-0.20755,-0.0052129,10.593,-0.0014629
2.632,1.0856,-0.22087,-0.0062686,10.756,-0.0012957,2.6299,-1.0744,-0.2073,-0.0062686,10.766,-0.0012957
2.6728,1.0864,-0.22236,-0.0069568,10.93,-0.0011302,2.6709,-1.0735,-0.20733,-0.0069568,10.939,-0.0011302
2.7143,1.0869,-0.22353,-0.0074691,11.105,-0.0010573,2.7126,-1.0731,-0.20734,-0.0074691,11.114,-0.0010573
2.7567,1.0872,-0.22399,-0.0077131,11.281,-0.0010173,2.7552,-1.0727,-0.20733,-0.0077131,11.291,-0.0010173
2.7995,1.0874,-0.22444,-0.0078466,11.459,-0.00087977,2.7981,-1.0725,-0.20749,-0.0078466,11.469,-0.00087977
2.8425,1.0881,-0.22462,-0.0075835,11.638,-0.00059124,2.842,-1.0719,-0.20823,-0.0075835,11.648,-0.00059124
2.8867,1.0879,-0.22467,-0.0072732,11.819,-0.00058501,2.886,-1.072,-0.20898,-0.0072732,11.829,-0.00058501
2.9317,1.0874,-0.22432,-0.0065461,12.001,-0.00071784,2.9304,-1.0725,-0.21022,-0.0065461,12.012,-0.00071784
2.9763,1.0866,-0.2242,-0.0058442,12.185,-0.00087977,2.9747,-1.0734,-0.21156,-0.0058442,12.195,-0.00087977
3.021,1.0857,-0.22421,-0.0052041,12.37,-0.0011349,3.0191,-1.0742,-0.2128,-0.0052041,12.381,-0.0011349
3.0667,1.0848,-0.22345,-0.004417,12.556,-0.0014695,3.0639,-1.0752,-0.21394,-0.004417,12.567,-0.0014695
3.1125,1.084,-0.2229,-0.0037769,12.744,-0.0016937,3.1087,-1.076,-0.21461,-0.0037769,12.756,-0.0016937
3.158,1.0833,-0.22203,-0.0029203,12.933,-0.0018999,3.154,-1.0767,-0.21571,-0.0029203,12.945,-0.0018999
3.204,1.0824,-0.22119,-0.0021917,13.124,-0.0021269,3.1994,-1.0776,-0.21646,-0.0021917,13.136,-0.0021269
3.2499,1.0818,-0.22047,-0.0014337,13.316,-0.0022171,3.2451,-1.0782,-0.21733,-0.0014337,13.328,-0.0022171
3.2958,1.0815,-0.21987,-0.00047543,13.509,-0.0021261,3.291,-1.0785,-0.21871,-0.00047543,13.522,-0.0021261
3.3425,1.0812,-0.21881,0.00059307,13.704,-0.0020315,3.338,-1.0788,-0.22009,0.00059307,13.717,-0.0020315
3.3895,1.0808,-0.21802,0.0016707,13.9,-0.0019111,3.3852,-1.0792,-0.22149,0.0016707,13.913,-0.0019111
3.4365,1.0804,-0.21741,0.0028983,14.098,-0.0017689,3.4323,-1.0795,-0.22369,0.0028983,14.112,-0.0017689
3.4841,1.0799,-0.21733,0.0040602,14.297,-0.00165,3.48,-1.0801,-0.22608,0.0040602,14.311,-0.00165
3.5325,1.0791,-0.21785,0.0046655,14.498,-0.001755,3.5282,-1.0809,-0.22797,0.0046655,14.512,-0.001755
3.5809,1.0787,-0.21875,0.005129,14.7,-0.0018181,3.5765,-1.0813,-0.22979,0.005129,14.714,-0.0018181
3.6294,1.0784,-0.21945,0.0054978,14.903,-0.0017373,3.6255,-1.0815,-0.23131,0.0054978,14.917,-0.0017373
3.6789,1.0784,-0.22091,0.0044491,15.108,-0.0015266,3.6753,-1.0816,-0.23044,0.0044491,15.122,-0.0015266
3.7283,1.0789,-0.22183,0.0040253,15.314,-0.0015094,3.7247,-1.081,-0.23052,0.0040253,15.328,-0.0015094
3.778,1.0784,-0.22327,0.0029832,15.522,-0.0017288,3.774,-1.0816,-0.22984,0.0029832,15.536,-0.0017288
3.8282,1.0784,-0.22413,0.0022762,15.73,-0.0019569,3.8236,-1.0816,-0.22912,0.0022762,15.745,-0.0019569
3.8783,1.0782,-0.22547,0.0014204,15.941,-0.0021443,3.873,-1.0818,-0.22852,0.0014204,15.955,-0.0021443
3.9285,1.0785,-0.22615,0.00098726,16.152,-0.0021439,3.9235,-1.0815,-0.22824,0.00098726,16.167,-0.0021439
3.9794,1.0781,-0.22618,0.00092895,16.365,-0.0023346,3.9742,-1.0819,-0.22831,0.00092895,16.381,-0.0023346
4.0305,1.0777,-0.22614,0.0011811,16.579,-0.0024829,4.0247,-1.0823,-0.22875,0.0011811,16.595,-0.0024829
4.0817,1.0776,-0.22641,0.00087153,16.795,-0.0023809,4.0757,-1.0824,-0.22832,0.00087153,16.812,-0.0023809
4.1336,1.0778,-0.22587,0.00087308,17.012,-0.0023825,4.1281,-1.0822,-0.22763,0.00087308,17.029,-0.0023825
4.1858,1.0772,-0.22589,0.00040518,17.231,-0.0026626,4.1799,-1.0828,-0.22679,0.00040518,17.248,-0.0026626
4.2385,1.0771,-0.22579,-5.2855e-05,17.451,-0.0028267,4.2325,-1.0828,-0.22572,-5.2855e-05,17.469,-0.0028267
4.2915,1.0776,-0.22591,-0.00062622,17.673,-0.0026816,4.2857,-1.0824,-0.22462,-0.00062622,17.69,-0.0026816
4.3445,1.0776,-0.22646,-0.0012319,17.895,-0.0027231,4.3385,-1.0824,-0.22379,-0.0012319,17.914,-0.0027231
4.398,1.0771,-0.22674,-0.0016209,18.12,-0.0030241,4.3918,-1.0829,-0.22329,-0.0016209,18.138,-0.0030241
4.4526,1.0763,-0.22704,-0.0019869,18.346,-0.0034328,4.445,-1.0837,-0.22274,-0.0019869,18.364,-0.0034328
4.5066,1.0756,-0.22755,-0.0020556,18.573,-0.0037779,4.4984,-1.0844,-0.22313,-0.0020556,18.592,-0.0037779
4.561,1.0753,-0.22791,-0.001854,18.802,-0.0038028,4.5527,-1.0847,-0.22398,-0.001854,18.821,-0.0038028
4.615,1.0754,-0.22845,-0.0013211,19.032,-0.003534,4.6072,-1.0846,-0.22553,-0.0013211,19.051,-0.003534
4.6695,1.0752,-0.22943,-0.00070446,19.263,-0.0033298,4.662,-1.0848,-0.22792,-0.00070446,19.283,-0.0033298
4.7244,1.0747,-0.23073,-2.7442e-05,19.496,-0.0033205,4.7172,-1.0852,-0.23075,-2.7442e-05,19.516,-0.0033205
4.7796,1.0741,-0.23258,0.00066058,19.73,-0.0033807,4.772,-1.0859,-0.23404,0.00066058,19.75,-0.0033807
4.8352,1.0733,-0.23478,0.00068198,19.966,-0.0034945,4.8274,-1.0866,-0.23666,0.00068198,19.986,-0.0034945
4.8919,1.0728,-0.23769,-0.00015201,20.202,-0.0036885,4.8841,-1.0872,-0.23733,-0.00015201,20.223,-0.0036885
4.9487,1.0727,-0.23984,-0.00089718,20.44,-0.0039326,4.9406,-1.0873,-0.23801,-0.00089718,20.461,-0.0039326
5.0061,1.0722,-0.2421,-0.002164,20.68,-0.0041217,4.9973,-1.0877,-0.2375,-0.002164,20.701,-0.0041217
5.0641,1.0726,-0.24354,-0.0033243,20.921,-0.004088,5.0557,-1.0873,-0.23636,-0.0033243,20.942,-0.004088
5.1221,1.073,-0.24354,-0.0037087,21.163,-0.004221,5.1138,-1.087,-0.23573,-0.0037087,21.185,-0.004221
5.1818,1.072,-0.24335,-0.0044206,21.406,-0.0046719,5.1724,-1.0879,-0.23395,-0.0044206,21.429,-0.0046719
5.2413,1.0716,-0.24295,-0.0047522,21.651,-0.0049087,5.231,-1.0884,-0.23279,-0.0047522,21.674,-0.0049087
5.3009,1.0712,-0.24209,-0.0049177,21.898,-0.0050552,5.2905,-1.0887,-0.23154,-0.0049177,21.922,-0.0050552
5.3612,1.0706,-0.24114,-0.0047961,22.146,-0.0052945,5.35,-1.0894,-0.23089,-0.0047961,22.17,-0.0052945
5.4215,1.0698,-0.24012,-0.0044039,22.396,-0.0054715,5.4101,-1.0901,-0.23068,-0.0044039,22.42,-0.0054715
5.4821,1.0692,-0.23915,-0.003913,22.648,-0.005511,5.4705,-1.0907,-0.23084,-0.003913,22.672,-0.005511
5.5426,1.0688,-0.23913,-0.0036019,22.9,-0.0054751,5.5313,-1.0911,-0.2313,-0.0036019,22.925,-0.0054751
5.603,1.0684,-0.23898,-0.0031163,23.154,-0.0054588,5.5916,-1.0916,-0.23233,-0.0031163,23.179,-0.0054588
5.6635,1.0678,-0.23901,-0.0025914,23.41,-0.0054245,5.6521,-1.0921,-0.23338,-0.0025914,23.435,-0.0054245
5.7236,1.0677,-0.23834,-0.0016327,23.667,-0.0051839,5.7128,-1.0922,-0.23481,-0.0016327,23.692,-0.0051839
5.785,1.067,-0.237,-0.0004572,23.925,-0.0050524,5.7743,-1.093,-0.23602,-0.0004572,23.95,-0.0050524
5.846,1.0661,-0.23594,0.00071896,24.185,-0.0049979,5.8351,-1.0939,-0.23737,0.00071896,24.21,-0.0049979
5.9073,1.0651,-0.23442,0.0019999,24.446,-0.0050161,5.8962,-1.0948,-0.239,0.0019999,24.471,-0.0050161
5.9693,1.0639,-0.23371,0.0026632,24.708,-0.0051286,5.9576,-1.0961,-0.23938,0.0026632,24.733,-0.0051286
6.0311,1.0629,-0.23293,0.0035045,24.972,-0.0053256,6.0191,-1.097,-0.24046,0.0035045,24.997,-0.0053256
6.0935,1.0618,-0.23263,0.0040759,25.237,-0.0055477,6.081,-1.0981,-0.24139,0.0040759,25.262,-0.0055477
6.1557,1.0612,-0.23286,0.0043905,25.503,-0.0056036,6.1432,-1.0988,-0.24229,0.0043905,25.529,-0.0056036
6.2188,1.0608,-0.23338,0.0044294,25.771,-0.0055134,6.2065,-1.0991,-0.24292,0.0044294,25.798,-0.0055134
6.2818,1.0607,-0.23439,0.0044262,26.041,-0.0054248,6.2697,-1.0992,-0.24395,0.0044262,26.067,-0.0054248
6.3454,1.0603,-0.23495,0.0044952,26.343,-0.0054748,6.3333,-1.0997,-0.2446,0.0044952,26.338,-0.0054748
6.4098,1.0594,-0.23484,0.0042638,26.695,-0.0057045,6.3971,-1.1005,-0.24402,0.0042638,26.61,-0.0057045
6.4746,1.0582,-0.23399,0.0039743,27.048,-0.0061904,6.4611,-1.1017,-0.24259,0.0039743,26.883,-0.0061904
6.541,1.0563,-0.23303,0.0027152,27.403,-0.0069693,6.5255,-1.1037,-0.23914,0.0027152,27.158,-0.0069693
6.6105,1.0535,-0.23041,0.0017293,27.759,-0.0086536,6.5917,-1.1064,-0.23418,0.0017293,27.434,-0.0086536
6.6834,1.0479,-0.22636,0.00083597,28.117,-0.011816,6.6586,-1.1119,-0.22835,0.00083597,27.712,-0.011816
6.7601,1.0395,-0.22259,-0.00056823,28.477,-0.016311,6.7253,-1.1202,-0.22123,-0.00056823,27.991,-0.016311
6.8377,1.0303,-0.21865,-0.0021504,28.839,-0.021366,6.7924,-1.1293,-0.2143,-0.0021504,28.272,-0.021366
6.9174,1.0202,-0.21514,-0.0036505,29.204,-0.026793,6.8604,-1.1391,-0.20727,-0.0036505,28.555,-0.026793
6.999,1.0091,-0.21089,-0.0049571,29.571,-0.032559,6.9289,-1.1498,-0.2003,-0.0049571,28.839,-0.032559
7.0807,0.99792,-0.2069,-0.0065749,29.939,-0.038178,6.9988,-1.1605,-0.19284,-0.0065749,29.124,-0.038178
7.1631,0.98611,-0.20259,-0.0078209,30.31,-0.044036,7.0685,-1.1718,-0.18574,-0.0078209,29.411,-0.044036
7.2453,0.97379,-0.19858,-0.0090408,30.681,-0.049838,7.1382,-1.1834,-0.17942,-0.0090408,29.699,-0.049838
7.3282,0.96087,-0.19498,-0.0099696,31.055,-0.055749,7.2082,-1.1956,-0.1735,-0.0099696,29.99,-0.055749
7.412,0.94645,-0.19121,-0.010225,31.431,-0.062181,7.2782,-1.2092,-0.1694,-0.010225,30.282,-0.062181
7.497,0.9303,-0.18849,-0.010307,31.808,-0.069167,7.3484,-1.2244,-0.16641,-0.010307,30.575,-0.069167
7.5837,0.91173,-0.18691,-0.010831,32.187,-0.07689,7.4184,-1.2418,-0.16372,-0.010831,30.87,-0.07689
7.6715,0.89055,-0.18569,-0.01094,32.568,-0.085612,7.4873,-1.2614,-0.16224,-0.01094,31.167,-0.085612
7.7599,0.86817,-0.185,-0.0108,32.952,-0.094713,7.5563,-1.2821,-0.16174,-0.0108,31.464,-0.094713
7.8482,0.84443,-0.1853,-0.010501,33.337,-0.10411,7.6241,-1.3038,-0.16284,-0.010501,31.762,-0.10411
7.9364,0.81989,-0.18711,-0.010593,33.724,-0.11358,7.6924,-1.3262,-0.16456,-0.010593,32.062,-0.11358
8.0248,0.79442,-0.19103,-0.011366,34.114,-0.123,7.7603,-1.3493,-0.16652,-0.011366,32.364,-0.123
8.1136,0.76808,-0.19522,-0.011897,34.504,-0.13259,7.8289,-1.373,-0.16973,-0.011897,32.666,-0.13259
8.203,0.741,-0.20034,-0.012226,34.897,-0.14217,7.8973,-1.3972,-0.17404,-0.012226,32.97,-0.14217
8.2923,0.71365,-0.20492,-0.01167,35.291,-0.15155,7.967,-1.4217,-0.17955,-0.01167,33.276,-0.15155
8.3822,0.68521,-0.20854,-0.010146,35.687,-0.16105,8.0363,-1.4469,-0.18672,-0.010146,33.582,-0.16105
8.4723,0.65589,-0.21269,-0.0085699,36.086,-0.17042,8.1064,-1.4729,-0.1941,-0.0085699,33.89,-0.17042
8.5618,0.62588,-0.21738,-0.0072126,36.486,-0.1795,8.1767,-1.4995,-0.20183,-0.0072126,34.2,-0.1795
8.6514,0.59592,-0.22292,-0.0064303,36.888,-0.18808,8.2483,-1.5261,-0.20916,-0.0064303,34.51,-0.18808
8.7413,0.56588,-0.22991,-0.006621,37.292,-0.19631,8.3204,-1.5526,-0.21566,-0.006621,34.822,-0.19631
8.8315,0.53456,-0.23758,-0.0076721,37.698,-0.20469,8.3933,-1.5804,-0.22102,-0.0076721,35.135,-0.20469
8.9221,0.50326,-0.24504,-0.0087473,38.106,-0.21286,8.4666,-1.608,-0.22645,-0.0087473,35.45,-0.21286
9.0128,0.47287,-0.251,-0.0086082,38.515,-0.22053,8.5413,-1.6349,-0.23221,-0.0086082,35.766,-0.22053
9.1037,0.44244,-0.25516,-0.0080041,38.925,-0.22795,8.6166,-1.6618,-0.23819,-0.0080041,36.084,-0.22795
9.1949,0.41151,-0.25968,-0.0074849,39.338,-0.235,8.6926,-1.6892,-0.24366,-0.0074849,36.403,-0.235
9.2859,0.37943,-0.26429,-0.0074649,39.752,-0.24192,8.769,-1.7177,-0.24849,-0.0074649,36.724,-0.24192
9.3772,0.34639,-0.26877,-0.0077543,40.169,-0.249,8.8459,-1.7472,-0.25221,-0.0077543,37.047,-0.249
9.4697,0.31164,-0.27261,-0.0078878,40.587,-0.25652,8.9225,-1.7778,-0.25559,-0.0078878,37.371,-0.25652
9.5622,0.27703,-0.27441,-0.0070032,41.008,-0.264,8.9994,-1.8083,-0.25942,-0.0070032,37.696,-0.264
9.6541,0.2412,-0.27593,-0.0061896,41.43,-0.27161,9.0757,-1.8399,-0.26271,-0.0061896,38.023,-0.27161
9.7464,0.20512,-0.27651,-0.0048249,41.854,-0.27911,9.1517,-1.8714,-0.26605,-0.0048249,38.351,-0.27911
9.8381,0.16853,-0.27631,-0.0034436,42.279,-0.28661,9.2275,-1.9034,-0.26904,-0.0034436,38.681,-0.28661
9.93,0.13049,-0.27568,-0.0022486,42.707,-0.29437,9.3035,-1.9367,-0.27109,-0.0022486,39.012,-0.29437
10.022,0.090756,-0.27681,-0.0027783,43.137,-0.30239,9.3788,-1.9713,-0.27079,-0.0027783,39.345,-0.30239
10.114,0.049924,-0.27713,-0.0030398,43.568,-0.3108,9.4537,-2.0067,-0.27041,-0.0030398,39.679,-0.3108
10.206,0.0086501,-0.27604,-0.0027443,44.001,-0.31936,9.5283,-2.0423,-0.2702,-0.0027443,40.015,-0.31936
10.298,-0.034098,-0.27532,-0.0028715,44.436,-0.32814,9.602,-2.079,-0.26936,-0.0028715,40.352,-0.32814
10.389,-0.076933,-0.2742,-0.0025253,44.873,-0.3369,9.6753,-2.1156,-0.26858,-0.0025253,40.69,-0.3369
10.48,-0.12123,-0.2728,-0.0027033,45.312,-0.34599,9.7479,-2.1533,-0.26728,-0.0027033,41.029,-0.34599
10.571,-0.16598,-0.27163,-0.0028329,45.751,-0.35514,9.8203,-2.1913,-0.2656,-0.0028329,41.369,-0.35514
10.662,-0.21145,-0.27081,-0.0030857,46.19,-0.3643,9.8925,-2.2298,-0.26416,-0.0030857,41.709,-0.3643
10.753,-0.25759,-0.26947,-0.00312,46.629,-0.37356,9.9647,-2.2687,-0.26299,-0.00312,42.049,-0.37356
10.843,-0.30506,-0.26923,-0.0038624,47.068,-0.38302,10.036,-2.3087,-0.2612,-0.0038624,42.389,-0.38302
10.934,-0.35381,-0.26916,-0.0045068,47.508,-0.39265,10.108,-2.3496,-0.25948,-0.0045068,42.729,-0.39265
11.023,-0.40366,-0.2693,-0.0050394,47.947,-0.40244,10.178,-2.3913,-0.25845,-0.0050394,43.069,-0.40244
11.112,-0.45481,-0.26959,-0.0056728,48.386,-0.41241,10.247,-2.434,-0.25764,-0.0056728,43.409,-0.41241
11.201,-0.50694,-0.27063,-0.0065066,48.825,-0.42244,10.316,-2.4775,-0.25681,-0.0065066,43.749,-0.42244
11.289,-0.56018,-0.27226,-0.0074685,49.265,-0.43241,10.385,-2.5219,-0.25618,-0.0074685,44.088,-0.43241
11.377,-0.61384,-0.27341,-0.0081037,49.705,-0.44232,10.453,-2.5663,-0.25595,-0.0081037,44.428,-0.44232
11.464,-0.66816,-0.27373,-0.0082893,50.144,-0.45204,10.522,-2.6117,-0.25618,-0.0082893,44.767,-0.45204
11.552,-0.7227,-0.27341,-0.0077338,50.584,-0.46165,10.591,-2.6571,-0.25652,-0.0077338,45.106,-0.46165
11.639,-0.77916,-0.27265,-0.007455,51.024,-0.4714,10.659,-2.7039,-0.25677,-0.007455,45.446,-0.4714
11.725,-0.83611,-0.2722,-0.0069777,51.464,-0.48117,10.726,-2.7512,-0.25737,-0.0069777,45.785,-0.48117
11.81,-0.89409,-0.27274,-0.0067635,51.903,-0.4909,10.793,-2.7994,-0.25829,-0.0067635,46.125,-0.4909
11.895,-0.95213,-0.27371,-0.0062325,52.343,-0.50023,10.86,-2.8477,-0.26003,-0.0062325,46.464,-0.50023
11.979,-1.0096,-0.27444,-0.0058934,52.783,-0.509,10.927,-2.896,-0.26209,-0.0058934,46.804,-0.509
12.062,-1.0679,-0.27696,-0.0071279,53.223,-0.51752,10.995,-2.9455,-0.26161,-0.0071279,47.143,-0.51752
12.146,-1.1266,-0.27834,-0.0078976,53.662,-0.52586,11.063,-2.9952,-0.26133,-0.0078976,47.482,-0.52586
12.229,-1.1859,-0.27943,-0.0087345,54.102,-0.53403,11.131,-3.0457,-0.2609,-0.0087345,47.822,-0.53403
12.311,-1.2451,-0.28107,-0.0094026,54.541,-0.542,11.198,-3.0963,-0.26061,-0.0094026,48.161,-0.542
12.394,-1.3051,-0.28122,-0.0090921,54.98,-0.54977,11.267,-3.1474,-0.26167,-0.0090921,48.501,-0.54977
12.476,-1.3653,-0.28197,-0.00907,55.42,-0.55734,11.334,-3.1988,-0.26251,-0.00907,48.841,-0.55734
12.556,-1.426,-0.28322,-0.0091903,55.833,-0.56503,11.401,-3.2509,-0.26366,-0.0091903,49.181,-0.56503
12.636,-1.4873,-0.28565,-0.0092314,56.173,-0.5727,11.467,-3.3034,-0.26564,-0.0092314,49.52,-0.5727
12.715,-1.5487,-0.28904,-0.010457,56.513,-0.58022,11.533,-3.3563,-0.26684,-0.010457,49.86,-0.58022
12.794,-1.6099,-0.29411,-0.012441,56.855,-0.5872,11.599,-3.4094,-0.26729,-0.012441,50.2,-0.5872
12.87,-1.669,-0.29992,-0.014545,57.198,-0.59317,11.665,-3.4616,-0.26865,-0.014545,50.54,-0.59317
12.945,-1.7249,-0.3067,-0.016532,57.54,-0.59772,11.732,-3.5118,-0.27111,-0.016532,50.88,-0.59772
13.017,-1.7774,-0.31437,-0.018266,57.883,-0.60104,11.799,-3.5606,-0.27518,-0.018266,51.221,-0.60104
13.088,-1.8271,-0.32305,-0.019763,58.225,-0.60311,11.866,-3.6079,-0.28063,-0.019763,51.561,-0.60311
13.156,-1.8735,-0.33223,-0.020889,58.568,-0.60395,11.933,-3.6535,-0.28712,-0.020889,51.901,-0.60395
13.224,-1.9189,-0.3407,-0.021629,58.91,-0.60421,12,-3.6986,-0.29414,-0.021629,52.241,-0.60421
13.29,-1.9631,-0.34759,-0.021555,59.252,-0.60408,12.067,-3.743,-0.30125,-0.021555,52.581,-0.60408
13.356,-2.0079,-0.35322,-0.021674,59.593,-0.60386,12.134,-3.7882,-0.3068,-0.021674,52.921,-0.60386
13.422,-2.0518,-0.35648,-0.020565,59.933,-0.60346,12.2,-3.8326,-0.31208,-0.020565,53.26,-0.60346
13.487,-2.0962,-0.35824,-0.019179,60.273,-0.60298,12.266,-3.8774,-0.31716,-0.019179,53.599,-0.60298
13.552,-2.1394,-0.35895,-0.017234,60.612,-0.60201,12.332,-3.9217,-0.3218,-0.017234,53.938,-0.60201
13.617,-2.1828,-0.35878,-0.01564,60.952,-0.60077,12.399,-3.9665,-0.32526,-0.01564,54.277,-0.60077
13.682,-2.226,-0.35722,-0.013424,61.291,-0.59941,12.466,-4.0111,-0.32816,-0.013424,54.616,-0.59941
13.748,-2.2703,-0.35453,-0.011416,61.631,-0.5983,12.533,-4.0563,-0.33013,-0.011416,54.955,-0.5983
13.814,-2.3137,-0.35038,-0.0089814,61.97,-0.59686,12.602,-4.1014,-0.33093,-0.0089814,55.293,-0.59686
13.88,-2.3574,-0.34517,-0.0065279,62.309,-0.59542,12.67,-4.1465,-0.33091,-0.0065279,55.632,-0.59542
13.947,-2.4021,-0.33835,-0.0035205,62.648,-0.59445,12.738,-4.192,-0.33077,-0.0035205,55.972,-0.59445
14.014,-2.4469,-0.3315,-0.00083404,62.987,-0.59346,12.806,-4.2376,-0.32953,-0.00083404,56.311,-0.59346
14.08,-2.4922,-0.3246,0.0013722,63.325,-0.59269,12.874,-4.2836,-0.32761,0.0013722,56.65,-0.59269
14.148,-2.5378,-0.31841,0.0030955,63.664,-0.59211,12.941,-4.3295,-0.32476,0.0030955,56.99,-0.59211
14.215,-2.5839,-0.31255,0.0037921,64.003,-0.59183,13.009,-4.3759,-0.32088,0.0037921,57.329,-0.59183
14.282,-2.6292,-0.30677,0.0048261,64.342,-0.59159,13.077,-4.4216,-0.3169,0.0048261,57.669,-0.59159
14.349,-2.6755,-0.30074,0.0056626,64.682,-0.59179,13.144,-4.4678,-0.3132,0.0056626,58.008,-0.59179
14.417,-2.721,-0.29459,0.007007,65.022,-0.59192,13.211,-4.513,-0.30958,0.007007,58.348,-0.59192
14.484,-2.7671,-0.2891,0.0077844,65.361,-0.59211,13.277,-4.5585,-0.30608,0.0077844,58.688,-0.59211
14.551,-2.8125,-0.28483,0.0083716,65.701,-0.59214,13.344,-4.6039,-0.30278,0.0083716,59.027,-0.59214
14.617,-2.8577,-0.28134,0.0085664,66.04,-0.59218,13.41,-4.6489,-0.29987,0.0085664,59.367,-0.59218
14.683,-2.9032,-0.2786,0.0080468,66.38,-0.59242,13.476,-4.6942,-0.29617,0.0080468,59.707,-0.59242
14.749,-2.9474,-0.27684,0.0069722,66.719,-0.59242,13.542,-4.7387,-0.29177,0.0069722,60.046,-0.59242
14.815,-2.9914,-0.27506,0.0058523,67.059,-0.5925,13.609,-4.7828,-0.28786,0.0058523,60.385,-0.5925
14.881,-3.0357,-0.27447,0.0045729,67.398,-0.59272,13.674,-4.8268,-0.28408,0.0045729,60.725,-0.59272
14.947,-3.08,-0.27389,0.0029112,67.737,-0.59314,13.74,-4.8711,-0.28053,0.0029112,61.064,-0.59314
15.013,-3.1237,-0.27349,0.0017588,68.076,-0.59342,13.805,-4.9145,-0.27705,0.0017588,61.403,-0.59342
15.078,-3.1681,-0.27279,0.00026219,68.415,-0.59381,13.87,-4.9586,-0.27365,0.00026219,61.742,-0.59381
15.144,-3.2116,-0.27201,-0.00084295,68.754,-0.59385,13.935,-5.0019,-0.26998,-0.00084295,62.08,-0.59385
15.209,-3.2554,-0.27089,-0.0023633,69.093,-0.59394,14.001,-5.0458,-0.26608,-0.0023633,62.419,-0.59394
15.275,-3.2996,-0.26963,-0.0036114,69.432,-0.59423,14.066,-5.0897,-0.26176,-0.0036114,62.757,-0.59423
15.341,-3.3438,-0.26776,-0.0047304,69.771,-0.5944,14.132,-5.1336,-0.25771,-0.0047304,63.096,-0.5944
15.406,-3.3876,-0.26622,-0.0056037,70.11,-0.5944,14.197,-5.1775,-0.25389,-0.0056037,63.434,-0.5944
15.472,-3.4315,-0.26403,-0.005883,70.449,-0.59433,14.263,-5.2214,-0.25135,-0.005883,63.773,-0.59433
15.538,-3.4747,-0.26197,-0.0057821,70.788,-0.59402,14.33,-5.2653,-0.24938,-0.0057821,64.111,-0.59402
15.604,-3.5187,-0.26001,-0.0056148,71.127,-0.59364,14.396,-5.3094,-0.2479,-0.0056148,64.45,-0.59364
15.67,-3.5626,-0.25769,-0.004925,71.465,-0.59328,14.463,-5.3537,-0.24712,-0.004925,64.789,-0.59328
15.736,-3.607,-0.25522,-0.0037987,71.804,-0.59313,14.529,-5.3981,-0.24688,-0.0037987,65.127,-0.59313
15.802,-3.6521,-0.25229,-0.0027402,72.123,-0.5931,14.595,-5.4436,-0.24667,-0.0027402,65.465,-0.5931
15.867,-3.6965,-0.25082,-0.0015589,72.362,-0.59285,14.661,-5.4883,-0.24715,-0.0015589,65.804,-0.59285
15.933,-3.7403,-0.25004,-0.0010927,72.602,-0.59211,14.728,-5.5331,-0.2477,-0.0010927,66.142,-0.59211
15.999,-3.7819,-0.25064,-0.00071654,72.844,-0.59067,14.797,-5.5765,-0.2487,-0.00071654,66.48,-0.59067
16.064,-3.8209,-0.25263,-0.00061476,73.086,-0.58826,14.867,-5.6186,-0.25113,-0.00061476,66.818,-0.58826
16.128,-3.8559,-0.2567,-0.0010324,73.328,-0.58428,14.938,-5.6582,-0.25429,-0.0010324,67.157,-0.58428
16.191,-3.886,-0.26214,-0.0014571,73.57,-0.57856,15.011,-5.6951,-0.25879,-0.0014571,67.495,-0.57856
16.253,-3.912,-0.26825,-0.0016125,73.812,-0.57138,15.086,-5.7297,-0.26462,-0.0016125,67.833,-0.57138
16.314,-3.9366,-0.27476,-0.0017777,74.053,-0.56365,15.161,-5.763,-0.2711,-0.0017777,68.171,-0.56365
16.374,-3.9588,-0.28242,-0.0023429,74.294,-0.5551,15.236,-5.795,-0.27719,-0.0023429,68.51,-0.5551
16.432,-3.9798,-0.29049,-0.0031694,74.535,-0.54604,15.311,-5.8261,-0.28364,-0.0031694,68.848,-0.54604
16.49,-3.9991,-0.29798,-0.0034103,74.775,-0.53659,15.387,-5.8561,-0.29048,-0.0034103,69.186,-0.53659
16.547,-4.017,-0.30453,-0.0031548,75.015,-0.52661,15.462,-5.8847,-0.2975,-0.0031548,69.524,-0.52661
16.604,-4.0338,-0.30981,-0.0027063,75.255,-0.51615,15.539,-5.9128,-0.30394,-0.0027063,69.862,-0.51615
16.661,-4.0494,-0.31443,-0.0020601,75.494,-0.50525,15.616,-5.9397,-0.30966,-0.0020601,70.2,-0.50525
16.718,-4.0646,-0.31766,-0.0013061,75.734,-0.49419,15.694,-5.9663,-0.31481,-0.0013061,70.538,-0.49419
16.775,-4.0795,-0.31951,0.00027139,75.972,-0.48308,15.771,-5.9922,-0.31969,0.00027139,70.876,-0.48308
16.832,-4.0941,-0.31867,0.0029722,76.211,-0.47206,15.849,-6.0177,-0.325,0.0029722,71.214,-0.47206
16.888,-4.1092,-0.31819,0.0048443,76.45,-0.46117,15.926,-6.0431,-0.32849,0.0048443,71.552,-0.46117
16.945,-4.1244,-0.31739,0.0060214,76.689,-0.45025,16.004,-6.0685,-0.33058,0.0060214,71.89,-0.45025
17.002,-4.1391,-0.31683,0.0064254,76.927,-0.43926,16.082,-6.0935,-0.3304,0.0064254,72.228,-0.43926
17.059,-4.1536,-0.3155,0.0065902,77.165,-0.42847,16.16,-6.1179,-0.32975,0.0065902,72.567,-0.42847
17.117,-4.1669,-0.31299,0.0073378,77.404,-0.4175,16.24,-6.1408,-0.32846,0.0073378,72.905,-0.4175
17.174,-4.1798,-0.30983,0.0079679,77.643,-0.40659,16.318,-6.163,-0.32676,0.0079679,73.243,-0.40659
17.232,-4.1912,-0.30555,0.0087136,77.882,-0.3955,16.399,-6.1839,-0.32415,0.0087136,73.582,-0.3955
17.29,-4.2027,-0.30166,0.0087709,78.121,-0.38467,16.478,-6.2042,-0.32049,0.0087709,73.921,-0.38467
17.348,-4.2144,-0.29832,0.0081996,78.36,-0.37412,16.557,-6.2245,-0.31596,0.0081996,74.26,-0.37412
17.406,-4.2246,-0.29495,0.0079479,78.599,-0.36347,16.636,-6.2429,-0.31181,0.0079479,74.599,-0.36347
17.463,-4.2334,-0.29086,0.0082747,78.838,-0.35287,16.716,-6.2597,-0.30859,0.0082747,74.938,-0.35287
17.521,-4.2417,-0.28662,0.0087279,79.077,-0.34247,16.794,-6.2757,-0.3053,0.0087279,75.277,-0.34247
17.579,-4.249,-0.28214,0.0094569,79.315,-0.33237,16.873,-6.2901,-0.30249,0.0094569,75.615,-0.33237
17.636,-4.256,-0.27827,0.0094856,79.554,-0.32258,16.95,-6.304,-0.29861,0.0094856,75.954,-0.32258
17.694,-4.2629,-0.27464,0.0089545,79.793,-0.31312,17.028,-6.3173,-0.29403,0.0089545,76.293,-0.31312
17.752,-4.2698,-0.2714,0.007998,80.031,-0.30404,17.104,-6.3302,-0.28856,0.007998,76.632,-0.30404
17.811,-4.2769,-0.26832,0.0066586,80.27,-0.29538,17.181,-6.3431,-0.28274,0.0066586,76.97,-0.29538
17.869,-4.283,-0.26573,0.0049574,80.508,-0.28672,17.257,-6.3546,-0.27618,0.0049574,77.309,-0.28672
17.927,-4.2887,-0.26334,0.0029873,80.747,-0.27828,17.334,-6.3656,-0.26961,0.0029873,77.647,-0.27828
17.986,-4.2928,-0.26009,0.0018729,80.985,-0.26966,17.411,-6.3747,-0.26406,0.0018729,77.986,-0.26966
18.044,-4.2962,-0.25687,0.0012106,81.224,-0.26125,17.487,-6.3829,-0.25945,0.0012106,78.324,-0.26125
18.103,-4.3001,-0.25355,0.00069917,81.463,-0.25326,17.562,-6.3912,-0.25522,0.00069917,78.663,-0.25326
18.162,-4.3035,-0.24992,0.00059477,81.701,-0.24544,17.637,-6.3988,-0.25122,0.00059477,79.001,-0.24544
18.221,-4.3072,-0.24644,0.00077393,81.939,-0.23807,17.712,-6.4063,-0.2481,0.00077393,79.339,-0.23807
18.28,-4.3106,-0.24318,0.0012673,82.178,-0.23101,17.785,-6.4132,-0.24585,0.0012673,79.677,-0.23101
18.339,-4.3138,-0.24021,0.0018917,82.416,-0.22406,17.859,-6.4198,-0.24442,0.0018917,80.015,-0.22406
18.399,-4.3162,-0.23759,0.0023016,82.654,-0.21686,17.934,-6.4257,-0.24241,0.0023016,80.353,-0.21686
18.458,-4.3182,-0.23447,0.0027862,82.893,-0.20959,18.009,-6.431,-0.24049,0.0027862,80.691,-0.20959
18.519,-4.3202,-0.2316,0.0031394,83.131,-0.2025,18.084,-6.4361,-0.23811,0.0031394,81.028,-0.2025
18.579,-4.322,-0.23016,0.0020105,83.37,-0.19551,18.16,-6.441,-0.23446,0.0020105,81.365,-0.19551
18.639,-4.3229,-0.2288,0.0012156,83.609,-0.18846,18.235,-6.4447,-0.23102,0.0012156,81.702,-0.18846
18.699,-4.3226,-0.22711,0.0007979,83.848,-0.18122,18.311,-6.4473,-0.22871,0.0007979,82.039,-0.18122
18.76,-4.3217,-0.22572,0.00056272,84.087,-0.17377,18.387,-6.4493,-0.22679,0.00056272,82.377,-0.17377
18.82,-4.3192,-0.22415,0.00065022,84.326,-0.16576,18.464,-6.4496,-0.22538,0.00065022,82.714,-0.16576
18.88,-4.3155,-0.2235,-0.00011163,84.565,-0.15715,18.542,-6.4489,-0.22322,-0.00011163,83.051,-0.15715
18.94,-4.3108,-0.22287,-0.00094801,84.804,-0.14829,18.621,-6.4471,-0.22088,-0.00094801,83.388,-0.14829
19,-4.3056,-0.22285,-0.0021573,85.043,-0.13936,18.7,-6.4448,-0.21802,-0.0021573,83.726,-0.13936
19.059,-4.2998,-0.22372,-0.0041832,85.281,-0.13009,18.78,-6.4416,-0.21454,-0.0041832,84.063,-0.13009
19.119,-4.2919,-0.22403,-0.0053223,85.52,-0.12035,18.86,-6.4363,-0.21223,-0.0053223,84.4,-0.12035
19.178,-4.2832,-0.22366,-0.0054112,85.759,-0.11045,18.94,-6.4301,-0.21177,-0.0054112,84.738,-0.11045
19.237,-4.2738,-0.22365,-0.0051333,85.997,-0.10027,19.021,-6.423,-0.21267,-0.0051333,85.076,-0.10027
19.296,-4.264,-0.22428,-0.0045211,86.236,-0.089963,19.102,-6.4153,-0.21434,-0.0045211,85.413,-0.089963
19.355,-4.2548,-0.22563,-0.0042057,86.475,-0.079796,19.184,-6.408,-0.21657,-0.0042057,85.751,-0.079796
19.414,-4.2454,-0.22771,-0.0043093,86.713,-0.069677,19.265,-6.4002,-0.21835,-0.0043093,86.089,-0.069677
19.473,-4.2349,-0.2296,-0.0037778,86.952,-0.059286,19.345,-6.3911,-0.2212,-0.0037778,86.427,-0.059286
19.532,-4.224,-0.23166,-0.0034011,87.191,-0.048764,19.427,-6.3814,-0.22412,-0.0034011,86.764,-0.048764
19.59,-4.2127,-0.23437,-0.0030889,87.429,-0.038286,19.508,-6.3711,-0.22747,-0.0030889,87.102,-0.038286
19.649,-4.2004,-0.23643,-0.0021068,87.697,-0.02775,19.589,-6.3596,-0.23181,-0.0021068,87.44,-0.02775
19.708,-4.1881,-0.23744,-0.00071005,88.036,-0.017496,19.67,-6.3478,-0.23562,-0.00071005,87.778,-0.017496
19.767,-4.1752,-0.23669,0.0017091,88.373,-0.0074929,19.751,-6.3352,-0.24042,0.0017091,88.116,-0.0074929
19.828,-4.1633,-0.23517,0.0043129,88.71,0.0016442,19.831,-6.3233,-0.24446,0.0043129,88.454,0.0016442
19.891,-4.1534,-0.23284,0.0067151,89.046,0.0094147,19.911,-6.3132,-0.24751,0.0067151,88.793,0.0094147
19.959,-4.1467,-0.22985,0.0089838,89.382,0.015081,19.99,-6.3064,-0.24903,0.0089838,89.131,0.015081
20.03,-4.1428,-0.22512,0.011719,89.717,0.018628,20.069,-6.3023,-0.25047,0.011719,89.469,0.018628
20.106,-4.1417,-0.21973,0.014458,90.053,0.020197,20.148,-6.301,-0.25051,0.014458,89.807,0.020197
20.184,-4.1414,-0.21259,0.017611,90.389,0.02063,20.227,-6.3006,-0.25067,0.017611,90.146,0.02063
20.265,-4.1425,-0.20655,0.019735,90.726,0.020214,20.307,-6.3016,-0.24906,0.019735,90.484,0.020214
20.347,-4.144,-0.20169,0.020729,91.063,0.019382,20.387,-6.3031,-0.24645,0.020729,90.822,0.019382
20.431,-4.1461,-0.19817,0.020344,91.401,0.017968,20.468,-6.3053,-0.24204,0.020344,91.161,0.017968
20.517,-4.149,-0.19589,0.018832,91.739,0.015921,20.549,-6.3084,-0.2366,0.018832,91.499,0.015921
20.603,-4.1523,-0.1954,0.01637,92.078,0.013518,20.631,-6.3118,-0.23087,0.01637,91.838,0.013518
20.689,-4.1545,-0.19607,0.01395,92.417,0.011185,20.713,-6.3142,-0.22608,0.01395,92.176,0.011185
20.775,-4.1553,-0.19809,0.010866,92.755,0.0094733,20.795,-6.315,-0.22173,0.010866,92.515,0.0094733
20.859,-4.1547,-0.20113,0.0076146,93.094,0.0084438,20.877,-6.3146,-0.21746,0.0076146,92.853,0.0084438
20.943,-4.1533,-0.20492,0.0041392,93.433,0.0079881,20.96,-6.3132,-0.21403,0.0041392,93.192,0.0079881
21.027,-4.152,-0.21058,-2.7209e-05,93.772,0.0074426,21.043,-6.3119,-0.2103,-2.7209e-05,93.531,0.0074426
21.11,-4.1504,-0.21657,-0.003488,94.112,0.00694,21.126,-6.3104,-0.20903,-0.003488,93.87,0.00694
21.193,-4.1483,-0.22329,-0.006108,94.451,0.0068394,21.208,-6.3082,-0.20991,-0.006108,94.209,0.0068394
21.275,-4.146,-0.23043,-0.0080996,94.791,0.0069637,21.291,-6.3059,-0.21309,-0.0080996,94.549,0.0069637
21.357,-4.1442,-0.23791,-0.0088164,95.13,0.0070342,21.373,-6.304,-0.21895,-0.0088164,94.888,0.0070342
21.439,-4.1432,-0.24565,-0.0090968,95.468,0.0070508,21.455,-6.303,-0.22602,-0.0090968,95.228,0.0070508
21.521,-4.1423,-0.25243,-0.0084461,95.807,0.0070629,21.537,-6.3022,-0.23416,-0.0084461,95.567,0.0070629
21.603,-4.1422,-0.25905,-0.0080022,96.146,0.0070863,21.619,-6.302,-0.24187,-0.0080022,95.905,0.0070863
21.685,-4.1417,-0.26541,-0.0076463,96.484,0.0072401,21.701,-6.3016,-0.24883,-0.0076463,96.243,0.0072401
21.766,-4.1406,-0.27113,-0.0071519,96.824,0.0075679,21.784,-6.3005,-0.25535,-0.0071519,96.582,0.0075679
21.848,-4.1391,-0.27615,-0.0064286,97.163,0.0081789,21.867,-6.2989,-0.26232,-0.0064286,96.92,0.0081789
21.93,-4.1378,-0.281,-0.0056615,97.502,0.0086989,21.949,-6.2977,-0.26873,-0.0056615,97.258,0.0086989
22.012,-4.1364,-0.28515,-0.0047034,97.841,0.0091941,22.032,-6.2962,-0.27517,-0.0047034,97.597,0.0091941
22.094,-4.1352,-0.28935,-0.0039085,98.18,0.0096882,22.116,-6.2951,-0.28065,-0.0039085,97.936,0.0096882
22.177,-4.1342,-0.29301,-0.0030266,98.519,0.010037,22.2,-6.2941,-0.28648,-0.0030266,98.275,0.010037
22.261,-4.1336,-0.29627,-0.0018936,98.858,0.010228,22.283,-6.2935,-0.29197,-0.0018936,98.613,0.010228
22.343,-4.1326,-0.29922,-0.00071454,99.197,0.010604,22.366,-6.2925,-0.2977,-0.00071454,98.952,0.010604
22.426,-4.1314,-0.30168,0.00059871,99.536,0.010962,22.45,-6.2913,-0.3029,0.00059871,99.291,0.010962
22.509,-4.1311,-0.30506,0.00048153,99.875,0.011098,22.533,-6.291,-0.30605,0.00048153,99.631,0.011098
22.592,-4.1298,-0.30759,0.00092501,100.21,0.011274,22.616,-6.2897,-0.30945,0.00092501,99.97,0.011274
22.675,-4.1289,-0.31004,0.0012629,100.55,0.011335,22.699,-6.2888,-0.31271,0.0012629,100.31,0.011335
22.758,-4.1283,-0.31275,0.0015087,100.89,0.011335,22.783,-6.2881,-0.31596,0.0015087,100.65,0.011335
22.841,-4.1276,-0.31512,0.0018147,101.23,0.011277,22.865,-6.2875,-0.31903,0.0018147,100.99,0.011277
22.924,-4.1274,-0.31834,0.00097798,101.57,0.011184,22.949,-6.2872,-0.32053,0.00097798,101.33,0.011184
23.007,-4.1258,-0.32112,0.00049983,101.91,0.011347,23.031,-6.2857,-0.32199,0.00049983,101.67,0.011347
23.089,-4.1247,-0.32324,-0.00017286,102.25,0.011345,23.113,-6.2846,-0.32331,-0.00017286,102.01,0.011345
23.171,-4.123,-0.32497,-0.00043879,102.59,0.011407,23.195,-6.2828,-0.32386,-0.00043879,102.35,0.011407
23.252,-4.1222,-0.32592,-0.00080546,102.93,0.011181,23.277,-6.2821,-0.32447,-0.00080546,102.69,0.011181
23.334,-4.1211,-0.32646,-0.00073312,103.27,0.011089,23.358,-6.281,-0.32484,-0.00073312,103.03,0.011089
23.415,-4.1205,-0.32688,-0.00087469,103.61,0.011043,23.44,-6.2803,-0.32517,-0.00087469,103.36,0.011043
23.497,-4.1198,-0.32726,-0.0010054,103.95,0.011041,23.521,-6.2797,-0.32499,-0.0010054,103.7,0.011041
23.577,-4.1191,-0.32717,-0.0011481,104.29,0.01105,23.601,-6.279,-0.3248,-0.0011481,104.04,0.01105
23.658,-4.1183,-0.32713,-0.0012896,104.63,0.01102,23.682,-6.2782,-0.32434,-0.0012896,104.38,0.01102
23.738,-4.1173,-0.32588,-0.00076635,104.97,0.010891,23.762,-6.2771,-0.32421,-0.00076635,104.72,0.010891
23.818,-4.1167,-0.32402,-0.00032499,105.3,0.010687,23.841,-6.2766,-0.32342,-0.00032499,105.06,0.010687
23.899,-4.1156,-0.3214,0.00028291,105.64,0.010717,23.922,-6.2755,-0.32189,0.00028291,105.4,0.010717
23.979,-4.1146,-0.31846,0.00058226,105.98,0.01085,24.002,-6.2745,-0.31996,0.00058226,105.74,0.01085
24.059,-4.1133,-0.31557,0.00084407,106.32,0.011084,24.083,-6.2732,-0.3172,0.00084407,106.08,0.011084
24.139,-4.1127,-0.31228,0.00077683,106.66,0.011107,24.163,-6.2726,-0.31423,0.00077683,106.42,0.011107
24.219,-4.1116,-0.3089,0.00071675,107,0.011304,24.244,-6.2714,-0.31029,0.00071675,106.76,0.011304
24.3,-4.1109,-0.30568,-0.00012147,107.34,0.011312,24.324,-6.2707,-0.30559,-0.00012147,107.09,0.011312
24.381,-4.1098,-0.30206,-0.00079586,107.68,0.011265,24.405,-6.2697,-0.29996,-0.00079586,107.43,0.011265
24.462,-4.1088,-0.29721,-0.0012272,108.02,0.011052,24.486,-6.2687,-0.29473,-0.0012272,107.77,0.011052
24.543,-4.1074,-0.29162,-0.00094783,108.35,0.01095,24.567,-6.2673,-0.28949,-0.00094783,108.11,0.01095
24.624,-4.1068,-0.28606,-0.0011497,108.69,0.010821,24.647,-6.2667,-0.2838,-0.0011497,108.45,0.010821
24.704,-4.1061,-0.28111,-0.0013734,109.03,0.010742,24.728,-6.266,-0.27806,-0.0013734,108.79,0.010742
24.785,-4.1055,-0.27651,-0.0015356,109.37,0.010534,24.808,-6.2654,-0.27318,-0.0015356,109.13,0.010534
24.866,-4.1053,-0.27284,-0.0017718,109.71,0.010186,24.888,-6.2652,-0.26938,-0.0017718,109.47,0.010186
24.947,-4.105,-0.26982,-0.001969,110.05,0.009866,24.968,-6.2649,-0.26541,-0.001969,109.81,0.009866
25.027,-4.1048,-0.26679,-0.0024414,110.39,0.0094655,25.048,-6.2647,-0.26174,-0.0024414,110.15,0.0094655
25.107,-4.1037,-0.26347,-0.0024352,110.73,0.0093786,25.127,-6.2637,-0.25792,-0.0024352,110.49,0.0093786
25.187,-4.1032,-0.25884,-0.0021686,111.07,0.0092678,25.207,-6.2631,-0.25439,-0.0021686,110.83,0.0092678
25.267,-4.1029,-0.25452,-0.001879,111.41,0.0090572,25.286,-6.2628,-0.25031,-0.001879,111.17,0.0090572
25.346,-4.103,-0.25048,-0.001944,111.74,0.0087384,25.366,-6.2629,-0.24642,-0.001944,111.5,0.0087384
25.426,-4.1024,-0.24725,-0.0021652,112.08,0.0086316,25.445,-6.2623,-0.24241,-0.0021652,111.84,0.0086316
25.505,-4.1014,-0.24411,-0.0022559,112.42,0.0086782,25.524,-6.2613,-0.23937,-0.0022559,112.18,0.0086782
25.585,-4.1002,-0.24158,-0.0022362,112.76,0.0088594,25.604,-6.2601,-0.23671,-0.0022362,112.52,0.0088594
25.664,-4.0993,-0.23914,-0.0019401,113.1,0.0089422,25.683,-6.2592,-0.23501,-0.0019401,112.86,0.0089422
25.743,-4.0985,-0.23612,-0.00080493,113.44,0.0089723,25.763,-6.2584,-0.23456,-0.00080493,113.2,0.0089723
25.823,-4.0982,-0.23337,0.0002814,113.78,0.0090011,25.842,-6.2581,-0.23391,0.0002814,113.54,0.0090011
25.902,-4.0981,-0.23096,0.0013806,114.12,0.0089987,25.922,-6.258,-0.23414,0.0013806,113.88,0.0089987
25.982,-4.0979,-0.22915,0.0024302,114.45,0.0090799,26.001,-6.2578,-0.23412,0.0024302,114.22,0.0090799
26.061,-4.0974,-0.22734,0.0032437,114.79,0.0092617,26.081,-6.2573,-0.23466,0.0032437,114.56,0.0092617
26.141,-4.097,-0.22617,0.0041133,115.13,0.0092806,26.16,-6.2569,-0.23486,0.0041133,114.89,0.0092806
26.221,-4.097,-0.22526,0.0047912,115.47,0.0091542,26.24,-6.2569,-0.23575,0.0047912,115.23,0.0091542
26.301,-4.0963,-0.2246,0.0057532,115.81,0.0091971,26.321,-6.2562,-0.23681,0.0057532,115.57,0.0091971
26.382,-4.0962,-0.22373,0.0067299,116.15,0.0090657,26.401,-6.2561,-0.23832,0.0067299,115.91,0.0090657
26.463,-4.096,-0.22335,0.0074237,116.49,0.0089398,26.481,-6.2559,-0.23926,0.0074237,116.25,0.0089398
26.544,-4.0959,-0.22355,0.0076635,116.82,0.0088076,26.562,-6.2557,-0.24008,0.0076635,116.59,0.0088076
26.625,-4.0957,-0.22387,0.0078081,117.16,0.0086743,26.643,-6.2555,-0.24071,0.0078081,116.92,0.0086743
26.707,-4.0954,-0.22466,0.0076205,117.5,0.0085707,26.724,-6.2552,-0.2412,0.0076205,117.26,0.0085707
26.788,-4.095,-0.22603,0.0072451,117.84,0.0083147,26.806,-6.2548,-0.24165,0.0072451,117.6,0.0083147
26.871,-4.0951,-0.22878,0.0058706,118.18,0.0077995,26.887,-6.255,-0.24115,0.0058706,117.94,0.0077995
26.953,-4.0948,-0.23173,0.0045755,118.52,0.0073019,26.969,-6.2547,-0.24161,0.0045755,118.28,0.0073019
27.036,-4.094,-0.23576,0.0030663,118.86,0.0069616,27.05,-6.254,-0.24219,0.0030663,118.62,0.0069616
27.118,-4.093,-0.24009,0.0016052,119.2,0.0067322,27.132,-6.253,-0.24386,0.0016052,118.96,0.0067322
27.201,-4.0921,-0.24518,0.00029416,119.53,0.0065275,27.215,-6.2521,-0.24554,0.00029416,119.29,0.0065275
27.283,-4.0915,-0.25033,-0.0013892,119.87,0.0063287,27.297,-6.2514,-0.24749,-0.0013892,119.63,0.0063287
27.365,-4.0898,-0.25539,-0.0025008,120.21,0.0063716,27.379,-6.2498,-0.24978,-0.0025008,119.97,0.0063716
27.448,-4.089,-0.26022,-0.0036965,120.55,0.006204,27.462,-6.249,-0.25239,-0.0036965,120.31,0.006204
27.531,-4.0881,-0.26544,-0.0049999,120.89,0.0060616,27.544,-6.248,-0.25446,-0.0049999,120.65,0.0060616
27.614,-4.087,-0.26985,-0.0057073,121.23,0.0059822,27.627,-6.2469,-0.25769,-0.0057073,120.99,0.0059822
27.696,-4.0859,-0.2745,-0.0061288,121.57,0.0059921,27.71,-6.2459,-0.26111,-0.0061288,121.33,0.0059921
27.779,-4.0851,-0.27859,-0.0061146,121.91,0.0060074,27.793,-6.245,-0.26539,-0.0061146,121.67,0.0060074
27.861,-4.0842,-0.28252,-0.0057765,122.25,0.0060924,27.875,-6.2441,-0.27019,-0.0057765,122.01,0.0060924
27.944,-4.0835,-0.28595,-0.0051949,122.59,0.0061498,27.957,-6.2435,-0.27462,-0.0051949,122.35,0.0061498
28.027,-4.0835,-0.28795,-0.0038386,122.92,0.0059586,28.04,-6.2434,-0.27986,-0.0038386,122.68,0.0059586
28.109,-4.0839,-0.28955,-0.0023501,123.26,0.0056312,28.122,-6.2439,-0.28431,-0.0023501,123.02,0.0056312
28.192,-4.0844,-0.29071,-0.0011273,123.6,0.0053327,28.203,-6.2443,-0.2885,-0.0011273,123.36,0.0053327
28.274,-4.0838,-0.29163,0.00026034,123.94,0.0054264,28.285,-6.2438,-0.29202,0.00026034,123.7,0.0054264
28.355,-4.084,-0.29226,0.00092789,124.28,0.0055055,28.367,-6.2439,-0.2944,0.00092789,124.04,0.0055055
28.437,-4.0833,-0.29208,0.0019158,124.62,0.0057454,28.449,-6.2433,-0.29581,0.0019158,124.38,0.0057454
28.519,-4.0834,-0.29106,0.0025841,124.96,0.0057019,28.531,-6.2434,-0.29679,0.0025841,124.72,0.0057019
28.602,-4.0833,-0.29011,0.0031767,125.3,0.0056883,28.613,-6.2432,-0.29667,0.0031767,125.06,0.0056883
28.684,-4.083,-0.28874,0.0039216,125.64,0.0056857,28.695,-6.243,-0.29733,0.0039216,125.4,0.0056857
28.765,-4.0831,-0.28861,0.0042469,125.98,0.0056322,28.777,-6.243,-0.29777,0.0042469,125.74,0.0056322
28.846,-4.0825,-0.28897,0.0041446,126.32,0.0057598,28.858,-6.2424,-0.29797,0.0041446,126.08,0.0057598
28.927,-4.0818,-0.28998,0.0036945,126.66,0.005822,28.939,-6.2417,-0.29782,0.0036945,126.42,0.005822
29.008,-4.0807,-0.29071,0.0033112,126.99,0.0060029,29.02,-6.2406,-0.29778,0.0033112,126.76,0.0060029
29.089,-4.0796,-0.2914,0.0028279,127.33,0.0062555,29.102,-6.2396,-0.2977,0.0028279,127.09,0.0062555
29.169,-4.0785,-0.29203,0.0021949,127.67,0.0065351,29.183,-6.2385,-0.29691,0.0021949,127.43,0.0065351
29.249,-4.0777,-0.29307,0.00092754,128.01,0.0066523,29.264,-6.2377,-0.29519,0.00092754,127.77,0.0066523
29.33,-4.0768,-0.2931,0.0004909,128.35,0.0065839,29.344,-6.2367,-0.29396,0.0004909,128.11,0.0065839
29.411,-4.0766,-0.29363,-0.00055027,128.69,0.0063039,29.424,-6.2366,-0.29263,-0.00055027,128.45,0.0063039
29.491,-4.0759,-0.29474,-0.0017993,129.03,0.0061083,29.505,-6.2358,-0.29078,-0.0017993,128.79,0.0061083
29.571,-4.0752,-0.29551,-0.0031741,129.37,0.0058893,29.585,-6.2351,-0.2887,-0.0031741,129.13,0.0058893
29.652,-4.0736,-0.29596,-0.0044698,129.71,0.005999,29.666,-6.2336,-0.2863,-0.0044698,129.47,0.005999
29.732,-4.0725,-0.29598,-0.005728,130.05,0.0060564,29.746,-6.2324,-0.28367,-0.005728,129.81,0.0060564
29.813,-4.0712,-0.29499,-0.0063825,130.39,0.0061189,29.827,-6.2311,-0.28126,-0.0063825,130.14,0.0061189
29.894,-4.0701,-0.2938,-0.007314,130.72,0.0063084,29.908,-6.23,-0.27799,-0.007314,130.48,0.0063084
29.974,-4.0686,-0.29168,-0.0079428,131.06,0.0065519,29.99,-6.2285,-0.27487,-0.0079428,130.82,0.0065519
30.055,-4.0676,-0.28988,-0.0086924,131.4,0.0066664,30.07,-6.2274,-0.27085,-0.0086924,131.16,0.0066664
30.136,-4.0667,-0.2868,-0.0086699,131.74,0.0066024,30.151,-6.2265,-0.26815,-0.0086699,131.5,0.0066024
30.217,-4.0661,-0.28385,-0.0085847,132.08,0.0065338,30.232,-6.2259,-0.26512,-0.0085847,131.84,0.0065338
30.298,-4.0654,-0.28063,-0.0079504,132.42,0.0066325,30.313,-6.2253,-0.26368,-0.0079504,132.18,0.0066325
30.378,-4.0648,-0.27782,-0.0068201,132.76,0.0068003,30.394,-6.2247,-0.26289,-0.0068201,132.52,0.0068003
30.459,-4.0649,-0.27474,-0.0052794,133.1,0.0068246,30.474,-6.2248,-0.26355,-0.0052794,132.86,0.0068246
30.539,-4.065,-0.27248,-0.0037406,133.44,0.0067884,30.554,-6.225,-0.26415,-0.0037406,133.2,0.0067884
30.62,-4.0657,-0.27005,-0.0019045,133.77,0.0066394,30.634,-6.2256,-0.26597,-0.0019045,133.54,0.0066394
30.699,-4.066,-0.26817,-6.0469e-05,134.11,0.006688,30.714,-6.2259,-0.26795,-6.0469e-05,133.88,0.006688
30.779,-4.0663,-0.26668,0.0013874,134.45,0.0067914,30.793,-6.2263,-0.26955,0.0013874,134.21,0.0067914
30.858,-4.0665,-0.26516,0.0027422,134.79,0.0068946,30.873,-6.2264,-0.27108,0.0027422,134.55,0.0068946
30.938,-4.0671,-0.26423,0.003587,135.13,0.0067289,30.953,-6.227,-0.27188,0.003587,134.89,0.0067289
31.019,-4.0674,-0.26267,0.0048553,135.47,0.0065316,31.033,-6.2273,-0.27334,0.0048553,135.23,0.0065316
31.099,-4.0671,-0.26179,0.0058969,135.81,0.0066219,31.113,-6.227,-0.27429,0.0058969,135.57,0.0066219
31.179,-4.0667,-0.2612,0.0063609,136.15,0.0068377,31.193,-6.2266,-0.27512,0.0063609,135.91,0.0068377
31.259,-4.066,-0.26067,0.0066115,136.48,0.0070897,31.273,-6.2259,-0.2748,0.0066115,136.25,0.0070897
31.339,-4.0653,-0.25981,0.0065155,136.82,0.0073544,31.354,-6.2252,-0.27434,0.0065155,136.58,0.0073544
31.42,-4.064,-0.25915,0.0061047,137.16,0.0077346,31.435,-6.2239,-0.27209,0.0061047,136.92,0.0077346
31.501,-4.063,-0.25777,0.0057418,137.5,0.0079074,31.517,-6.2229,-0.2705,0.0057418,137.26,0.0079074
31.582,-4.0623,-0.25658,0.0055946,137.84,0.0079121,31.598,-6.2222,-0.26839,0.0055946,137.6,0.0079121
31.664,-4.0621,-0.25525,0.005141,138.18,0.0078781,31.68,-6.222,-0.26658,0.005141,137.94,0.0078781
31.746,-4.0617,-0.25425,0.0046605,138.52,0.0076634,31.762,-6.2216,-0.2642,0.0046605,138.28,0.0076634
31.828,-4.061,-0.25311,0.0040937,138.86,0.0074304,31.843,-6.2209,-0.26204,0.0040937,138.62,0.0074304
31.91,-4.0604,-0.25287,0.0029654,139.19,0.0072312,31.925,-6.2203,-0.25927,0.0029654,138.96,0.0072312
31.991,-4.0593,-0.25302,0.0015067,139.53,0.0071676,32.006,-6.2192,-0.25633,0.0015067,139.3,0.0071676
32.073,-4.0579,-0.25335,-0.00010984,139.87,0.007215,32.089,-6.2179,-0.25328,-0.00010984,139.63,0.007215
32.155,-4.0563,-0.25407,-0.0012782,140.21,0.0074276,32.171,-6.2162,-0.25119,-0.0012782,139.97,0.0074276
32.235,-4.0551,-0.25521,-0.0023604,140.55,0.0075291,32.252,-6.2151,-0.25029,-0.0023604,140.31,0.0075291
32.317,-4.0544,-0.25693,-0.0030475,140.89,0.0074736,32.333,-6.2144,-0.25019,-0.0030475,140.65,0.0074736
32.398,-4.054,-0.25901,-0.0036435,141.23,0.0072779,32.414,-6.2139,-0.25133,-0.0036435,140.99,0.0072779
32.479,-4.0528,-0.26114,-0.0038815,141.57,0.0072544,32.495,-6.2127,-0.25258,-0.0038815,141.33,0.0072544
32.56,-4.0517,-0.26319,-0.0042879,141.91,0.0073459,32.576,-6.2116,-0.25402,-0.0042879,141.67,0.0073459
32.641,-4.0505,-0.26605,-0.0051044,142.25,0.0076207,32.657,-6.2104,-0.25473,-0.0051044,142.01,0.0076207
32.721,-4.0492,-0.26836,-0.0054783,142.58,0.007872,32.738,-6.2091,-0.25658,-0.0054783,142.35,0.007872
32.801,-4.0479,-0.26902,-0.0042951,142.92,0.0081315,32.819,-6.2078,-0.25968,-0.0042951,142.69,0.0081315
32.881,-4.0476,-0.26909,-0.0031518,143.26,0.0083825,32.9,-6.2075,-0.26227,-0.0031518,143.03,0.0083825
32.962,-4.0473,-0.26834,-0.0017226,143.6,0.0086616,32.981,-6.2072,-0.26462,-0.0017226,143.36,0.0086616
33.044,-4.0474,-0.26703,-0.00017796,143.94,0.0087507,33.062,-6.2073,-0.26649,-0.00017796,143.7,0.0087507
33.125,-4.047,-0.26519,0.001413,144.28,0.0089698,33.144,-6.2069,-0.26831,0.001413,144.04,0.0089698
33.206,-4.0468,-0.26364,0.0028066,144.62,0.0090514,33.225,-6.2067,-0.26952,0.0028066,144.38,0.0090514
33.288,-4.0468,-0.26209,0.0039997,144.96,0.0090106,33.306,-6.2068,-0.27114,0.0039997,144.72,0.0090106
33.369,-4.0466,-0.26164,0.0047738,145.29,0.0090903,33.388,-6.2065,-0.27149,0.0047738,145.06,0.0090903
33.449,-4.0459,-0.26002,0.0058727,145.63,0.0092927,33.469,-6.2057,-0.27299,0.0058727,145.4,0.0092927
33.531,-4.0455,-0.26047,0.0058227,145.97,0.0095311,33.551,-6.2054,-0.27275,0.0058227,145.74,0.0095311
33.612,-4.0453,-0.26097,0.0056073,146.31,0.0094988,33.632,-6.2052,-0.27311,0.0056073,146.08,0.0094988
33.694,-4.0452,-0.26226,0.0049404,146.65,0.0093235,33.714,-6.2051,-0.27281,0.0049404,146.41,0.0093235
33.775,-4.0451,-0.2638,0.0038773,146.99,0.0088967,33.794,-6.205,-0.27227,0.0038773,146.75,0.0088967
33.857,-4.0447,-0.26552,0.0026788,147.33,0.0084086,33.875,-6.2047,-0.27137,0.0026788,147.09,0.0084086
33.938,-4.0438,-0.26735,0.0013338,147.67,0.0081952,33.956,-6.2037,-0.27024,0.0013338,147.43,0.0081952
34.019,-4.0423,-0.26839,0.00058391,148.01,0.0081984,34.036,-6.2023,-0.26978,0.00058391,147.77,0.0081984
34.1,-4.0415,-0.26926,-0.00010805,148.35,0.0081505,34.117,-6.2015,-0.269,-0.00010805,148.11,0.0081505
34.181,-4.0408,-0.27026,-0.00081683,148.69,0.0080802,34.199,-6.2007,-0.26874,-0.00081683,148.45,0.0080802
34.262,-4.0404,-0.27176,-0.0013876,149.02,0.007899,34.279,-6.2003,-0.26839,-0.0013876,148.79,0.007899
34.343,-4.0397,-0.27223,-0.0016834,149.36,0.0077337,34.36,-6.1997,-0.26892,-0.0016834,149.13,0.0077337
34.424,-4.0391,-0.27353,-0.0024779,149.7,0.0076495,34.441,-6.199,-0.26797,-0.0024779,149.47,0.0076495
34.505,-4.0387,-0.2739,-0.0033927,150.04,0.0073488,34.522,-6.1986,-0.26675,-0.0033927,149.8,0.0073488
34.587,-4.0377,-0.27381,-0.0040002,150.38,0.0072444,34.603,-6.1976,-0.26496,-0.0040002,150.14,0.0072444
34.667,-4.0369,-0.27315,-0.0044434,150.72,0.0072474,34.684,-6.1968,-0.26379,-0.0044434,150.48,0.0072474
34.748,-4.0359,-0.27238,-0.0045902,151.06,0.0073807,34.765,-6.1958,-0.26234,-0.0045902,150.82,0.0073807
34.829,-4.0346,-0.27219,-0.0049914,151.4,0.007693,34.846,-6.1945,-0.2616,-0.0049914,151.16,0.007693
34.91,-4.0335,-0.2729,-0.0055507,151.74,0.0079587,34.928,-6.1933,-0.26085,-0.0055507,151.5,0.0079587
34.99,-4.0323,-0.27414,-0.0061324,152.08,0.0081236,35.008,-6.1922,-0.26097,-0.0061324,151.84,0.0081236
35.07,-4.0308,-0.27531,-0.0064848,152.42,0.0082942,35.089,-6.1906,-0.26179,-0.0064848,152.18,0.0082942
35.151,-4.0292,-0.27626,-0.006648,152.76,0.0085403,35.169,-6.1891,-0.2619,-0.006648,152.52,0.0085403
35.231,-4.0275,-0.27665,-0.0067345,153.09,0.0089114,35.251,-6.1873,-0.26219,-0.0067345,152.86,0.0089114
35.311,-4.0264,-0.27607,-0.0063044,153.43,0.009116,35.332,-6.1863,-0.26241,-0.0063044,153.2,0.009116
35.391,-4.0261,-0.2748,-0.0054629,153.77,0.0090668,35.412,-6.1859,-0.26322,-0.0054629,153.53,0.0090668
35.473,-4.0258,-0.27362,-0.0045186,154.11,0.0090647,35.493,-6.1856,-0.26364,-0.0045186,153.87,0.0090647
35.554,-4.0262,-0.27286,-0.0041656,154.45,0.00878,35.573,-6.1861,-0.264,-0.0041656,154.21,0.00878
35.635,-4.0265,-0.2727,-0.003967,154.79,0.0083471,35.653,-6.1864,-0.26402,-0.003967,154.55,0.0083471
35.716,-4.0261,-0.27224,-0.0039942,155.13,0.008077,35.734,-6.186,-0.26379,-0.0039942,154.89,0.008077
35.797,-4.0256,-0.27197,-0.0036585,155.47,0.0078357,35.815,-6.1856,-0.26398,-0.0036585,155.23,0.0078357
35.878,-4.0252,-0.27154,-0.0029774,155.8,0.007742,35.895,-6.1851,-0.26479,-0.0029774,155.57,0.007742
35.959,-4.0248,-0.26996,-0.0017123,156.14,0.0077782,35.976,-6.1847,-0.26638,-0.0017123,155.91,0.0077782
36.04,-4.0245,-0.26926,-0.0010326,156.48,0.0080006,36.057,-6.1844,-0.267,-0.0010326,156.25,0.0080006
36.12,-4.024,-0.26874,-0.00034928,156.82,0.0081839,36.138,-6.1839,-0.26807,-0.00034928,156.59,0.0081839
36.202,-4.0244,-0.26953,-0.00064547,157.16,0.0078259,36.218,-6.1843,-0.26822,-0.00064547,156.92,0.0078259
36.283,-4.0252,-0.27082,-0.00078841,157.5,0.0070289,36.299,-6.1852,-0.26919,-0.00078841,157.26,0.0070289
36.365,-4.0255,-0.27267,-0.001024,157.84,0.0064017,36.379,-6.1854,-0.27018,-0.001024,157.6,0.0064017
36.445,-4.0251,-0.2751,-0.0017395,158.18,0.0061254,36.459,-6.185,-0.27125,-0.0017395,157.94,0.0061254
36.527,-4.0239,-0.27708,-0.001969,158.52,0.0061344,36.54,-6.1838,-0.2727,-0.001969,158.28,0.0061344
36.607,-4.0235,-0.27989,-0.0030454,158.86,0.0061612,36.621,-6.1834,-0.27343,-0.0030454,158.62,0.0061612
36.687,-4.0223,-0.28198,-0.0037358,159.19,0.0062642,36.702,-6.1823,-0.27371,-0.0037358,158.96,0.0062642
36.768,-4.0214,-0.28357,-0.0046164,159.53,0.0062847,36.782,-6.1814,-0.27384,-0.0046164,159.3,0.0062847
36.849,-4.0202,-0.28543,-0.005904,159.87,0.0064704,36.863,-6.1801,-0.27277,-0.005904,159.64,0.0064704
36.93,-4.0188,-0.28643,-0.0072008,160.21,0.0066576,36.945,-6.1787,-0.27099,-0.0072008,159.97,0.0066576
37.011,-4.017,-0.2863,-0.0079736,160.55,0.0069415,37.027,-6.1768,-0.26911,-0.0079736,160.31,0.0069415
37.093,-4.0154,-0.28529,-0.008357,160.89,0.0071131,37.109,-6.1753,-0.26733,-0.008357,160.65,0.0071131
37.174,-4.0145,-0.28398,-0.0086039,161.23,0.0071225,37.191,-6.1744,-0.26546,-0.0086039,160.99,0.0071225
37.256,-4.0141,-0.28289,-0.0091731,161.56,0.007058,37.272,-6.1739,-0.26308,-0.0091731,161.33,0.007058
37.338,-4.0134,-0.282,-0.009729,161.9,0.0070191,37.354,-6.1733,-0.26105,-0.009729,161.67,0.0070191
37.419,-4.012,-0.28081,-0.0098879,162.24,0.0071911,37.436,-6.1718,-0.25942,-0.0098879,162.01,0.0071911
37.5,-4.0108,-0.27942,-0.009702,162.58,0.007243,37.517,-6.1706,-0.2586,-0.009702,162.35,0.007243
37.581,-4.0102,-0.27783,-0.0092068,162.92,0.0071671,37.598,-6.17,-0.25783,-0.0092068,162.69,0.0071671
37.662,-4.0094,-0.27581,-0.0085976,163.26,0.0073719,37.679,-6.1692,-0.25745,-0.0085976,163.03,0.0073719
37.743,-4.0082,-0.27393,-0.0080578,163.6,0.0077665,37.761,-6.1681,-0.2565,-0.0080578,163.37,0.0077665
37.823,-4.0081,-0.27225,-0.0079047,163.94,0.0078133,37.842,-6.1679,-0.25532,-0.0079047,163.71,0.0078133
37.905,-4.0081,-0.27074,-0.0076193,164.28,0.0076122,37.922,-6.1679,-0.2542,-0.0076193,164.04,0.0076122
37.986,-4.0083,-0.26923,-0.007269,164.62,0.0072596,38.002,-6.1681,-0.2535,-0.007269,164.38,0.0072596
38.066,-4.0083,-0.26752,-0.0069007,164.96,0.0069052,38.082,-6.1682,-0.25263,-0.0069007,164.72,0.0069052
38.147,-4.0082,-0.2649,-0.0060111,165.29,0.0064673,38.162,-6.1681,-0.25188,-0.0060111,165.06,0.0064673
38.228,-4.0084,-0.26159,-0.0049751,165.63,0.0060805,38.242,-6.1683,-0.25107,-0.0049751,165.4,0.0060805
38.309,-4.0082,-0.25863,-0.0040834,165.97,0.006066,38.322,-6.1681,-0.24975,-0.0040834,165.74,0.006066
38.389,-4.0077,-0.25557,-0.0031723,166.31,0.0062562,38.403,-6.1676,-0.24897,-0.0031723,166.08,0.0062562
38.469,-4.0073,-0.25343,-0.0022786,166.65,0.0064351,38.483,-6.1673,-0.24828,-0.0022786,166.42,0.0064351
38.549,-4.0075,-0.25179,-0.0017099,166.99,0.0063977,38.563,-6.1675,-0.24834,-0.0017099,166.76,0.0063977
38.629,-4.0072,-0.25053,-0.00087251,167.33,0.0064478,38.644,-6.1671,-0.24834,-0.00087251,167.1,0.0064478
38.709,-4.0065,-0.24836,0.00028521,167.67,0.0067097,38.724,-6.1664,-0.24899,0.00028521,167.43,0.0067097
38.789,-4.006,-0.24605,0.0015721,168.01,0.006878,38.804,-6.166,-0.24922,0.0015721,167.77,0.006878
38.869,-4.0059,-0.24407,0.0023421,168.35,0.0069791,38.884,-6.1658,-0.24918,0.0023421,168.11,0.0069791
38.949,-4.0055,-0.24282,0.0027302,168.69,0.0070528,38.964,-6.1655,-0.24861,0.0027302,168.45,0.0070528
39.03,-4.0055,-0.24192,0.0032671,169.02,0.0068588,39.044,-6.1655,-0.2485,0.0032671,168.79,0.0068588
39.11,-4.0059,-0.24074,0.0037494,169.36,0.0065646,39.124,-6.1658,-0.24889,0.0037494,169.13,0.0065646
39.191,-4.006,-0.24114,0.0034418,169.7,0.0064295,39.204,-6.166,-0.24869,0.0034418,169.47,0.0064295
39.27,-4.0046,-0.24243,0.0026977,170.04,0.0067568,39.285,-6.1645,-0.24844,0.0026977,169.81,0.0067568
39.35,-4.003,-0.24421,0.0021117,170.38,0.0071345,39.365,-6.1629,-0.24846,0.0021117,170.14,0.0071345
39.43,-4.002,-0.24558,0.0016203,170.72,0.0073422,39.446,-6.1619,-0.24934,0.0016203,170.48,0.0073422
39.511,-4.0009,-0.24739,0.001238,171.06,0.007453,39.527,-6.1608,-0.24993,0.001238,170.82,0.007453
39.591,-3.9999,-0.24938,0.00059713,171.4,0.0075993,39.607,-6.1598,-0.25082,0.00059713,171.16,0.0075993
