-1.8816,0,0.49317,0,-0.00025615,0
-1.8819,0,0.48886,0,0.00022123,0
-1.8814,-0.00010251,0.48127,0.00031322,0.00045491,-7.9637e-05
-1.8813,-0.00050384,0.46956,0.0016954,0.00010877,-0.00044159
-1.881,-0.0011916,0.45379,0.0039936,-0.0003439,-0.0011071
-1.8805,-0.0020737,0.43389,0.0067018,-0.00083827,-0.001718
-1.8799,-0.0034023,0.4106,0.01036,-0.0014233,-0.0020408
-1.8797,-0.0055814,0.38452,0.015394,-0.001987,-0.0024028
-1.88,-0.0087105,0.3565,0.021099,-0.0025738,-0.0030447
-1.8806,-0.013028,0.32695,0.026199,-0.003146,-0.0038211
-1.8811,-0.017912,0.29707,0.03113,-0.0037116,-0.0044327
-1.8809,-0.022681,0.26772,0.036853,-0.0043688,-0.0045788
-1.8806,-0.027334,0.23965,0.042584,-0.0049189,-0.0043513
-1.8805,-0.031391,0.21403,0.047688,-0.0053045,-0.0039798
-1.8805,-0.034481,0.19086,0.052199,-0.0055066,-0.0036408
-1.8805,-0.036644,0.17089,0.055806,-0.0054669,-0.0033229
-1.88,-0.038093,0.1537,0.058668,-0.0051261,-0.0029213
-1.8789,-0.03884,0.13997,0.060711,-0.0044596,-0.0024243
-1.8775,-0.039106,0.1295,0.062161,-0.0033805,-0.0018308
-1.8762,-0.039039,0.12257,0.062868,-0.0018648,-0.0013807
-1.8748,-0.038568,0.11897,0.062778,5.4381e-05,-0.0010768
-1.8733,-0.037571,0.1187,0.062064,0.0021756,-0.00058956
-1.8714,-0.036133,0.1214,0.060523,0.0044022,6.9376e-05
-1.8692,-0.034418,0.12671,0.058641,0.0066667,0.00050952
-1.8668,-0.032716,0.1342,0.056716,0.008922,0.00086723
-1.8644,-0.031176,0.14346,0.05483,0.011173,0.0012116
-1.8622,-0.02988,0.15405,0.053194,0.013423,0.0015969
-1.8602,-0.028894,0.16547,0.051889,0.015622,0.0020197
-1.8583,-0.028218,0.17735,0.050909,0.017741,0.0024836
-1.8564,-0.027825,0.18957,0.050404,0.019752,0.0030384
-1.8545,-0.027833,0.20147,0.050237,0.021574,0.0036227
-1.8527,-0.028278,0.21294,0.050479,0.023229,0.0041118
-1.851,-0.029105,0.22366,0.05105,0.024696,0.0044851
-1.8496,-0.030243,0.23338,0.05189,0.025952,0.0047964
-1.8485,-0.031596,0.24187,0.05297,0.026984,0.0050329
-1.8476,-0.033133,0.24914,0.054267,0.027815,0.0052189
-1.8469,-0.034774,0.25502,0.055731,0.028446,0.0053908
-1.8464,-0.036464,0.25948,0.057299,0.028903,0.0055406
-1.8461,-0.038131,0.26249,0.058876,0.029218,0.0056318
-1.8461,-0.039737,0.26416,0.060422,0.029423,0.0056544
-1.8463,-0.041181,0.26452,0.061846,0.02953,0.0056284
-1.8467,-0.042404,0.26368,0.06312,0.029541,0.0055778
-1.8474,-0.043347,0.26173,0.064238,0.029443,0.0055849
-1.8482,-0.043933,0.25884,0.065021,0.029247,0.0056788
-1.8493,-0.044135,0.25513,0.065514,0.028953,0.0058127
-1.8505,-0.043962,0.25084,0.065702,0.028567,0.0058955
-1.8519,-0.043458,0.246,0.065584,0.028069,0.0058786
-1.8534,-0.042651,0.24087,0.065165,0.027461,0.0057895
-1.8549,-0.041527,0.23558,0.064531,0.02674,0.0055767
-1.8566,-0.040104,0.23027,0.063795,0.025937,0.0051963
-1.8584,-0.038535,0.22517,0.062927,0.025098,0.0047236
-1.8603,-0.036824,0.22034,0.061964,0.024207,0.0041946
-1.8623,-0.034993,0.21587,0.060922,0.02327,0.0036513
-1.8644,-0.033107,0.21188,0.059831,0.022299,0.0031263
-1.8665,-0.031186,0.20841,0.058767,0.021292,0.0025196
-1.8687,-0.0293,0.20553,0.057651,0.020264,0.0017786
-1.8708,-0.027449,0.20327,0.056592,0.019207,0.00096877
-1.873,-0.025628,0.20159,0.055546,0.018087,0.00026835
-1.8752,-0.023931,0.20055,0.054538,0.01695,-0.00025072
-1.8774,-0.022318,0.2001,0.053587,0.015775,-0.00062317
-1.8797,-0.020769,0.20022,0.052692,0.014537,-0.00087525
-1.8818,-0.019356,0.20085,0.051895,0.013285,-0.0010104
-1.884,-0.018032,0.20198,0.051169,0.011966,-0.0010381
-1.886,-0.016822,0.20352,0.050529,0.010609,-0.00095391
-1.8879,-0.015735,0.20538,0.049978,0.009246,-0.00076225
-1.8897,-0.014708,0.20756,0.049482,0.0078287,-0.00045831
-1.8914,-0.013735,0.20996,0.04904,0.0063894,-5.2053e-05
-1.893,-0.012816,0.21247,0.048655,0.0049615,0.000434
-1.8945,-0.011908,0.2151,0.048317,0.0034956,0.0010045
-1.8959,-0.011049,0.21771,0.048035,0.0020576,0.0016223
-1.8971,-0.010206,0.22034,0.047792,0.00060193,0.0022941
-1.8982,-0.0094812,0.22279,0.047871,-0.00083089,0.0029827
-1.8992,-0.0088683,0.22507,0.047953,-0.0022493,0.0037608
-1.9,-0.0083243,0.22716,0.048055,-0.0036377,0.0046202
-1.9008,-0.0077819,0.22904,0.048175,-0.0049795,0.0055474
-1.9015,-0.0072227,0.23066,0.048288,-0.0062272,0.0065002
-1.9021,-0.0066156,0.23206,0.048389,-0.0074116,0.0075034
-1.9026,-0.0059702,0.23317,0.048452,-0.0084764,0.0084996
-1.9031,-0.0052687,0.23402,0.048459,-0.0094308,0.0094887
-1.9035,-0.0045128,0.23462,0.048419,-0.010267,0.010458
-1.9039,-0.0036763,0.23497,0.048317,-0.010993,0.011416
-1.9042,-0.0027951,0.23508,0.048151,-0.011574,0.012297
-1.9046,-0.0018685,0.23496,0.047954,-0.012028,0.013097
-1.9049,-0.00090834,0.23466,0.047704,-0.012358,0.013855
-1.9052,9.0067e-05,0.23417,0.04742,-0.012576,0.014644
-1.9054,0.0011329,0.23354,0.047127,-0.012687,0.015462
-1.9056,0.0021959,0.2328,0.046852,-0.012697,0.016303
-1.9057,0.0032529,0.23198,0.046658,-0.012617,0.017147
-1.9058,0.0041239,0.23126,0.047338,-0.012539,0.017905
-1.9058,0.0048866,0.23044,0.047129,-0.012357,0.018459
-1.9057,0.0054388,0.22967,0.047221,-0.012071,0.018759
-1.9056,0.005916,0.22899,0.047347,-0.011697,0.018881
-1.9054,0.0063612,0.22835,0.047491,-0.01128,0.018912
-1.9051,0.006759,0.22776,0.047744,-0.010826,0.018871
-1.9046,0.0070945,0.22723,0.048049,-0.010317,0.018769
-1.9042,0.0073675,0.22677,0.048399,-0.0097658,0.018641
-1.9036,0.0076031,0.22639,0.048755,-0.0091979,0.01851
-1.903,0.0078183,0.22608,0.049128,-0.0085943,0.018375
-1.9023,0.0080083,0.22582,0.049586,-0.0079782,0.018206
-1.9015,0.0081442,0.22564,0.050075,-0.0073532,0.017926
-1.9006,0.0082201,0.22552,0.050641,-0.0067349,0.017567
-1.8995,0.0083027,0.2255,0.051224,-0.0061096,0.017195
-1.8984,0.008396,0.22553,0.051601,-0.0054812,0.016862
-1.8972,0.0085219,0.22562,0.052033,-0.004846,0.016599
-1.896,0.0086885,0.22575,0.052429,-0.004211,0.01647
-1.8946,0.0088882,0.22591,0.052814,-0.0035952,0.016458
-1.8931,0.0091267,0.22608,0.053221,-0.0030017,0.016597
-1.8916,0.0093727,0.22625,0.053608,-0.0024226,0.016895
-1.89,0.0096327,0.22643,0.054083,-0.0018593,0.017251
-1.8883,0.0098774,0.22658,0.054547,-0.0013049,0.017509
-1.8865,0.010099,0.22672,0.054987,-0.00075184,0.017702
-1.8847,0.010345,0.22683,0.055397,-0.00023117,0.017925
-1.8829,0.010624,0.2269,0.05579,0.00027817,0.018202
-1.881,0.010922,0.22694,0.05621,0.00075442,0.018505
-1.879,0.011238,0.22695,0.0566,0.0012142,0.018842
-1.877,0.011571,0.22692,0.056978,0.0016525,0.019204
-1.8749,0.011904,0.22686,0.057387,0.002053,0.019506
-1.8728,0.012196,0.22677,0.057797,0.0024266,0.019732
-1.8706,0.012482,0.22664,0.058213,0.002777,0.019916
-1.8684,0.012802,0.2265,0.058511,0.0030985,0.02012
-1.8661,0.013184,0.22635,0.058752,0.0033963,0.020324
-1.8638,0.013593,0.2262,0.059008,0.0036743,0.020455
-1.8614,0.013994,0.22606,0.059243,0.0039349,0.020507
-1.859,0.014367,0.22593,0.059524,0.0041689,0.020401
-1.8564,0.014723,0.2258,0.059788,0.0043963,0.020102
-1.8537,0.01508,0.22569,0.060048,0.0045996,0.019681
-1.8508,0.01546,0.22558,0.060276,0.0047901,0.01916
-1.8479,0.015855,0.22549,0.060497,0.0049629,0.018575
-1.8449,0.016264,0.22541,0.060708,0.0051157,0.018031
-1.8417,0.016697,0.22535,0.060834,0.0052508,0.017572
-1.8384,0.0172,0.22531,0.060904,0.0053566,0.017153
-1.8349,0.017763,0.2253,0.060852,0.0054289,0.016754
-1.8311,0.018427,0.22534,0.060735,0.0054599,0.016436
-1.8271,0.019126,0.22541,0.060592,0.0054434,0.016309
-1.8228,0.01985,0.22553,0.060418,0.0053763,0.016417
-1.8184,0.020575,0.2257,0.060272,0.0052686,0.016784
-1.8138,0.021296,0.2259,0.060172,0.0051276,0.017428
-1.8089,0.022115,0.22616,0.06003,0.0049541,0.018495
-1.8038,0.023118,0.22645,0.059855,0.0047689,0.019983
-1.7984,0.024294,0.22676,0.059765,0.0045632,0.021911
-1.7928,0.025542,0.22706,0.059695,0.0043531,0.024211
-1.7871,0.026824,0.22735,0.059737,0.0041448,0.026895
-1.7811,0.028197,0.22764,0.059873,0.0039397,0.029964
-1.7749,0.029562,0.22795,0.060102,0.0037698,0.033224
-1.7686,0.030876,0.22823,0.060416,0.0036737,0.036497
-1.7623,0.032178,0.22847,0.060828,0.0036887,0.039723
-1.7559,0.033378,0.22867,0.061625,0.0038119,0.042605
-1.7495,0.034488,0.22881,0.062153,0.0040984,0.045136
-1.743,0.03534,0.22888,0.062818,0.0045811,0.047187
-1.7366,0.036013,0.22887,0.063496,0.0052375,0.048778
-1.73,0.036583,0.22879,0.06416,0.006046,0.049966
-1.7235,0.037057,0.22865,0.064876,0.0069789,0.050781
-1.7169,0.03743,0.22852,0.065745,0.0080371,0.051276
-1.7099,0.037801,0.22841,0.066433,0.0091833,0.051647
-1.7027,0.038135,0.22831,0.067018,0.010412,0.051886
-1.6954,0.038479,0.22823,0.067519,0.011703,0.051941
-1.6875,0.038906,0.22814,0.067909,0.013075,0.051774
-1.6794,0.039459,0.22802,0.068222,0.014495,0.051467
-1.671,0.040172,0.22786,0.068512,0.015961,0.051241
-1.6623,0.040983,0.22765,0.068704,0.017436,0.051328
-1.6533,0.041852,0.22738,0.068951,0.018914,0.051931
-1.6441,0.042757,0.22707,0.069304,0.020336,0.053063
-1.6348,0.043779,0.22672,0.069753,0.021721,0.05472
-1.6249,0.044923,0.22628,0.070409,0.023112,0.056925
-1.6152,0.046121,0.22575,0.071235,0.024464,0.059393
-1.6052,0.047302,0.22513,0.072142,0.025879,0.06208
-1.5951,0.04844,0.2244,0.073282,0.027359,0.064986
-1.5851,0.049472,0.22359,0.074447,0.028849,0.068039
-1.5751,0.05052,0.22275,0.075581,0.030369,0.071211
-1.565,0.051609,0.22192,0.076844,0.031975,0.074416
-1.5546,0.052743,0.22111,0.07826,0.033647,0.077587
-1.5442,0.053899,0.2203,0.079609,0.035332,0.080923
-1.5336,0.055221,0.21959,0.080723,0.036991,0.084414
-1.5226,0.056728,0.21904,0.081828,0.03865,0.087823
-1.5114,0.058377,0.21863,0.08291,0.040301,0.0909
-1.4999,0.060052,0.21832,0.083735,0.041913,0.093652
-1.4882,0.061833,0.21812,0.084682,0.043491,0.096108
-1.4762,0.06373,0.21807,0.085565,0.045043,0.098108
-1.4641,0.065397,0.21809,0.086347,0.046583,0.099656
-1.4517,0.066954,0.21816,0.086872,0.048097,0.10094
-1.4394,0.068568,0.21823,0.087098,0.049475,0.10205
-1.4269,0.070434,0.2184,0.08704,0.050747,0.10311
-1.4144,0.072685,0.21867,0.086605,0.051911,0.10422
-1.4021,0.075315,0.21903,0.085794,0.052941,0.10538
-1.3898,0.078356,0.2195,0.084597,0.053845,0.10659
-1.3773,0.081833,0.22012,0.083139,0.054662,0.10787
-1.365,0.085564,0.22079,0.081699,0.055365,0.10923
-1.3528,0.08935,0.22145,0.08037,0.055955,0.11074
-1.3406,0.093116,0.22203,0.079012,0.056455,0.11226
-1.3282,0.096905,0.22246,0.077741,0.056908,0.11355
-1.3158,0.10046,0.22273,0.076763,0.057335,0.11443
-1.3035,0.10363,0.22284,0.076105,0.057707,0.11488
-1.2911,0.10632,0.22277,0.07598,0.057984,0.11485
-1.2789,0.10853,0.2226,0.076211,0.058168,0.11449
-1.2663,0.11044,0.22234,0.076681,0.058262,0.11408
-1.2541,0.11209,0.22201,0.077288,0.058255,0.11389
-1.242,0.11365,0.22168,0.077836,0.058155,0.11371
-1.2296,0.11523,0.22138,0.078346,0.058013,0.11327
-1.2176,0.11682,0.2211,0.078892,0.057837,0.11264
-1.2056,0.11852,0.22079,0.07915,0.057604,0.11181
-1.1936,0.12051,0.22045,0.079003,0.057357,0.11074
-1.1817,0.12284,0.22009,0.078689,0.057094,0.10946
-1.1694,0.12552,0.21969,0.078295,0.056794,0.10804
-1.1572,0.12837,0.21929,0.07768,0.056476,0.10644
-1.1452,0.13137,0.21892,0.076586,0.056151,0.10476
-1.1333,0.1346,0.21856,0.075081,0.055779,0.10312
-1.1213,0.13823,0.21823,0.073485,0.055325,0.10153
-1.1093,0.14205,0.21793,0.07192,0.054803,0.1001
-1.0975,0.14584,0.2176,0.070281,0.054207,0.098892
-1.0854,0.14942,0.2172,0.068845,0.053516,0.097894
-1.073,0.15271,0.2167,0.067734,0.052778,0.097052
-1.0606,0.15563,0.21611,0.066998,0.05202,0.096183
-1.0477,0.15822,0.21539,0.066527,0.051294,0.095158
-1.0348,0.16037,0.21463,0.066462,0.050686,0.093933
-1.0216,0.16218,0.21386,0.066698,0.050159,0.09249
-1.0084,0.1637,0.21316,0.067078,0.049673,0.090996
-0.995,0.16506,0.21252,0.067547,0.049194,0.089586
-0.98171,0.16633,0.21196,0.06787,0.048713,0.088357
-0.96821,0.16788,0.21144,0.067783,0.048243,0.087273
-0.95471,0.16983,0.21097,0.067419,0.047821,0.086305
-0.94098,0.17215,0.21056,0.066638,0.047475,0.085284
-0.92685,0.17482,0.21018,0.065507,0.047223,0.084059
-0.91209,0.17785,0.20985,0.064178,0.047049,0.082588
-0.89719,0.18098,0.20956,0.062893,0.046915,0.08111
-0.88193,0.18405,0.20929,0.061629,0.046837,0.079664
-0.8663,0.18692,0.20898,0.060627,0.046821,0.078154
-0.85105,0.18939,0.20864,0.06003,0.04685,0.076572
-0.83537,0.19156,0.20828,0.059958,0.046891,0.074922
-0.81992,0.19337,0.20793,0.060111,0.046963,0.073417
-0.80369,0.195,0.20758,0.060433,0.047066,0.071961
-0.78718,0.1964,0.20725,0.060932,0.047191,0.07062
-0.76972,0.19772,0.20697,0.061254,0.047318,0.069532
-0.75209,0.1991,0.20674,0.061456,0.047454,0.068848
-0.73436,0.20057,0.20653,0.061606,0.047619,0.068519
-0.71661,0.20204,0.20635,0.061806,0.047855,0.068407
-0.69916,0.20342,0.20622,0.062265,0.048136,0.068261
-0.68124,0.20469,0.20612,0.062901,0.048433,0.067955
-0.66331,0.20576,0.20601,0.063737,0.048787,0.067391
-0.64506,0.20667,0.20592,0.064577,0.049209,0.066596
-0.6265,0.20745,0.20588,0.065571,0.049633,0.065832
-0.60753,0.2081,0.20587,0.066656,0.050125,0.065263
-0.58825,0.20876,0.20584,0.06757,0.050666,0.064984
-0.56939,0.20966,0.20581,0.0681,0.051268,0.065148
-0.55068,0.21094,0.20578,0.068234,0.051819,0.065851
-0.53173,0.2127,0.2057,0.068425,0.052319,0.066955
-0.51278,0.21474,0.20557,0.068651,0.052793,0.068263
-0.49345,0.21697,0.20542,0.068811,0.053202,0.069811
-0.47373,0.21942,0.20519,0.068803,0.05357,0.071587
-0.45382,0.222,0.20476,0.06888,0.053916,0.073385
-0.43382,0.22458,0.2042,0.068673,0.054263,0.075125
-0.41351,0.22731,0.20356,0.06823,0.054659,0.076824
-0.39351,0.23018,0.2028,0.067946,0.055038,0.078377
-0.37345,0.23308,0.20187,0.067732,0.055445,0.079727
-0.35345,0.23592,0.20086,0.067677,0.055866,0.080912
-0.33316,0.23877,0.19972,0.067591,0.056288,0.082033
-0.31244,0.24168,0.19843,0.067306,0.056733,0.083138
-0.29177,0.2445,0.19707,0.067028,0.057207,0.084072
-0.27078,0.24728,0.19564,0.066848,0.057662,0.08493
-0.24997,0.25007,0.19419,0.066721,0.058091,0.086016
-0.22929,0.25307,0.19263,0.066386,0.058488,0.087517
-0.20865,0.25635,0.19106,0.066175,0.058897,0.089567
-0.18771,0.25988,0.18951,0.066099,0.059363,0.092092
-0.16706,0.26343,0.18802,0.06586,0.059906,0.094689
-0.14601,0.26714,0.18661,0.06538,0.060565,0.097112
-0.1251,0.27095,0.18524,0.064848,0.061232,0.099066
-0.10434,0.27468,0.18393,0.064331,0.06186,0.1003
-0.083134,0.2784,0.18261,0.063652,0.06253,0.10088
-0.061872,0.28202,0.18131,0.062707,0.063224,0.10111
-0.040545,0.28554,0.18006,0.061794,0.063928,0.10126
-0.019178,0.28894,0.17893,0.061209,0.064648,0.10145
0.0024845,0.2922,0.17791,0.060793,0.065376,0.10171
0.024078,0.29544,0.17695,0.060188,0.066026,0.10198
0.045794,0.29886,0.17608,0.05946,0.066577,0.10234
0.067824,0.30252,0.1753,0.058581,0.067088,0.1031
0.089584,0.30623,0.17458,0.058018,0.067497,0.1046
0.11146,0.30986,0.17395,0.057775,0.067841,0.10694
0.13335,0.31349,0.17357,0.057639,0.068259,0.10951
0.15539,0.31715,0.17326,0.057752,0.06872,0.11195
0.1774,0.32071,0.17299,0.05783,0.069179,0.11365
0.1996,0.32411,0.17272,0.057661,0.069587,0.11426
0.22232,0.32747,0.17245,0.057446,0.069988,0.11364
0.24486,0.33076,0.17223,0.057065,0.070396,0.11219
0.26692,0.33402,0.17207,0.056682,0.070844,0.11045
0.28944,0.33737,0.17193,0.056612,0.071283,0.10864
0.31236,0.34078,0.17182,0.056508,0.071651,0.10673
0.33503,0.34425,0.17179,0.055912,0.071953,0.10476
0.35763,0.34795,0.17181,0.054913,0.072163,0.10283
0.38039,0.35192,0.17186,0.053645,0.07235,0.10105
0.40288,0.35616,0.17196,0.051822,0.072541,0.099797
0.42486,0.36063,0.17223,0.050143,0.07277,0.099195
0.4471,0.36517,0.17264,0.048627,0.073009,0.098997
0.46974,0.36963,0.17318,0.04686,0.07326,0.098974
0.49195,0.37404,0.17378,0.044745,0.073495,0.098848
0.51474,0.37865,0.17441,0.042653,0.073747,0.098185
0.53663,0.38295,0.17503,0.041016,0.074075,0.096828
0.5588,0.38717,0.17561,0.039477,0.074542,0.094885
0.58032,0.39118,0.17621,0.038657,0.075077,0.092797
0.60238,0.39501,0.17687,0.038322,0.07561,0.090732
0.62495,0.39863,0.17748,0.037647,0.076082,0.088902
0.6475,0.40221,0.17793,0.036514,0.076438,0.087548
0.66989,0.40577,0.1782,0.035381,0.076686,0.086798
0.69202,0.40925,0.17823,0.034597,0.076883,0.08668
0.71421,0.41244,0.17816,0.034239,0.077143,0.086994
0.73682,0.41511,0.178,0.034126,0.07742,0.087271
0.75982,0.41746,0.17765,0.033958,0.077642,0.087367
0.78319,0.41977,0.17703,0.033579,0.077804,0.08721
0.80617,0.42221,0.17619,0.033238,0.077915,0.086798
0.82917,0.42484,0.17512,0.032952,0.078045,0.086291
0.85219,0.42775,0.17381,0.03233,0.078217,0.086
0.87508,0.43092,0.17246,0.031634,0.078376,0.086039
0.89879,0.43426,0.17097,0.030879,0.078484,0.086541
0.9223,0.43737,0.16934,0.03008,0.078544,0.087414
0.94605,0.44038,0.16757,0.029467,0.078562,0.088339
0.96971,0.44341,0.16579,0.028967,0.078653,0.089165
0.99315,0.44657,0.16399,0.028135,0.078841,0.089808
1.0173,0.44994,0.16216,0.027059,0.079088,0.090009
1.0412,0.4533,0.16043,0.026255,0.079345,0.089647
1.0654,0.4567,0.15868,0.025495,0.079634,0.088919
1.0898,0.46013,0.15683,0.024621,0.079942,0.088241
1.1137,0.46348,0.15501,0.023637,0.080314,0.087899
1.1378,0.46684,0.15322,0.022712,0.080709,0.088181
1.1619,0.47004,0.15153,0.021766,0.081073,0.088986
1.1863,0.4733,0.14992,0.020841,0.081438,0.089789
1.2109,0.47653,0.14835,0.02029,0.081793,0.090286
1.2356,0.47968,0.14688,0.019592,0.082121,0.090505
1.26,0.48285,0.1455,0.01865,0.0824,0.090669
1.2847,0.48606,0.14416,0.017797,0.082631,0.090841
1.3095,0.4892,0.1429,0.016958,0.082778,0.090885
1.3341,0.49207,0.14172,0.016722,0.082861,0.090894
1.3593,0.4947,0.14055,0.016787,0.08288,0.091127
1.3847,0.49719,0.13943,0.016712,0.082756,0.091681
1.4098,0.49989,0.13833,0.016289,0.082455,0.092678
1.4353,0.50283,0.1373,0.015768,0.082009,0.09415
1.461,0.50598,0.13635,0.01493,0.081425,0.095746
1.4867,0.50935,0.13545,0.013982,0.080799,0.096918
1.512,0.51283,0.13461,0.013132,0.080115,0.097531
1.5379,0.51631,0.13379,0.012739,0.079291,0.097665
1.5637,0.51951,0.13297,0.012461,0.07835,0.097352
1.5895,0.52246,0.13218,0.012382,0.07726,0.096791
1.6154,0.52523,0.13147,0.012589,0.07604,0.096451
1.641,0.52789,0.13076,0.01292,0.074724,0.096647
1.667,0.53057,0.13004,0.01287,0.073197,0.097314
1.6931,0.53343,0.1293,0.0126,0.07149,0.098301
1.7188,0.53643,0.12859,0.012396,0.069656,0.099706
1.745,0.53945,0.12794,0.012228,0.067659,0.10181
1.7706,0.54247,0.12736,0.012177,0.065599,0.10423
1.7968,0.54556,0.12678,0.012276,0.063372,0.1067
1.8225,0.54846,0.1263,0.0124,0.061124,0.10889
1.8481,0.55144,0.12595,0.012529,0.058917,0.11069
1.8739,0.5546,0.1258,0.012385,0.056753,0.11182
1.8989,0.55795,0.12589,0.011944,0.054676,0.11219
1.924,0.56151,0.12607,0.011251,0.052562,0.11216
1.9493,0.56533,0.12633,0.010071,0.050496,0.11162
1.9741,0.56935,0.12676,0.0090258,0.048543,0.11112
1.9991,0.57352,0.12735,0.0078656,0.04665,0.11125
2.024,0.57759,0.12804,0.0069365,0.044764,0.11204
2.0489,0.58149,0.12869,0.0062095,0.042829,0.11296
2.0739,0.58528,0.12933,0.00549,0.040893,0.11378
2.0993,0.58924,0.13009,0.0045352,0.038978,0.11455
2.125,0.59335,0.13101,0.0036131,0.037064,0.1153
2.1507,0.59744,0.13192,0.0030133,0.035144,0.11611
2.1768,0.60135,0.13285,0.0027808,0.033194,0.11721
2.2027,0.60494,0.13381,0.002734,0.031274,0.11831
2.2288,0.60825,0.13488,0.0030119,0.029442,0.11908
2.2552,0.61145,0.13605,0.0030647,0.027643,0.11964
2.2823,0.61477,0.13717,0.003154,0.02576,0.12037
2.3097,0.61816,0.13824,0.0034842,0.023853,0.12148
2.337,0.62156,0.13938,0.0037411,0.022047,0.12287
2.3647,0.62507,0.14058,0.0041246,0.020332,0.12439
2.3929,0.62866,0.14187,0.0044211,0.018692,0.12583
2.4213,0.63211,0.14302,0.0050262,0.017085,0.12704
2.4497,0.6354,0.14408,0.005792,0.015535,0.12802
2.4787,0.63855,0.14519,0.0068059,0.0141,0.12885
2.5082,0.64153,0.14622,0.0078658,0.012739,0.12953
2.5375,0.64463,0.14717,0.0086706,0.011448,0.13019
2.5676,0.64801,0.14819,0.0090893,0.010245,0.13124
2.5973,0.65169,0.14918,0.0094066,0.0091635,0.1327
2.6279,0.65568,0.15016,0.0099015,0.0080916,0.1344
2.6585,0.65985,0.15102,0.010075,0.0070574,0.13591
2.6894,0.66428,0.15192,0.010143,0.0060946,0.13713
2.7201,0.66859,0.15291,0.010467,0.0052639,0.13783
2.7513,0.67277,0.1539,0.011065,0.0045046,0.13793
2.7828,0.67683,0.15478,0.011434,0.0036933,0.13769
2.8149,0.68106,0.15555,0.011636,0.0028478,0.13763
2.8457,0.68527,0.15634,0.01188,0.0021325,0.13788
2.8774,0.68966,0.15725,0.011974,0.0014556,0.13869
2.9095,0.69427,0.1581,0.012062,0.00071522,0.14021
2.9413,0.69894,0.15885,0.012187,-0.00012172,0.14188
2.9741,0.70375,0.15951,0.012429,-0.0010048,0.1434
3.0061,0.70833,0.16023,0.012961,-0.0018005,0.14451
3.0391,0.71283,0.16098,0.013643,-0.002592,0.14506
3.0713,0.7171,0.16159,0.014216,-0.0033611,0.14499
3.1047,0.72146,0.16196,0.01489,-0.0042303,0.14481
3.1372,0.72576,0.1622,0.01554,-0.0050338,0.14485
3.1699,0.72996,0.16248,0.016304,-0.0057587,0.14534
3.2033,0.73421,0.16268,0.017211,-0.0064984,0.14625
3.237,0.73833,0.16273,0.018484,-0.0072448,0.14747
3.2704,0.74217,0.16252,0.019716,-0.0079366,0.14864
3.3044,0.74608,0.16248,0.021148,-0.0085188,0.14946
3.3383,0.74993,0.16255,0.022906,-0.0089786,0.14987
3.3721,0.75357,0.16255,0.024801,-0.00935,0.15009
3.406,0.75721,0.16239,0.02622,-0.0096114,0.15035
3.4397,0.76133,0.16229,0.027007,-0.0097619,0.15071
3.4735,0.76602,0.16239,0.027595,-0.0098021,0.15125
3.5071,0.77102,0.16256,0.028022,-0.0098223,0.15211
3.5406,0.77631,0.16277,0.02794,-0.0098213,0.15306
3.5743,0.78194,0.163,0.027725,-0.0097859,0.15404
3.6075,0.78747,0.16322,0.027807,-0.0097676,0.15506
3.6414,0.79287,0.16341,0.028543,-0.0097459,0.15573
3.6749,0.798,0.16345,0.028949,-0.0097342,0.15604
3.7082,0.80327,0.16323,0.028746,-0.0098046,0.15624
3.7422,0.80907,0.1627,0.028174,-0.0099672,0.15667
3.7759,0.81517,0.16195,0.027633,-0.010184,0.15727
3.809,0.82129,0.16097,0.027198,-0.010526,0.15837
3.8429,0.82757,0.15964,0.026534,-0.011033,0.1599
3.8777,0.83397,0.15797,0.026052,-0.01169,0.16167
3.9125,0.84011,0.15623,0.026345,-0.012399,0.16351
3.9469,0.84597,0.15466,0.026729,-0.012981,0.16518
3.9812,0.85177,0.15322,0.027101,-0.01344,0.16683
4.0162,0.85754,0.1519,0.027445,-0.01387,0.16842
4.0518,0.86349,0.1509,0.027948,-0.014165,0.16968
4.0872,0.86936,0.15033,0.028801,-0.014229,0.17063
4.1226,0.87509,0.15011,0.029797,-0.014013,0.17174
4.1577,0.88059,0.15044,0.030885,-0.013603,0.17301
4.1933,0.88608,0.15131,0.032127,-0.012924,0.17429
4.2287,0.89143,0.15258,0.033628,-0.012003,0.17563
4.2642,0.89674,0.15417,0.035167,-0.010816,0.17702
4.2999,0.90204,0.15612,0.03661,-0.0094126,0.17817
4.3358,0.90754,0.1584,0.037759,-0.0078564,0.17914
4.3724,0.91346,0.16083,0.038753,-0.0061484,0.18005
4.4089,0.91952,0.16315,0.039624,-0.0042878,0.18052
4.4451,0.92556,0.16547,0.040441,-0.0023156,0.1808
4.4818,0.93172,0.16781,0.041248,-0.00028781,0.18112
4.5197,0.93802,0.16999,0.042264,0.0017975,0.1815
4.5569,0.94391,0.17176,0.043738,0.0039018,0.18205
4.5951,0.94968,0.17346,0.045258,0.006131,0.18269
4.6337,0.95575,0.17506,0.046482,0.0084182,0.18316
4.6717,0.96204,0.1763,0.047417,0.010681,0.18346
4.7106,0.9685,0.17733,0.048658,0.013043,0.18341
4.7494,0.97483,0.17841,0.049706,0.015486,0.18299
4.7883,0.98133,0.17948,0.050799,0.017961,0.18254
4.827,0.98787,0.18036,0.051888,0.020424,0.18232
4.8661,0.99435,0.18114,0.05319,0.02286,0.18245
4.9051,1.0007,0.18195,0.054201,0.025238,0.18301
4.9444,1.0074,0.18285,0.054847,0.027586,0.18363
4.9834,1.0146,0.18373,0.05498,0.029898,0.18384
5.0215,1.0218,0.18454,0.055129,0.032096,0.18369
5.0608,1.0295,0.18543,0.054945,0.034236,0.18337
5.0992,1.0372,0.18633,0.054802,0.036178,0.18327
5.1373,1.0448,0.1872,0.054735,0.037905,0.18348
5.1755,1.0523,0.18797,0.054702,0.039368,0.18409
5.2139,1.0595,0.18867,0.055406,0.04054,0.18496
5.2522,1.0663,0.1894,0.056419,0.041466,0.18569
5.2902,1.0728,0.19017,0.057645,0.042086,0.186
5.3283,1.079,0.19095,0.058945,0.042421,0.18597
5.3664,1.0851,0.19202,0.060386,0.042507,0.18576
5.4045,1.0913,0.19339,0.061666,0.042299,0.18558
5.4423,1.0975,0.19487,0.063068,0.041684,0.18566
5.4792,1.1033,0.19643,0.064654,0.040774,0.18621
5.5163,1.1086,0.19832,0.066992,0.039663,0.18685
5.5526,1.114,0.20038,0.068499,0.038241,0.18746
5.5898,1.12,0.20258,0.069933,0.036356,0.18825
5.6257,1.126,0.20488,0.071305,0.034279,0.18898
5.6618,1.132,0.20755,0.072598,0.031986,0.18939
5.6971,1.138,0.21025,0.073616,0.029363,0.18958
5.7329,1.1442,0.21291,0.074693,0.026238,0.18976
5.7677,1.1501,0.21565,0.075976,0.023034,0.19011
5.8031,1.1561,0.21863,0.07717,0.019488,0.19097
5.8379,1.1623,0.22152,0.07776,0.015584,0.19225
5.873,1.1692,0.22431,0.078202,0.011288,0.19353
5.9083,1.1765,0.22721,0.078486,0.0069153,0.19454
5.9434,1.1839,0.23007,0.078482,0.0024766,0.19507
5.9781,1.1915,0.23291,0.07797,-0.0020423,0.19493
6.0125,1.1992,0.2357,0.077518,-0.0065603,0.1943
6.0472,1.2072,0.23857,0.077316,-0.011078,0.19356
6.0821,1.2151,0.24143,0.076951,-0.015592,0.19276
6.1162,1.2229,0.24413,0.076274,-0.019972,0.1923
6.1514,1.2311,0.24683,0.075592,-0.024485,0.19246
6.1868,1.2396,0.2495,0.074852,-0.028905,0.1929
6.2217,1.2482,0.25201,0.07365,-0.033121,0.19316
6.2575,1.2574,0.25428,0.072039,-0.037231,0.19299
6.2925,1.2665,0.25638,0.070631,-0.041036,0.19257
6.3281,1.2758,0.25838,0.06893,-0.044679,0.19198
6.3642,1.2852,0.26012,0.067432,-0.048074,0.19121
6.401,1.2946,0.26141,0.065943,-0.051229,0.19041
6.4378,1.3039,0.26245,0.06464,-0.054142,0.18992
6.4749,1.3133,0.2633,0.063459,-0.056835,0.18991
6.5127,1.3225,0.26362,0.062682,-0.059249,0.19031
6.5511,1.3318,0.26364,0.061594,-0.061323,0.19108
6.5895,1.3414,0.2638,0.060428,-0.062986,0.19213
6.6288,1.3512,0.26392,0.060119,-0.064332,0.19325
6.6682,1.3606,0.2637,0.060162,-0.065211,0.19406
6.7086,1.37,0.26361,0.059987,-0.065553,0.19429
6.7497,1.379,0.26366,0.060376,-0.065516,0.19448
6.7913,1.3876,0.26359,0.061623,-0.065179,0.1952
6.834,1.3961,0.26345,0.063064,-0.06441,0.19651
6.8766,1.4044,0.26353,0.064382,-0.063297,0.19798
6.9208,1.413,0.26368,0.066429,-0.061916,0.19921
6.9649,1.4214,0.2637,0.068547,-0.060248,0.20003
7.0102,1.4299,0.26387,0.070255,-0.058187,0.20069
7.056,1.4385,0.26414,0.072135,-0.055926,0.20122
7.1022,1.4473,0.26426,0.074251,-0.053585,0.202
7.1492,1.4562,0.26437,0.07638,-0.050959,0.20288
7.1971,1.4654,0.26459,0.078471,-0.048046,0.20354
7.2458,1.4747,0.26477,0.080318,-0.044922,0.20356
7.2947,1.4842,0.26487,0.082149,-0.041461,0.20329
7.3437,1.4938,0.26509,0.08406,-0.037633,0.20294
7.3932,1.5038,0.2652,0.084831,-0.03355,0.20231
7.4434,1.5147,0.26514,0.08482,-0.029094,0.20159
7.4931,1.5261,0.26515,0.084859,-0.024151,0.20094
7.5435,1.5377,0.26494,0.084375,-0.018845,0.20031
7.5944,1.5498,0.26437,0.083392,-0.013083,0.19941
7.6446,1.5621,0.26371,0.081928,-0.0067877,0.19846
7.6951,1.5751,0.26292,0.079495,-3.2301e-06,0.19748
7.7459,1.5889,0.26189,0.075945,0.0071411,0.1966
7.796,1.6033,0.26095,0.072185,0.014662,0.1962
7.847,1.6184,0.25996,0.068026,0.022787,0.19636
7.8973,1.6336,0.25873,0.063367,0.030941,0.19697
7.9481,1.6493,0.25741,0.058274,0.039488,0.19792
7.9983,1.6655,0.25608,0.052739,0.048369,0.19923
8.0491,1.6826,0.25454,0.046537,0.057448,0.20071
8.1,1.7002,0.25264,0.039886,0.066501,0.20244
8.1504,1.7181,0.25069,0.033608,0.075722,0.20432
8.2011,1.736,0.24854,0.027354,0.085047,0.20654
8.2527,1.754,0.24602,0.021009,0.094025,0.20896
8.3045,1.7717,0.24384,0.015944,0.10266,0.21153
8.3561,1.7886,0.24191,0.012222,0.11095,0.21381
8.4087,1.8049,0.23982,0.0083849,0.11876,0.21591
8.4608,1.8203,0.23799,0.0055493,0.12593,0.21766
8.5136,1.8352,0.2362,0.0037658,0.13273,0.21961
8.5663,1.8495,0.23431,0.002278,0.13891,0.22164
8.6196,1.8631,0.2324,0.0013374,0.14464,0.22329
8.6716,1.876,0.23052,0.00075775,0.14968,0.22396
8.7237,1.8887,0.22841,0.00014494,0.15419,0.22381
8.7762,1.9012,0.22627,0.00034026,0.15816,0.22362
8.8264,1.9126,0.22424,0.0011395,0.16143,0.22406
8.8773,1.9236,0.222,0.0022855,0.16412,0.22526
8.9273,1.934,0.2198,0.0035418,0.16608,0.2269
8.9762,1.9443,0.21761,0.0044586,0.16727,0.2284
9.025,1.9548,0.21516,0.0042889,0.16772,0.22964
9.0734,1.966,0.21254,0.0039996,0.16734,0.23116
9.1215,1.9776,0.20974,0.0042094,0.16624,0.23301
9.1686,1.989,0.20678,0.003823,0.16471,0.235
9.2143,2.0002,0.20363,0.002792,0.1626,0.23672
9.2604,2.0117,0.20017,0.0023861,0.15991,0.23797
9.3053,2.0231,0.19662,0.0020288,0.157,0.23913
9.3495,2.0341,0.19268,0.0017311,0.1536,0.24091
9.3931,2.045,0.18853,0.0020569,0.14983,0.24327
9.4365,2.0557,0.18434,0.0017902,0.14584,0.24575
9.4798,2.0667,0.1798,0.0014778,0.14145,0.24813
9.5225,2.0776,0.17523,0.001713,0.13687,0.25029
9.5653,2.0886,0.17077,0.0024669,0.13214,0.25252
9.6079,2.0992,0.16628,0.0036398,0.12715,0.25523
9.6503,2.1094,0.16206,0.0046597,0.1221,0.25812
9.6917,2.1196,0.1581,0.0053885,0.11703,0.26129
9.734,2.1304,0.1542,0.0061738,0.1116,0.26491
9.7763,2.1414,0.15069,0.0069803,0.10617,0.26868
9.8187,2.1529,0.14731,0.0075475,0.10065,0.2723
9.8613,2.1645,0.14423,0.0083452,0.095075,0.27585
9.9034,2.1761,0.14159,0.0088352,0.089545,0.27887
9.9465,2.1886,0.13933,0.0085278,0.083844,0.28164
9.9899,2.202,0.13745,0.0075037,0.077984,0.28452
10.032,2.2158,0.13637,0.0058544,0.072113,0.28716
10.075,2.2307,0.13589,0.0041336,0.066164,0.28966
10.119,2.2466,0.13574,0.0020155,0.060372,0.29201
10.162,2.2625,0.13589,0.00033589,0.054926,0.29413
10.205,2.2784,0.13644,-0.0017349,0.049932,0.29617
10.249,2.295,0.1374,-0.0040197,0.045189,0.29805
10.295,2.3116,0.13863,-0.0056471,0.040566,0.29976
10.339,2.3281,0.1404,-0.0076269,0.036331,0.30103
10.386,2.3449,0.1423,-0.009203,0.03217,0.3024
10.432,2.3616,0.14453,-0.010704,0.028209,0.30362
10.479,2.3786,0.14713,-0.012134,0.024538,0.30487
10.526,2.3957,0.1497,-0.013429,0.020888,0.3063
10.574,2.4131,0.15265,-0.015501,0.017543,0.30768
10.623,2.4314,0.15565,-0.017277,0.014329,0.30914
10.671,2.4498,0.1586,-0.019305,0.011354,0.31098
10.721,2.4686,0.16153,-0.021173,0.008628,0.3127
10.771,2.4877,0.16436,-0.023152,0.0060161,0.31425
10.821,2.5068,0.16716,-0.024992,0.0036663,0.31575
10.872,2.5261,0.17002,-0.026724,0.001457,0.31703
10.924,2.5453,0.17286,-0.028404,-0.0005672,0.3181
10.977,2.5647,0.1756,-0.02936,-0.0023982,0.3192
11.03,2.5837,0.17829,-0.029975,-0.0040409,0.32017
11.082,2.6021,0.18081,-0.030365,-0.0055335,0.32116
11.137,2.6212,0.18323,-0.030745,-0.0068704,0.32234
11.19,2.6398,0.18521,-0.030985,-0.008085,0.32362
11.245,2.6589,0.18689,-0.030984,-0.0092825,0.32497
11.3,2.6778,0.18805,-0.03128,-0.010359,0.32593
11.355,2.6969,0.18878,-0.031389,-0.011479,0.32671
11.412,2.7164,0.18907,-0.031461,-0.012647,0.32745
11.468,2.7362,0.18931,-0.032237,-0.01378,0.32814
11.524,2.756,0.18951,-0.032849,-0.014833,0.3291
11.581,2.7762,0.18945,-0.033387,-0.015812,0.33029
11.638,2.7966,0.18955,-0.034125,-0.01675,0.33124
11.695,2.817,0.18957,-0.03454,-0.017619,0.33198
11.752,2.8376,0.18963,-0.03504,-0.018342,0.33256
11.81,2.8579,0.18967,-0.035259,-0.019143,0.33292
11.868,2.8783,0.18943,-0.035188,-0.019974,0.33324
11.925,2.8983,0.18936,-0.035628,-0.020814,0.33352
11.984,2.9191,0.18895,-0.035991,-0.021798,0.33412
12.042,2.9397,0.18872,-0.0362,-0.022734,0.33472
12.1,2.9606,0.18888,-0.036797,-0.023668,0.33511
12.159,2.9816,0.18921,-0.037261,-0.024548,0.33557
12.219,3.0032,0.19015,-0.038688,-0.025318,0.33609
12.277,3.0249,0.19133,-0.03994,-0.025898,0.33684
12.335,3.0466,0.19299,-0.041282,-0.026225,0.33762
12.394,3.0689,0.19519,-0.043269,-0.026377,0.33826
12.453,3.0914,0.19769,-0.044937,-0.026261,0.33919
12.512,3.1142,0.20077,-0.047089,-0.025951,0.34017
12.571,3.1372,0.20402,-0.049533,-0.025442,0.34115
12.629,3.16,0.20775,-0.051745,-0.024647,0.34239
12.687,3.1834,0.21187,-0.054497,-0.023643,0.34353
12.746,3.2071,0.21625,-0.056713,-0.022244,0.34459
12.805,3.2307,0.2209,-0.059593,-0.020734,0.34526
12.864,3.255,0.2257,-0.062691,-0.018809,0.34522
12.923,3.279,0.23033,-0.065307,-0.016624,0.34489
12.983,3.3037,0.23491,-0.069208,-0.014229,0.34385
13.042,3.3281,0.2391,-0.072209,-0.011519,0.34193
13.103,3.353,0.24291,-0.076022,-0.0087974,0.33904
13.163,3.3775,0.24638,-0.079575,-0.0058602,0.33506
13.225,3.4024,0.24928,-0.083116,-0.0028967,0.33033
13.288,3.4272,0.25196,-0.086872,3.4147e-05,0.32481
13.351,3.4515,0.25384,-0.090477,0.0030341,0.31848
13.415,3.4758,0.25516,-0.093205,0.0060495,0.31155
13.479,3.4996,0.25574,-0.096306,0.0090085,0.30431
13.544,3.5228,0.25558,-0.098701,0.012237,0.29646
13.61,3.5454,0.25459,-0.1006,0.015264,0.28843
13.676,3.5673,0.25317,-0.10255,0.01857,0.2805
13.742,3.5882,0.2511,-0.10415,0.021919,0.27259
13.809,3.6088,0.2486,-0.10531,0.025547,0.26493
13.876,3.6283,0.2458,-0.10695,0.029374,0.25757
13.942,3.6472,0.24272,-0.1079,0.033326,0.25063
14.009,3.6656,0.23989,-0.10898,0.037374,0.2443
14.075,3.683,0.23739,-0.1099,0.041507,0.23873
14.143,3.6999,0.23511,-0.10989,0.045672,0.23446
14.209,3.7161,0.23341,-0.10982,0.049892,0.23142
14.278,3.732,0.23192,-0.10888,0.054274,0.22975
14.345,3.747,0.23077,-0.10825,0.058498,0.22925
14.414,3.7623,0.22982,-0.10764,0.062787,0.22944
14.481,3.7776,0.22896,-0.1075,0.066897,0.22988
14.549,3.7932,0.22821,-0.10763,0.070927,0.23041
14.616,3.8091,0.22719,-0.10766,0.074872,0.23109
14.683,3.825,0.2262,-0.109,0.078588,0.23179
14.751,3.8416,0.22461,-0.11063,0.082168,0.2324
14.819,3.8588,0.22259,-0.11243,0.085288,0.23249
14.887,3.8763,0.21997,-0.11411,0.088273,0.23243
14.955,3.8942,0.21679,-0.11594,0.090835,0.23253
15.024,3.9123,0.21354,-0.11758,0.092953,0.232
15.091,3.9301,0.21024,-0.11877,0.094524,0.23071
15.159,3.9472,0.20747,-0.11826,0.09551,0.22932
15.227,3.9631,0.20549,-0.11636,0.095641,0.22781
15.295,3.9775,0.20422,-0.11236,0.095107,0.22653
15.363,3.9904,0.20324,-0.10834,0.094181,0.22526
15.429,4.0025,0.20223,-0.10392,0.092864,0.22421
15.496,4.0143,0.20081,-0.10039,0.091544,0.22379
15.563,4.0261,0.19873,-0.096066,0.089905,0.22414
15.63,4.0375,0.19625,-0.091479,0.088309,0.22489
15.696,4.0486,0.1932,-0.087345,0.086613,0.22623
15.762,4.0597,0.18999,-0.083128,0.085174,0.22814
15.829,4.071,0.1864,-0.078625,0.083705,0.23011
15.894,4.0821,0.18291,-0.073695,0.082559,0.23142
15.96,4.0928,0.17932,-0.068774,0.081527,0.23228
16.026,4.1036,0.1757,-0.063886,0.080999,0.23333
16.092,4.1146,0.17221,-0.059197,0.080629,0.23436
16.159,4.126,0.16872,-0.055449,0.080603,0.2351
16.225,4.1384,0.16567,-0.052314,0.080669,0.23542
16.291,4.1515,0.16294,-0.050007,0.080839,0.23582
16.358,4.1655,0.16062,-0.04799,0.081,0.23647
16.426,4.18,0.15862,-0.045793,0.081305,0.23741
16.493,4.1945,0.15691,-0.043791,0.081548,0.23798
16.56,4.2089,0.1554,-0.0416,0.081844,0.23856
16.629,4.2237,0.15389,-0.039289,0.081973,0.23929
16.697,4.2385,0.15242,-0.03722,0.082085,0.24012
16.766,4.2535,0.15094,-0.034841,0.08198,0.24074
16.836,4.2686,0.14945,-0.032814,0.081785,0.24086
16.904,4.2836,0.14796,-0.030086,0.081384,0.24077
16.974,4.2986,0.14624,-0.027738,0.080805,0.24055
17.044,4.3136,0.1444,-0.024873,0.080067,0.24022
17.113,4.3282,0.14223,-0.021783,0.079214,0.23986
17.184,4.3426,0.13988,-0.017625,0.07828,0.23953
17.253,4.3562,0.13722,-0.013439,0.077293,0.23916
17.324,4.3695,0.13447,-0.0086574,0.076336,0.23831
17.395,4.3831,0.1316,-0.0051512,0.075365,0.2373
17.466,4.3972,0.12889,-0.0017326,0.074475,0.2367
17.536,4.4115,0.12615,0.0014571,0.073445,0.23618
17.607,4.426,0.12359,0.0042716,0.072427,0.2358
17.677,4.441,0.12098,0.0069977,0.071246,0.23543
17.748,4.4559,0.1184,0.0097021,0.069975,0.23485
17.818,4.4709,0.11574,0.012162,0.068495,0.23379
17.888,4.4861,0.11298,0.014496,0.066861,0.23269
17.959,4.5019,0.11026,0.015829,0.065024,0.23171
18.029,4.5181,0.10757,0.016807,0.063015,0.23097
18.1,4.535,0.10516,0.017181,0.060887,0.23002
18.172,4.5523,0.10294,0.017509,0.058639,0.22865
18.241,4.5692,0.10132,0.017148,0.056529,0.22761
18.312,4.5869,0.099938,0.016902,0.054332,0.22704
18.381,4.6036,0.099323,0.017202,0.05232,0.22679
18.453,4.6206,0.09909,0.016997,0.05018,0.2262
18.523,4.6372,0.099661,0.017023,0.048139,0.22571
18.593,4.654,0.10061,0.016782,0.045902,0.22525
18.663,4.6709,0.10243,0.016452,0.043666,0.22415
18.733,4.6882,0.10466,0.015789,0.041217,0.22308
18.804,4.7056,0.10773,0.015385,0.038667,0.22247
18.875,4.7229,0.111,0.014606,0.035855,0.22191
18.947,4.7404,0.1149,0.013769,0.03292,0.2208
19.018,4.7579,0.11887,0.013084,0.029649,0.21949
19.09,4.7753,0.12314,0.012558,0.026227,0.21844
19.161,4.7925,0.12721,0.011789,0.022541,0.21773
19.234,4.81,0.13134,0.01103,0.018638,0.21703
19.308,4.8277,0.13546,0.01027,0.014604,0.21621
19.381,4.8453,0.13926,0.0093349,0.010581,0.2151
19.454,4.8628,0.14293,0.0081329,0.006744,0.21405
19.527,4.8807,0.14617,0.0068408,0.0028739,0.21291
19.602,4.8988,0.14916,0.0055173,-0.00087587,0.21146
19.676,4.9167,0.15157,0.0043813,-0.0045567,0.21022
19.751,4.9346,0.15368,0.0031353,-0.0081027,0.20908
19.828,4.9527,0.15513,0.0016631,-0.011525,0.20801
19.904,4.9709,0.15629,-0.0003037,-0.014575,0.20703
19.979,4.9888,0.15702,-0.0018316,-0.017235,0.20627
20.057,5.0075,0.15765,-0.0039697,-0.019512,0.20549
20.134,5.0256,0.15817,-0.0058665,-0.021281,0.20483
20.213,5.0445,0.15866,-0.0082687,-0.022537,0.20424
20.29,5.0629,0.15913,-0.010318,-0.023226,0.20353
20.369,5.0814,0.15965,-0.012469,-0.023271,0.20284
20.449,5.1,0.16009,-0.014501,-0.022718,0.20253
20.529,5.1185,0.1604,-0.01639,-0.021489,0.20225
20.609,5.1368,0.16051,-0.018345,-0.019683,0.20184
20.69,5.1554,0.16027,-0.020291,-0.017255,0.20146
20.771,5.174,0.15963,-0.022245,-0.014158,0.20151
20.853,5.1929,0.15838,-0.024301,-0.010486,0.20157
20.936,5.2119,0.15658,-0.026492,-0.0061728,0.20128
21.018,5.2306,0.15425,-0.028292,-0.0012763,0.20089
21.102,5.2493,0.15163,-0.029688,0.004328,0.20058
21.185,5.2671,0.14901,-0.030239,0.010232,0.20004
21.27,5.2846,0.14665,-0.030069,0.016586,0.19925
21.356,5.3013,0.14432,-0.029417,0.023168,0.19864
21.441,5.3173,0.1426,-0.028372,0.029732,0.19806
21.528,5.3337,0.14121,-0.027774,0.036473,0.19686
21.612,5.3496,0.14072,-0.026382,0.042892,0.19536
21.697,5.3656,0.1409,-0.025191,0.049092,0.19363
21.783,5.3815,0.14191,-0.023822,0.05483,0.19156
21.868,5.3975,0.14345,-0.023103,0.060006,0.18956
21.953,5.414,0.14547,-0.023192,0.064211,0.18785
22.037,5.4305,0.1478,-0.023479,0.067581,0.18628
22.121,5.4472,0.15036,-0.024074,0.06969,0.18514
22.205,5.4639,0.15315,-0.024699,0.070905,0.18441
22.288,5.4808,0.15604,-0.026175,0.07109,0.18407
22.371,5.4974,0.15902,-0.027291,0.070488,0.18394
22.454,5.5141,0.16193,-0.028977,0.069144,0.18444
22.534,5.5302,0.16476,-0.030072,0.067187,0.18505
22.614,5.5462,0.16746,-0.031211,0.064865,0.18574
22.694,5.5617,0.16996,-0.031426,0.062057,0.1869
22.774,5.5768,0.17243,-0.031679,0.059089,0.18846
22.852,5.5913,0.1748,-0.031414,0.055859,0.18971
22.93,5.6057,0.17721,-0.030896,0.052519,0.19078
23.007,5.6196,0.17939,-0.03018,0.049186,0.19167
23.084,5.6337,0.18136,-0.029205,0.045728,0.19236
23.16,5.6475,0.18306,-0.027719,0.042383,0.19293
23.236,5.6609,0.18433,-0.025934,0.039216,0.19352
23.312,5.6741,0.18508,-0.023933,0.036212,0.19423
23.387,5.6868,0.18523,-0.021534,0.033425,0.19509
23.462,5.6993,0.18511,-0.018911,0.030971,0.19626
23.538,5.7117,0.18448,-0.015821,0.028859,0.19769
23.615,5.7243,0.18359,-0.012679,0.027072,0.19896
23.69,5.7367,0.18232,-0.0092889,0.025824,0.20018
23.767,5.7495,0.18065,-0.0059098,0.024973,0.20168
23.844,5.7625,0.17871,-0.0023733,0.024795,0.20339
23.92,5.7759,0.17631,0.00032664,0.025013,0.20467
23.998,5.7903,0.17372,0.0023656,0.025868,0.20551
24.076,5.8055,0.17064,0.0038734,0.027124,0.20607
24.155,5.8209,0.16771,0.0055159,0.029064,0.20639
24.233,5.8365,0.16465,0.0065955,0.031472,0.20621
24.312,5.8523,0.16192,0.0072221,0.034495,0.20565
24.392,5.8686,0.15923,0.0082289,0.038102,0.2052
24.473,5.8851,0.15708,0.0084865,0.042145,0.20465
24.555,5.9021,0.15524,0.0085252,0.046495,0.20397
24.637,5.9196,0.15372,0.0078417,0.051085,0.20337
24.719,5.9376,0.15238,0.006921,0.05584,0.2027
24.803,5.9563,0.15105,0.0052418,0.060727,0.20233
24.885,5.9752,0.14986,0.0040894,0.065649,0.20246
24.969,5.9944,0.14842,0.0024905,0.070545,0.20214
25.053,6.0138,0.14697,0.00063871,0.075255,0.20149
25.138,6.0338,0.14508,-0.0018564,0.079656,0.2012
25.222,6.054,0.14294,-0.0042832,0.083547,0.20073
25.307,6.0743,0.14032,-0.0062238,0.086847,0.19972
25.391,6.0942,0.13752,-0.0079722,0.089581,0.19841
25.477,6.1144,0.1343,-0.0099582,0.091707,0.19692
25.562,6.1341,0.13115,-0.011963,0.093275,0.196
25.646,6.1538,0.12804,-0.014058,0.094315,0.19536
25.731,6.1734,0.12504,-0.016469,0.094779,0.19449
25.815,6.1928,0.12222,-0.018335,0.094677,0.19394
25.898,6.2116,0.11954,-0.019528,0.09389,0.19349
25.98,6.2293,0.11719,-0.020039,0.092621,0.19318
26.064,6.2468,0.11512,-0.020161,0.090739,0.19297
26.145,6.2634,0.11344,-0.020347,0.088458,0.19283
26.226,6.2796,0.11202,-0.019807,0.085699,0.19286
26.307,6.2951,0.11095,-0.018659,0.082673,0.19289
26.388,6.3104,0.11006,-0.017705,0.079345,0.19272
26.468,6.3253,0.1095,-0.016453,0.075917,0.19227
26.547,6.3399,0.10912,-0.015057,0.072437,0.19139
26.625,6.3544,0.10898,-0.014152,0.069004,0.19007
26.702,6.3691,0.10894,-0.013436,0.065665,0.18896
26.78,6.384,0.10889,-0.013265,0.062517,0.1885
26.856,6.399,0.10889,-0.013427,0.059525,0.18809
26.933,6.4142,0.10888,-0.013751,0.05671,0.18753
27.01,6.4298,0.1089,-0.014369,0.053966,0.18706
27.087,6.4454,0.10894,-0.015022,0.051335,0.18678
27.162,6.4605,0.10928,-0.014786,0.048923,0.18687
27.238,6.4751,0.10972,-0.014497,0.046507,0.18664
27.315,6.4896,0.1104,-0.013705,0.044179,0.18652
27.391,6.5038,0.11109,-0.01333,0.041833,0.18684
27.469,6.5183,0.11205,-0.012648,0.039461,0.18716
27.547,6.5325,0.11302,-0.01182,0.036912,0.18745
27.625,6.5472,0.11432,-0.011448,0.034182,0.18833
27.704,6.5618,0.1157,-0.010692,0.031261,0.18964
27.783,6.5766,0.11749,-0.0098664,0.028238,0.19097
27.863,6.5914,0.11954,-0.0085955,0.025108,0.19282
27.944,6.6064,0.12179,-0.0066409,0.021952,0.19539
28.025,6.6214,0.12419,-0.0051488,0.019018,0.19824
28.106,6.6369,0.12662,-0.0036032,0.016107,0.20181
28.19,6.6531,0.12923,-0.0022489,0.013489,0.20566
28.273,6.6697,0.13189,-0.0011986,0.011061,0.20939
28.355,6.6867,0.13471,-0.00031106,0.0091154,0.21321
28.44,6.7046,0.13752,0.00047432,0.0074424,0.21754
28.523,6.7231,0.14035,0.0010992,0.0063002,0.22233
28.608,6.7421,0.14282,0.0022389,0.0056023,0.22809
28.693,6.7615,0.14482,0.0030805,0.0054135,0.23458
28.777,6.7813,0.14628,0.0034431,0.0057025,0.24181
28.862,6.8017,0.1472,0.0038478,0.0064896,0.24969
28.946,6.8224,0.14737,0.0046838,0.0076786,0.25805
29.032,6.8441,0.14695,0.005951,0.009467,0.26707
29.116,6.8659,0.1455,0.0076389,0.011571,0.2767
29.201,6.8881,0.14336,0.010061,0.014131,0.28698
29.284,6.9106,0.14035,0.012187,0.016949,0.2979
29.369,6.9343,0.13687,0.014688,0.02013,0.30921
29.452,6.9586,0.1331,0.016508,0.02345,0.32013
29.534,6.9835,0.12933,0.018899,0.026916,0.3306
29.618,7.0101,0.12554,0.02089,0.030614,0.34049
29.7,7.0371,0.1222,0.022403,0.034375,0.34938
29.783,7.0657,0.11895,0.02391,0.038227,0.35735
29.865,7.0951,0.11616,0.024736,0.041929,0.36401
29.948,7.1263,0.1139,0.025239,0.04564,0.3694
30.03,7.1577,0.11227,0.025207,0.049049,0.37341
30.112,7.1905,0.11133,0.025067,0.052379,0.37607
30.196,7.2243,0.1109,0.024079,0.055413,0.37731
30.279,7.259,0.11098,0.022825,0.058198,0.37692
30.363,7.2943,0.11159,0.020868,0.060643,0.37513
30.446,7.3308,0.11231,0.017808,0.062803,0.37186
30.529,7.3678,0.11342,0.01416,0.064712,0.3675
30.612,7.4057,0.1146,0.010087,0.066386,0.36253
30.695,7.4444,0.11593,0.0055019,0.06789,0.35667
30.777,7.4828,0.11754,0.00083057,0.06928,0.35019
30.858,7.5214,0.11934,-0.0041724,0.070624,0.34357
30.938,7.5593,0.12121,-0.009345,0.071839,0.33718
31.018,7.5968,0.1231,-0.013913,0.072973,0.33065
31.096,7.633,0.12463,-0.018051,0.073778,0.32374
31.175,7.6692,0.12593,-0.022232,0.074389,0.317
31.253,7.7043,0.12691,-0.026471,0.074617,0.3106
31.332,7.7394,0.12764,-0.031015,0.074587,0.30395
31.41,7.7734,0.12822,-0.035015,0.074234,0.29753
31.487,7.8059,0.1285,-0.038815,0.073611,0.29191
31.566,7.8381,0.12842,-0.042959,0.072631,0.28675
31.644,7.8694,0.12801,-0.047361,0.071332,0.28215
31.723,7.9005,0.12713,-0.051918,0.069618,0.27834
31.802,7.93,0.12598,-0.055998,0.067674,0.27574
31.882,7.9594,0.12468,-0.059901,0.065529,0.27412
31.963,7.9871,0.12327,-0.06298,0.06324,0.27372
32.043,8.0138,0.12186,-0.065202,0.061038,0.27436
32.126,8.0397,0.1203,-0.066575,0.058755,0.27565
32.206,8.064,0.11863,-0.066354,0.056637,0.27762
32.289,8.0878,0.11667,-0.065221,0.054573,0.28086
32.372,8.1105,0.11455,-0.062421,0.052773,0.28522
32.454,8.1317,0.11229,-0.05897,0.051243,0.29055
32.538,8.1528,0.11002,-0.054433,0.049996,0.2967
32.62,8.1728,0.10793,-0.048816,0.049209,0.30339
32.704,8.1929,0.10599,-0.042553,0.048737,0.31044
32.785,8.2123,0.10439,-0.036696,0.048604,0.31691
32.866,8.2322,0.10311,-0.030633,0.048729,0.32302
32.948,8.2528,0.10217,-0.025707,0.049028,0.32841
33.028,8.2744,0.10154,-0.021463,0.049347,0.33215
33.109,8.2973,0.10128,-0.017786,0.049308,0.33403
33.19,8.3219,0.10122,-0.014935,0.048971,0.33414
33.272,8.3482,0.10137,-0.013099,0.048348,0.33249
33.354,8.3751,0.10178,-0.01251,0.047891,0.32937
33.435,8.4026,0.10246,-0.01302,0.047514,0.32511
33.517,8.431,0.10316,-0.014309,0.04731,0.31966
33.6,8.4596,0.10354,-0.016176,0.047339,0.31266
33.681,8.4879,0.10379,-0.018096,0.047795,0.30422
33.763,8.5165,0.10351,-0.019259,0.048479,0.29389
33.844,8.545,0.10287,-0.019855,0.049442,0.28152
33.925,8.5731,0.10184,-0.020244,0.050595,0.26748
34.007,8.601,0.10028,-0.020111,0.052037,0.25171
34.089,8.6288,0.098659,-0.020639,0.05368,0.23434
34.171,8.6561,0.096739,-0.020727,0.055539,0.21575
34.253,8.6827,0.094365,-0.020796,0.057456,0.19627
34.333,8.7083,0.091745,-0.021515,0.059532,0.1762
34.416,8.7335,0.088659,-0.021328,0.061707,0.15532
34.497,8.7575,0.085234,-0.020785,0.063705,0.13437
34.578,8.7802,0.081628,-0.020848,0.065698,0.11352
34.66,8.8021,0.077777,-0.02111,0.067549,0.092509
34.742,8.8226,0.074012,-0.021471,0.069346,0.072083
34.822,8.8415,0.070443,-0.022662,0.071001,0.052667
34.903,8.8588,0.066955,-0.023749,0.072078,0.034241
34.984,8.8747,0.064026,-0.025496,0.072716,0.017178
35.066,8.8892,0.061433,-0.027341,0.072685,0.0019875
35.15,8.9024,0.059326,-0.029671,0.072267,-0.011417
35.233,8.9138,0.057751,-0.032345,0.07163,-0.023063
35.316,8.9234,0.056618,-0.035377,0.070731,-0.033259
35.4,8.9313,0.055656,-0.038856,0.069624,-0.041893
35.484,8.9372,0.055065,-0.042386,0.068439,-0.048794
35.569,8.9412,0.054756,-0.045825,0.067197,-0.053735
35.652,8.9431,0.05457,-0.048487,0.066201,-0.056575
35.735,8.943,0.054592,-0.050301,0.065374,-0.057324
35.817,8.9409,0.054781,-0.050991,0.064787,-0.055863
35.9,8.9371,0.054828,-0.050086,0.064323,-0.052344
35.981,8.9319,0.054915,-0.047955,0.064003,-0.047183
36.063,8.9254,0.054919,-0.04516,0.063696,-0.040464
36.144,8.9179,0.054759,-0.041621,0.063393,-0.03241
36.226,8.9093,0.054555,-0.037864,0.062968,-0.023205
36.308,8.9003,0.054386,-0.033641,0.062526,-0.013052
36.389,8.8907,0.054121,-0.029435,0.061892,-0.0022811
36.47,8.881,0.053665,-0.025,0.061071,0.0090642
36.551,8.8714,0.053116,-0.020627,0.060109,0.020838
36.632,8.8622,0.052479,-0.016502,0.059038,0.03267
36.713,8.8539,0.051843,-0.012428,0.057874,0.04432
36.793,8.8467,0.051386,-0.0092383,0.056785,0.055721
36.872,8.8408,0.050897,-0.0064475,0.055459,0.066487
36.952,8.8362,0.05058,-0.0040874,0.053812,0.076554
37.033,8.833,0.050431,-0.0016472,0.051766,0.085526
37.114,8.8312,0.050392,0.00071012,0.049315,0.093036
37.197,8.8312,0.05035,0.0027007,0.046492,0.099221
37.28,8.833,0.050509,0.0045488,0.043602,0.10374
37.363,8.8366,0.050706,0.0061541,0.040523,0.10673
37.448,8.8423,0.050988,0.0068847,0.037627,0.10819
37.531,8.8496,0.051488,0.0068187,0.034857,0.10812
37.616,8.8589,0.052093,0.005375,0.032264,0.10644
37.701,8.8692,0.052753,0.0029022,0.029844,0.10356
37.787,8.8806,0.053554,-0.00060744,0.027603,0.099655
37.872,8.8925,0.054367,-0.0046727,0.025451,0.094854
37.958,8.9048,0.055138,-0.0091233,0.023433,0.089203
38.044,8.9172,0.056093,-0.013241,0.021469,0.082983
38.13,8.9295,0.05739,-0.017532,0.019506,0.076098
38.217,8.9418,0.059051,-0.0213,0.017456,0.068626
38.303,8.9538,0.061186,-0.024834,0.015305,0.060783
38.39,8.9653,0.063802,-0.027845,0.013117,0.052414
38.478,8.9764,0.066708,-0.030756,0.010744,0.043778
38.565,8.9865,0.069829,-0.032407,0.0083507,0.035415
38.652,8.9956,0.073421,-0.033049,0.0059806,0.027344
38.741,9.0035,0.077401,-0.033025,0.0036546,0.019054
38.828,9.0099,0.081768,-0.032706,0.0014837,0.011226
38.916,9.015,0.086797,-0.03219,-0.00035913,0.0036525
39.002,9.0188,0.09192,-0.03158,-0.001962,-0.0030052
39.089,9.0214,0.097424,-0.031109,-0.0032236,-0.0088602
39.176,9.023,0.10262,-0.029945,-0.0044505,-0.01407
39.263,9.0233,0.10772,-0.028378,-0.0055555,-0.018941
39.35,9.0223,0.11232,-0.026116,-0.0067556,-0.023456
39.437,9.0202,0.11658,-0.02355,-0.0080571,-0.027364
39.524,9.0169,0.12057,-0.021116,-0.0094124,-0.03058
39.612,9.013,0.12413,-0.018854,-0.010868,-0.032898
39.702,9.0084,0.12751,-0.016877,-0.012353,-0.034344
39.792,9.0035,0.13048,-0.014932,-0.013767,-0.034553
39.882,8.9987,0.133,-0.013785,-0.015022,-0.033637
39.973,8.994,0.13519,-0.012431,-0.016017,-0.031821
40.066,8.9896,0.13695,-0.011359,-0.016733,-0.029287
40.158,8.9854,0.13827,-0.010178,-0.017146,-0.026281
40.251,8.9816,0.13928,-0.0093286,-0.017068,-0.022901
40.344,8.9784,0.13964,-0.0088905,-0.016461,-0.01887
40.438,8.9759,0.13941,-0.0088912,-0.01533,-0.014113
40.532,8.9743,0.13866,-0.0088603,-0.01344,-0.0086232
40.627,8.9733,0.13739,-0.0087245,-0.010792,-0.0025564
40.721,8.9732,0.13582,-0.0081929,-0.0072464,0.0037255
40.816,8.9738,0.134,-0.0076936,-0.0025897,0.0099845
40.91,8.9751,0.13195,-0.0071723,0.0031091,0.015858
41.005,8.977,0.12937,-0.0065419,0.0099848,0.021135
41.098,8.9792,0.12634,-0.0057028,0.017703,0.025733
41.193,8.9818,0.12261,-0.0048846,0.026377,0.029984
41.289,8.9846,0.11813,-0.0039284,0.035744,0.033359
41.385,8.9874,0.11324,-0.0028159,0.045546,0.03573
41.481,8.9901,0.10795,-0.0020252,0.05535,0.037104
41.577,8.9928,0.10254,-0.00061643,0.06508,0.037285
41.675,8.9952,0.09693,0.00087024,0.074599,0.036246
41.774,8.9975,0.090996,0.0026658,0.083807,0.034467
41.871,8.9997,0.084834,0.0047437,0.092472,0.032178
41.97,9.0018,0.078579,0.0070709,0.10064,0.029281
42.071,9.0038,0.072013,0.0099785,0.10832,0.02587
42.169,9.005,0.067299,0.015969,0.11427,0.022517
42.268,9.0046,0.06655,0.024506,0.11695,0.018233
42.363,9.0038,0.071306,0.031879,0.11508,0.013626
42.454,9.0041,0.081423,0.035769,0.10884,0.0089997
42.546,9.0063,0.09348,0.035967,0.10007,0.0044307
42.634,9.0097,0.10448,0.034062,0.090659,0.00028632
42.723,9.0136,0.11368,0.031814,0.080983,-0.0039031
42.81,9.0176,0.12048,0.029791,0.071433,-0.0077187
42.897,9.0217,0.12519,0.027461,0.061772,-0.011281
42.981,9.0257,0.12774,0.025209,0.052311,-0.014324
43.065,9.0293,0.12859,0.022708,0.042978,-0.017108
43.148,9.0323,0.12786,0.020636,0.033762,-0.019679
43.229,9.035,0.12594,0.018152,0.024754,-0.021817
43.309,9.0368,0.12333,0.016033,0.016134,-0.023625
43.389,9.0377,0.12038,0.014671,0.0076496,-0.025259
43.467,9.038,0.11761,0.01286,-0.00034878,-0.026545
43.547,9.038,0.11537,0.011518,-0.0083024,-0.027218
43.625,9.0371,0.11384,0.011271,-0.015698,-0.027571
43.703,9.0355,0.11328,0.011377,-0.022872,-0.027755
43.78,9.0333,0.11356,0.011697,-0.029744,-0.027325
43.858,9.0307,0.11487,0.012719,-0.0364,-0.026655
43.935,9.0277,0.11731,0.013905,-0.042828,-0.025727
44.014,9.0242,0.12076,0.016061,-0.049015,-0.024514
44.093,9.02,0.12535,0.018813,-0.054925,-0.023268
44.172,9.0159,0.13083,0.020772,-0.060456,-0.021669
44.252,9.0119,0.13732,0.02337,-0.065686,-0.019452
44.334,9.0079,0.14453,0.025891,-0.070474,-0.017066
44.416,9.004,0.15211,0.028262,-0.074786,-0.01438
44.5,9.0007,0.15998,0.03031,-0.07853,-0.011551
44.584,8.9978,0.16785,0.032141,-0.081761,-0.008588
44.669,8.9955,0.17581,0.033918,-0.08443,-0.0058439
44.755,8.9937,0.18394,0.035222,-0.086371,-0.0031329
44.844,8.9925,0.19211,0.036465,-0.087656,5.6244e-05
44.932,8.9919,0.20024,0.038267,-0.08801,0.0031891
45.021,8.9916,0.20821,0.039798,-0.087464,0.0058956
45.111,8.9917,0.216,0.041175,-0.085978,0.0085577
45.202,8.9925,0.22365,0.04184,-0.083472,0.011685
45.294,8.994,0.23083,0.042649,-0.080026,0.014856
45.387,8.996,0.23755,0.04291,-0.075628,0.017668
45.48,8.9987,0.24352,0.04287,-0.070317,0.020161
45.573,9.0018,0.24865,0.042404,-0.06425,0.022062
45.668,9.0054,0.25281,0.041435,-0.057377,0.023551
45.764,9.0096,0.25571,0.039685,-0.049863,0.024234
45.861,9.0144,0.2574,0.036934,-0.04169,0.023811
45.958,9.0197,0.2574,0.033191,-0.033045,0.02256
46.056,9.0255,0.25593,0.028724,-0.02376,0.020599
46.154,9.0315,0.2527,0.023696,-0.013943,0.017824
46.253,9.0379,0.24762,0.017825,-0.00352,0.014365
46.352,9.0444,0.24096,0.011443,0.0076326,0.010543
46.451,9.0509,0.23265,0.0053877,0.019219,0.0065629
46.551,9.0572,0.22297,-0.00010828,0.031495,0.0026086
46.65,9.0627,0.21212,-0.0047594,0.044109,-0.0015282
46.749,9.0678,0.20013,-0.0093063,0.057061,-0.0056517
46.849,9.0726,0.18748,-0.013754,0.070042,-0.0098764
46.949,9.077,0.17464,-0.017311,0.082962,-0.014013
47.049,9.0807,0.16176,-0.021033,0.095438,-0.018098
47.147,9.0836,0.14932,-0.024287,0.1074,-0.022305
47.243,9.0861,0.13751,-0.027739,0.11871,-0.026621
47.34,9.0889,0.12699,-0.033246,0.12901,-0.030096
47.437,9.0931,0.11916,-0.041414,0.13704,-0.032854
47.531,9.0989,0.11433,-0.051364,0.14232,-0.035576
47.626,9.1057,0.11161,-0.061543,0.14563,-0.037912
47.719,9.1119,0.11053,-0.069126,0.1471,-0.039686
47.813,9.1161,0.11083,-0.073863,0.14699,-0.041372
47.905,9.1179,0.11224,-0.076009,0.14578,-0.04242
47.994,9.1175,0.11439,-0.076499,0.14365,-0.042786
48.084,9.1153,0.11684,-0.075647,0.14103,-0.042952
48.172,9.1117,0.11925,-0.073951,0.13802,-0.042659
48.258,9.1073,0.12125,-0.071776,0.13473,-0.042579
48.344,9.1021,0.12273,-0.069192,0.13108,-0.042882
48.428,9.0967,0.12344,-0.066427,0.1272,-0.04319
48.512,9.0906,0.12343,-0.063096,0.12315,-0.043588
48.593,9.0844,0.12254,-0.060047,0.11915,-0.044113
48.675,9.0779,0.12088,-0.056747,0.11494,-0.044539
48.754,9.0716,0.11861,-0.053728,0.11084,-0.044813
48.834,9.065,0.11552,-0.050979,0.10647,-0.045001
48.912,9.0588,0.11204,-0.048222,0.10203,-0.045125
48.991,9.0523,0.10789,-0.045312,0.097386,-0.044441
49.069,9.046,0.10353,-0.043055,0.092607,-0.042852
49.148,9.0398,0.098981,-0.040998,0.087594,-0.040509
49.225,9.0337,0.09463,-0.038636,0.082514,-0.037822
49.303,9.0278,0.090802,-0.036428,0.077371,-0.035178
49.38,9.0223,0.087475,-0.034906,0.072027,-0.032469
49.457,9.0174,0.084841,-0.033682,0.066677,-0.029312
49.532,9.0131,0.082943,-0.032758,0.061347,-0.025796
49.61,9.009,0.081683,-0.031805,0.055854,-0.022378
49.687,9.0054,0.081166,-0.031357,0.050301,-0.018939
49.764,9.0023,0.081407,-0.031172,0.044898,-0.015151
49.842,8.9999,0.082322,-0.031543,0.039527,-0.011224
49.92,8.9983,0.084364,-0.03251,0.034574,-0.0077839
49.998,8.9974,0.087119,-0.033404,0.029862,-0.00439
50.075,8.9972,0.090746,-0.034308,0.025725,-0.001538
50.153,8.9974,0.094976,-0.035562,0.021885,0.0013554
50.231,8.9977,0.099605,-0.036278,0.018347,0.00429
50.311,8.998,0.10443,-0.036637,0.014901,0.0071779
50.391,8.9983,0.10926,-0.036579,0.011583,0.010304
50.471,8.9984,0.11391,-0.036246,0.0082421,0.013353
50.553,8.9983,0.11831,-0.03505,0.0048838,0.016046
50.636,8.998,0.12244,-0.033345,0.0015415,0.018438
50.719,8.9975,0.12605,-0.031123,-0.001646,0.020683
50.803,8.9968,0.12922,-0.028662,-0.0047801,0.022692
50.888,8.996,0.13191,-0.02585,-0.0078047,0.0241
50.975,8.9952,0.13403,-0.022883,-0.010659,0.024715
51.061,8.9943,0.13566,-0.019998,-0.013197,0.024486
51.148,8.9934,0.1368,-0.016917,-0.015365,0.023213
51.236,8.9923,0.13757,-0.014269,-0.017095,0.021162
51.323,8.9912,0.13803,-0.011508,-0.018249,0.019051
51.412,8.9898,0.13813,-0.0089233,-0.018911,0.016703
51.498,8.9884,0.13816,-0.0062339,-0.01889,0.01407
51.588,8.9867,0.13785,-0.0037882,-0.018294,0.010857
51.675,8.9846,0.13741,-0.00086228,-0.017001,0.0076335
51.763,8.9824,0.13693,0.0013983,-0.015126,0.0045914
51.85,8.9805,0.13671,0.0027471,-0.012765,0.0018219
51.938,8.9789,0.13688,0.0036926,-0.0098866,-0.00050441
52.026,8.9779,0.13731,0.0037429,-0.006523,-0.002449
52.114,8.9773,0.13793,0.0032484,-0.002724,-0.0040522
52.202,8.9773,0.1387,0.0020803,0.0015548,-0.0058651
52.289,8.9776,0.1394,0.00085049,0.006076,-0.0074708
52.378,8.9781,0.14009,-0.0009844,0.010899,-0.0087815
52.465,8.979,0.14073,-0.0030838,0.015629,-0.0094921
52.554,8.9801,0.1412,-0.0052267,0.020441,-0.0095102
52.643,8.9813,0.14136,-0.0074816,0.025175,-0.0087767
52.731,8.9826,0.14109,-0.010084,0.0297,-0.0076755
52.821,8.9842,0.14036,-0.012802,0.034205,-0.0060435
52.91,8.9859,0.13917,-0.015561,0.038482,-0.003837
52.999,8.9877,0.13747,-0.017537,0.042798,-0.0010465
53.089,8.9889,0.1357,-0.019384,0.04702,0.0022387
53.179,8.9898,0.13423,-0.020293,0.051252,0.0051208
53.269,8.9901,0.1329,-0.020356,0.055457,0.0076536
53.357,8.9899,0.13194,-0.019553,0.059691,0.01042
53.445,8.9893,0.13098,-0.018425,0.063844,0.013015
53.533,8.9882,0.13028,-0.016519,0.068,0.014838
53.62,8.9868,0.12932,-0.013958,0.071843,0.016542
53.707,8.9852,0.12858,-0.01126,0.075344,0.01827
53.795,8.9836,0.12787,-0.0085898,0.07853,0.019635
53.881,8.9824,0.12734,-0.0062973,0.081259,0.020323
53.968,8.9815,0.12692,-0.0039359,0.083616,0.020545
54.053,8.981,0.12646,-0.0019722,0.085294,0.020268
54.139,8.9811,0.12613,-0.00071004,0.08642,0.01919
54.223,8.982,0.12567,-0.00054318,0.086827,0.017417
54.309,8.9838,0.1252,-0.0012719,0.086549,0.015801
54.394,8.9861,0.12465,-0.0021743,0.085743,0.014147
54.479,8.9886,0.12406,-0.0031282,0.084333,0.011428
54.562,8.9912,0.12354,-0.0041947,0.08268,0.008239
54.644,8.9939,0.12314,-0.0057666,0.08074,0.0056849
54.726,8.9967,0.12292,-0.0075526,0.078658,0.0034471
54.808,8.9996,0.1229,-0.0097207,0.076397,0.0011057
54.888,9.0022,0.12306,-0.011475,0.074028,-0.00082831
54.968,9.0046,0.12339,-0.01298,0.071566,-0.0024631
55.049,9.0065,0.12377,-0.014378,0.068956,-0.0039697
55.128,9.0079,0.12428,-0.01527,0.066505,-0.0050268
55.207,9.0088,0.12473,-0.016198,0.064146,-0.0057987
55.285,9.0092,0.12515,-0.016454,0.061951,-0.0065126
55.363,9.0091,0.12534,-0.016213,0.059942,-0.006818
55.44,9.0085,0.12548,-0.015977,0.05815,-0.0064941
55.518,9.0076,0.12536,-0.015392,0.056537,-0.0063192
55.594,9.0063,0.12514,-0.014316,0.055121,-0.0065275
55.671,9.0048,0.12464,-0.012993,0.053863,-0.006575
55.748,9.0032,0.12385,-0.011777,0.052696,-0.0063011
55.826,9.0016,0.12272,-0.010543,0.051552,-0.0060456
55.905,8.9998,0.1213,-0.0090239,0.050427,-0.0058338
55.983,8.9978,0.11959,-0.0070593,0.04921,-0.0057534
56.061,8.9955,0.11769,-0.0050655,0.048038,-0.0057501
56.14,8.9929,0.11558,-0.0028231,0.046788,-0.005514
56.22,8.9905,0.11349,-0.00092162,0.045661,-0.0047451
56.3,8.9881,0.11132,0.00098908,0.044545,-0.0033067
56.381,8.9857,0.10918,0.0030992,0.043577,-0.0016671
56.461,8.9836,0.10715,0.004765,0.042757,-9.4647e-05
56.543,8.9815,0.10522,0.006534,0.042148,0.0017293
56.624,8.98,0.10339,0.0079998,0.041823,0.0033317
56.706,8.9788,0.10182,0.0090565,0.041829,0.0047489
56.787,8.9783,0.1004,0.0095817,0.042129,0.0058445
56.868,8.9784,0.099355,0.0094199,0.042833,0.0069159
56.949,8.979,0.098393,0.0095916,0.043778,0.0075132
57.031,8.9795,0.097636,0.0096758,0.045057,0.0075844
57.114,8.9801,0.096787,0.0096638,0.046495,0.0077398
57.195,8.9807,0.096002,0.0096617,0.048164,0.0078307
57.278,8.9813,0.094852,0.0097901,0.049903,0.0080383
57.361,8.982,0.093515,0.0097348,0.051766,0.0083398
57.442,8.9828,0.091929,0.0096855,0.053574,0.008865
57.526,8.9836,0.089976,0.0096114,0.055374,0.0094391
57.609,8.9845,0.087909,0.0092479,0.057071,0.0098945
57.693,8.9857,0.085496,0.0088819,0.058652,0.0098098
57.778,8.9867,0.082887,0.0087462,0.060201,0.0094898
57.862,8.9878,0.079971,0.008533,0.061547,0.009419
57.947,8.9891,0.076759,0.0079353,0.062755,0.0091646
58.029,8.9904,0.073297,0.0077672,0.063769,0.008422
58.114,8.9917,0.06949,0.0072783,0.064582,0.0076722
58.198,8.9931,0.065651,0.006594,0.065299,0.007088
58.283,8.9946,0.061698,0.005811,0.065923,0.0060952
58.366,8.9959,0.057975,0.0052266,0.066571,0.0049482
58.45,8.9972,0.054191,0.0045962,0.067209,0.0041715
58.533,8.9984,0.050728,0.0037314,0.067945,0.0032532
58.616,8.9996,0.047349,0.0030444,0.068749,0.0022502
58.699,9.0008,0.044205,0.0020206,0.069665,0.0015554
58.783,9.0018,0.041228,0.001297,0.070703,0.0012847
58.863,9.0026,0.038636,0.00049479,0.071785,0.00097594
58.946,9.0032,0.036294,2.5994e-05,0.072915,0.00074977
59.027,9.0036,0.034448,-0.00030585,0.074112,0.00025706
59.107,9.0037,0.032996,-0.00013193,0.075132,-0.00034118
59.187,9.0036,0.03191,7.7042e-06,0.076022,-0.0011573
59.267,9.0035,0.031115,-4.7671e-05,0.076644,-0.0018737
59.348,9.0036,0.03058,-0.00035747,0.076931,-0.0024163
59.427,9.0038,0.030323,-0.00068079,0.076915,-0.0031074
59.505,9.0037,0.030316,-0.00047274,0.076426,-0.0036412
59.585,9.0035,0.03061,-0.0004611,0.075592,-0.0040971
59.662,9.0032,0.031298,-0.0004246,0.07433,-0.0042385
59.74,9.0027,0.032355,-7.7926e-05,0.072654,-0.0040493
59.817,9.002,0.033804,0.00014955,0.070547,-0.0038779
59.895,9.0014,0.035619,0.00031502,0.067994,-0.0035799
59.972,9.0008,0.037753,0.00082106,0.065011,-0.0031887
60.05,9.0001,0.040318,0.0014675,0.061588,-0.0026943
60.127,8.9988,0.043182,0.0026459,0.057789,-0.0019178
60.203,8.9974,0.046392,0.0038559,0.053645,-0.0012435
60.279,8.9958,0.049818,0.0051486,0.049188,-0.00069857
60.353,8.9942,0.053449,0.0068753,0.044508,-0.00020975
60.43,8.9924,0.05728,0.0084134,0.039413,0.00016765
60.505,8.9908,0.061144,0.0097747,0.034319,0.00010822
60.581,8.9895,0.065088,0.011211,0.029029,5.7883e-05
60.656,8.9883,0.069086,0.012318,0.023754,0.00049533
60.73,8.9874,0.072877,0.01287,0.01854,0.00126
60.805,8.9868,0.076691,0.013208,0.013418,0.0018361
60.881,8.9864,0.080342,0.013422,0.0083521,0.0017898
60.954,8.9864,0.083884,0.013399,0.0036312,0.0012723
61.03,8.9866,0.08719,0.01326,-0.0010004,0.00053657
61.104,8.987,0.090255,0.012801,-0.0052399,-2.0071e-05
61.179,8.9873,0.092823,0.0128,-0.0093193,-0.00015493
61.254,8.9874,0.095063,0.012858,-0.013112,9.4328e-05
61.329,8.9872,0.096764,0.013522,-0.016627,0.00083982
61.405,8.9868,0.098012,0.013975,-0.019806,0.0015486
61.482,8.9862,0.098999,0.014706,-0.022587,0.001782
61.559,8.986,0.099648,0.015029,-0.024909,0.0019666
61.635,8.9858,0.10023,0.015648,-0.026619,0.0026208
61.714,8.9859,0.10043,0.015579,-0.027806,0.0034676
61.792,8.9864,0.10057,0.015568,-0.028229,0.003895
61.869,8.9872,0.10041,0.015056,-0.028024,0.0042597
61.949,8.9881,0.10022,0.014742,-0.026991,0.004802
62.029,8.9892,0.099749,0.014138,-0.025207,0.0055451
62.109,8.9904,0.099228,0.01376,-0.022661,0.0062276
62.189,8.9917,0.098477,0.013234,-0.019368,0.0070592
62.272,8.993,0.097534,0.013001,-0.015282,0.0075965
62.354,8.9942,0.096319,0.012452,-0.010514,0.0076109
62.437,8.9953,0.095061,0.012097,-0.0051666,0.0072393
62.519,8.9965,0.093813,0.011248,0.00064165,0.0068272
62.604,8.9976,0.09271,0.011008,0.006978,0.006431
62.688,8.9983,0.091837,0.01106,0.013608,0.005867
62.772,8.9986,0.091071,0.0113,0.020449,0.0050641
62.857,8.9986,0.090548,0.012146,0.027669,0.0047263
62.941,8.998,0.090129,0.013633,0.034861,0.004581
63.026,8.9968,0.089871,0.015561,0.042286,0.0042818
63.111,8.9956,0.089692,0.01723,0.04956,0.0043859
63.195,8.9941,0.089549,0.019503,0.056626,0.004655
63.279,8.9926,0.089245,0.021662,0.063442,0.004523
63.362,8.9909,0.088712,0.024051,0.069718,0.0044859
63.446,8.9893,0.087803,0.026352,0.075485,0.0049671
63.529,8.9878,0.086495,0.028364,0.080468,0.0056854
63.613,8.9863,0.084777,0.03035,0.084713,0.0059656
63.696,8.9852,0.08266,0.031673,0.088114,0.0064597
63.78,8.9849,0.080452,0.03223,0.090719,0.0073898
63.862,8.9854,0.07805,0.031621,0.092608,0.0081756
63.945,8.9866,0.075826,0.030914,0.093939,0.0087371
64.025,8.9885,0.073575,0.029077,0.094673,0.009232
64.106,8.9909,0.071532,0.027213,0.094928,0.0098411
64.186,8.9939,0.069606,0.02469,0.094733,0.010272
64.265,8.9969,0.068015,0.022704,0.094174,0.010576
64.342,8.9998,0.066727,0.02048,0.093228,0.010621
64.419,9.0027,0.065872,0.018941,0.091992,0.010854
64.495,9.0054,0.065334,0.017154,0.090439,0.011015
64.57,9.0079,0.065251,0.015848,0.088666,0.01092
64.643,9.0102,0.065433,0.015006,0.086427,0.010392
64.716,9.012,0.066015,0.014846,0.083688,0.0099653
64.788,9.0135,0.066757,0.014677,0.080423,0.009206
64.859,9.0146,0.067702,0.015192,0.076763,0.0081573
64.929,9.0152,0.068731,0.016016,0.072823,0.0070162
64.999,9.0153,0.069921,0.017454,0.068635,0.0056855
65.069,9.0151,0.071237,0.018659,0.064246,0.0038783
65.137,9.015,0.072674,0.019726,0.059717,0.0020894
65.206,9.015,0.074445,0.020759,0.054989,0.0005846
65.274,9.0148,0.076252,0.021703,0.050293,-0.0011065
65.342,9.0148,0.078386,0.022231,0.045418,-0.0030331
65.41,9.0145,0.080574,0.022998,0.040557,-0.0047225
65.478,9.0144,0.083029,0.023491,0.035644,-0.0062623
65.545,9.014,0.085668,0.023986,0.030986,-0.0078773
65.613,9.0139,0.088775,0.02382,0.026332,-0.0094193
65.68,9.0136,0.092096,0.024187,0.022035,-0.010562
65.747,9.0129,0.095693,0.024907,0.017886,-0.01124
65.814,9.012,0.09976,0.025298,0.013986,-0.011653
65.882,9.0115,0.1041,0.02492,0.010198,-0.011992
65.949,9.011,0.10871,0.024954,0.0067147,-0.012268
66.018,9.0107,0.11347,0.02446,0.0032691,-0.012284
66.084,9.0105,0.1182,0.023759,7.4499e-05,-0.012108
66.153,9.0106,0.12314,0.022842,-0.0030302,-0.012092
66.221,9.0107,0.12803,0.021766,-0.0059769,-0.012046
66.29,9.0112,0.13279,0.020516,-0.0089143,-0.012235
66.36,9.0118,0.1374,0.01935,-0.011857,-0.0121
66.431,9.0125,0.14172,0.017758,-0.014803,-0.012109
66.501,9.0134,0.14564,0.015764,-0.017668,-0.012624
66.572,9.015,0.14921,0.012958,-0.02048,-0.01341
66.644,9.0168,0.15235,0.010414,-0.023148,-0.014413
66.716,9.0188,0.15498,0.0074699,-0.025725,-0.015266
66.789,9.0205,0.15734,0.0048869,-0.028105,-0.015984
66.863,9.0222,0.15934,0.0018748,-0.030228,-0.01654
66.937,9.0236,0.16128,-0.00025921,-0.032077,-0.016979
67.011,9.0247,0.16306,-0.0027082,-0.033651,-0.017012
67.086,9.0255,0.16498,-0.0045406,-0.034864,-0.016902
67.161,9.0259,0.16694,-0.0061277,-0.035721,-0.016478
67.236,9.0258,0.16906,-0.007028,-0.036297,-0.016142
67.31,9.0251,0.17137,-0.0074576,-0.036682,-0.015861
67.385,9.024,0.1738,-0.0075824,-0.036875,-0.015671
67.462,9.0224,0.17646,-0.0066599,-0.036903,-0.015238
67.537,9.02,0.1793,-0.0052593,-0.036641,-0.014521
67.613,9.0171,0.18227,-0.0030759,-0.036163,-0.013748
67.688,9.0138,0.18538,-0.00050111,-0.035339,-0.013041
67.764,9.0102,0.18858,0.0022523,-0.034191,-0.012197
67.84,9.0064,0.19174,0.0050995,-0.03253,-0.011178
67.916,9.0026,0.19475,0.00825,-0.030491,-0.010115
67.992,8.9989,0.19771,0.011197,-0.027928,-0.0087522
68.067,8.9955,0.20057,0.013892,-0.025024,-0.0073125
68.144,8.9922,0.20338,0.016747,-0.021537,-0.0058741
68.219,8.9894,0.20602,0.018893,-0.017818,-0.0046442
68.295,8.9872,0.20851,0.020853,-0.013598,-0.0033579
68.372,8.9855,0.21072,0.021991,-0.0090378,-0.0022012
68.448,8.9846,0.2125,0.022784,-0.0041735,-0.0011398
68.523,8.9842,0.2139,0.022857,0.00088193,-0.00044942
68.6,8.9843,0.21478,0.022955,0.0061629,0.00016911
68.676,8.9845,0.21547,0.022981,0.011527,0.00088311
68.751,8.9847,0.2158,0.02312,0.016728,0.0017913
68.829,8.9844,0.21657,0.024259,0.021614,0.0027743
68.903,8.9831,0.21866,0.02731,0.024992,0.0035548
68.979,8.9799,0.22238,0.033013,0.026792,0.0042098
69.053,8.9755,0.22714,0.039403,0.027303,0.0051452
69.127,8.9703,0.23233,0.046151,0.027223,0.006407
69.201,8.9652,0.23716,0.051514,0.026987,0.0075081
69.274,8.9608,0.24173,0.056697,0.026889,0.0086975
69.348,8.9566,0.24618,0.061467,0.026679,0.0099542
69.419,8.9531,0.25046,0.065918,0.026614,0.011123
69.491,8.95,0.25469,0.069483,0.026426,0.012383
69.562,8.9479,0.25886,0.072042,0.02632,0.013726
69.631,8.9466,0.26273,0.074264,0.026131,0.014853
69.702,8.9461,0.26646,0.075454,0.02601,0.015225
69.771,8.9463,0.26976,0.07686,0.02586,0.015019
69.842,8.9472,0.27278,0.077069,0.025601,0.014557
69.911,8.9486,0.27544,0.07736,0.025319,0.014027
69.98,8.9503,0.27765,0.077301,0.025034,0.01313
70.049,8.9523,0.27956,0.077224,0.024765,0.012177
70.118,8.9545,0.28097,0.077418,0.024587,0.011437
70.186,8.9566,0.28186,0.077255,0.024479,0.010511
70.254,8.9588,0.28213,0.077739,0.024402,0.009864
70.322,8.9608,0.28166,0.07842,0.024427,0.0095297
70.39,8.9622,0.28063,0.079597,0.024354,0.0094864
70.457,8.963,0.27887,0.081753,0.024335,0.0099147
70.525,8.9632,0.27665,0.083875,0.024199,0.01069
70.593,8.963,0.27415,0.087593,0.02423,0.012024
70.66,8.9623,0.27121,0.09139,0.024224,0.014098
70.728,8.9614,0.26813,0.09605,0.024436,0.016988
70.795,8.9605,0.26477,0.10156,0.024739,0.020725
70.864,8.9594,0.26132,0.10746,0.025301,0.024868
70.932,8.9584,0.25784,0.11321,0.026066,0.029385
71,8.958,0.25444,0.11803,0.027107,0.033431
71.069,8.9582,0.25114,0.1219,0.028532,0.036089
71.138,8.9594,0.2484,0.12424,0.030553,0.036872
71.209,8.9616,0.24581,0.12488,0.03311,0.03526
71.279,8.9653,0.24391,0.124,0.036286,0.031463
71.35,8.9702,0.24234,0.12161,0.040031,0.025892
71.421,8.9762,0.24103,0.11876,0.044449,0.019216
71.492,8.9825,0.24002,0.11505,0.04934,0.012047
71.562,8.989,0.23896,0.11144,0.054725,0.0050252
71.634,8.9956,0.23763,0.1073,0.060606,-0.0020518
71.704,9.0019,0.23598,0.10298,0.066826,-0.0085329
71.773,9.0078,0.23373,0.098443,0.073087,-0.014066
71.844,9.0134,0.23107,0.094088,0.079596,-0.018449
71.914,9.0183,0.22781,0.089576,0.085953,-0.020939
71.985,9.0228,0.22436,0.085053,0.092101,-0.02178
72.057,9.0272,0.22105,0.079656,0.098013,-0.021061
72.128,9.032,0.21865,0.072082,0.10274,-0.018747
72.2,9.0374,0.21737,0.063826,0.10639,-0.015956
72.271,9.0436,0.21675,0.054362,0.10922,-0.013095
72.341,9.0504,0.21681,0.044927,0.11153,-0.010662
72.41,9.0578,0.21655,0.036002,0.11369,-0.0083787
72.48,9.0653,0.21562,0.028017,0.11634,-0.0060546
72.548,9.0723,0.2141,0.021497,0.11918,-0.0044046
72.616,9.079,0.2113,0.015369,0.12269,-0.0035552
72.684,9.0847,0.2077,0.0096133,0.1264,-0.0032782
72.751,9.0898,0.2035,0.0041757,0.13018,-0.0033456
72.818,9.0944,0.19873,-0.00053433,0.13378,-0.0038722
72.884,9.0983,0.19397,-0.0046667,0.13691,-0.0048766
72.95,9.1018,0.189,-0.0084518,0.13958,-0.0060522
73.016,9.1051,0.18457,-0.012141,0.14129,-0.007132
73.081,9.1082,0.18095,-0.015439,0.14185,-0.0083879
73.145,9.1109,0.17891,-0.017748,0.14078,-0.010021
73.209,9.1129,0.17819,-0.017765,0.13814,-0.012188
73.273,9.1137,0.17776,-0.01679,0.13459,-0.0147
73.336,9.1138,0.17743,-0.015329,0.13041,-0.017178
73.397,9.1136,0.17695,-0.014393,0.12573,-0.019457
73.46,9.1129,0.17606,-0.014042,0.12048,-0.021615
73.52,9.1123,0.17482,-0.013972,0.115,-0.024042
73.58,9.1116,0.17326,-0.01387,0.10903,-0.026877
73.64,9.111,0.17123,-0.013912,0.1027,-0.029851
73.699,9.1105,0.16886,-0.01426,0.095988,-0.032724
73.757,9.1103,0.16592,-0.015308,0.088945,-0.035392
73.815,9.1103,0.16285,-0.016491,0.081538,-0.037586
73.873,9.1101,0.15935,-0.017655,0.073725,-0.039774
73.928,9.1098,0.15578,-0.018537,0.065791,-0.041609
73.985,9.1091,0.15201,-0.019831,0.057469,-0.043068
74.04,9.1084,0.14817,-0.021395,0.048977,-0.044481
74.095,9.1072,0.14499,-0.022219,0.040719,-0.045351
74.15,9.1047,0.14293,-0.021593,0.033255,-0.04601
74.204,9.1013,0.14181,-0.020053,0.026114,-0.046412
74.259,9.0963,0.14191,-0.017416,0.019551,-0.046229
74.314,9.091,0.14239,-0.015451,0.012933,-0.045747
74.369,9.0861,0.14296,-0.013595,0.0061341,-0.044694
74.424,9.0815,0.14396,-0.012313,-0.00063034,-0.043381
74.479,9.0775,0.14512,-0.011427,-0.0073463,-0.041824
74.535,9.0739,0.14693,-0.010645,-0.013741,-0.039979
74.59,9.0708,0.14894,-0.010614,-0.019717,-0.037979
74.646,9.0682,0.15125,-0.011105,-0.025432,-0.035865
74.702,9.0664,0.15386,-0.012108,-0.030524,-0.033806
74.759,9.0652,0.15658,-0.01359,-0.035317,-0.031974
74.816,9.0646,0.15976,-0.015178,-0.039321,-0.030487
74.874,9.0642,0.1627,-0.016357,-0.042673,-0.029241
74.932,9.0638,0.16602,-0.017697,-0.045156,-0.02783
74.991,9.0637,0.16944,-0.019495,-0.047003,-0.026207
75.051,9.0638,0.17311,-0.021594,-0.048002,-0.024655
75.112,9.0642,0.17703,-0.023203,-0.048353,-0.023647
75.174,9.0644,0.18107,-0.024591,-0.047938,-0.022952
75.236,9.0642,0.18527,-0.025802,-0.046796,-0.022524
75.299,9.0638,0.18931,-0.026559,-0.044849,-0.022072
75.362,9.0629,0.19331,-0.026828,-0.042174,-0.021117
75.427,9.0619,0.19712,-0.026903,-0.038801,-0.019916
75.492,9.0607,0.20038,-0.026876,-0.034818,-0.018739
75.558,9.0592,0.20339,-0.026262,-0.030277,-0.017381
75.626,9.0576,0.20569,-0.025685,-0.0252,-0.015614
75.694,9.0556,0.20764,-0.024148,-0.019731,-0.013852
75.761,9.0531,0.20895,-0.021779,-0.013962,-0.012322
75.83,9.0499,0.20976,-0.019091,-0.0078959,-0.010927
75.9,9.0462,0.21004,-0.015724,-0.0016322,-0.0098858
75.97,9.0421,0.20953,-0.011991,0.0046726,-0.0094391
76.039,9.0373,0.20852,-0.0076977,0.011047,-0.0092925
76.11,9.032,0.20671,-0.0031459,0.017507,-0.0091498
76.18,9.0267,0.20438,0.0010058,0.023917,-0.0091628
76.251,9.0217,0.20179,0.00534,0.030141,-0.0090976
76.321,9.017,0.19914,0.0089229,0.035945,-0.0090957
76.392,9.013,0.19657,0.01206,0.041545,-0.0090554
76.462,9.0096,0.19407,0.014838,0.046675,-0.0088621
76.532,9.0068,0.1918,0.016821,0.051491,-0.0084645
76.601,9.0041,0.18982,0.019278,0.055811,-0.0076769
76.67,9.0017,0.18813,0.021178,0.059692,-0.007235
76.738,8.9997,0.18678,0.022725,0.063019,-0.0072117
76.805,8.9982,0.18591,0.023654,0.065884,-0.0069671
76.873,8.9974,0.1853,0.023753,0.068185,-0.0067145
76.938,8.9971,0.18524,0.023878,0.069926,-0.0064603
77.004,8.9971,0.18532,0.0235,0.07124,-0.006692
77.068,8.9973,0.18579,0.023203,0.072025,-0.0070544
77.132,8.9978,0.18647,0.02224,0.072488,-0.0068859
77.194,8.9984,0.18722,0.021158,0.072447,-0.005995
77.256,8.9991,0.1883,0.020545,0.072105,-0.0044344
77.315,8.9995,0.18927,0.019965,0.071442,-0.0029218
77.376,8.9998,0.1905,0.019416,0.07039,-0.0017142
77.434,9.0001,0.19172,0.018943,0.069183,-0.00068366
77.492,9.0006,0.19278,0.018206,0.067634,0.00050416
77.549,9.0012,0.19393,0.018345,0.065834,0.0016701
77.605,9.0013,0.19479,0.01876,0.063875,0.0023999
77.661,9.0013,0.1954,0.018632,0.061697,0.0024395
77.716,9.0014,0.1957,0.019335,0.059452,0.0020087
77.771,9.0011,0.19539,0.02016,0.057141,0.0014073
77.825,9.0009,0.19459,0.020679,0.054889,0.00060579
77.879,9.0006,0.19348,0.021898,0.052774,5.1721e-05
77.933,9,0.19157,0.022734,0.050792,-0.00025116
77.986,8.9995,0.18927,0.023639,0.049004,-0.00047918
78.039,8.9986,0.18662,0.025498,0.047446,-0.00053166
78.093,8.9971,0.18328,0.027702,0.046176,-0.00055151
78.146,8.9954,0.17977,0.029913,0.045153,-0.00039443
78.199,8.9935,0.17596,0.032452,0.04443,7.329e-05
78.252,8.9918,0.17185,0.03446,0.044079,0.00036959
78.306,8.9905,0.16759,0.036,0.04395,0.000471
78.36,8.9897,0.16327,0.037356,0.044075,0.00053249
78.415,8.9892,0.15893,0.03863,0.044518,0.00059959
78.47,8.9887,0.15464,0.03927,0.045166,0.00034623
78.526,8.9886,0.15055,0.039607,0.046218,-0.00036294
78.583,8.9889,0.14655,0.039612,0.047541,-0.0012514
78.64,8.9895,0.14278,0.039238,0.04916,-0.0019594
78.699,8.9902,0.13926,0.038709,0.05134,-0.0023967
78.757,8.9911,0.13597,0.037651,0.053664,-0.0030905
78.817,8.9925,0.13307,0.035287,0.05659,-0.0040352
78.876,8.9946,0.13077,0.033166,0.060115,-0.0048064
78.935,8.997,0.12859,0.030345,0.063917,-0.0053299
78.996,8.9998,0.12674,0.026917,0.068363,-0.0054781
79.057,9.0026,0.12519,0.024751,0.07314,-0.0054609
79.117,9.005,0.12381,0.022358,0.078052,-0.0053559
79.179,9.007,0.1228,0.020269,0.083488,-0.0049771
79.24,9.0085,0.1217,0.019206,0.088904,-0.0043982
79.301,9.0092,0.12072,0.018883,0.094693,-0.0034175
79.362,9.0091,0.11965,0.019765,0.10054,-0.0021166
79.424,9.0083,0.11819,0.021002,0.10636,-0.00072379
79.485,9.0071,0.11666,0.022226,0.11227,0.0003975
79.546,9.0059,0.11479,0.023284,0.11813,0.0010362
79.607,9.0049,0.11261,0.024345,0.12366,0.001331
79.667,9.0036,0.11089,0.027063,0.1284,0.0016478
79.728,9.0005,0.11028,0.032779,0.13142,0.0018757
79.787,8.9954,0.11116,0.040364,0.1323,0.0021958
79.846,8.9882,0.11359,0.050167,0.13092,0.0028192
79.904,8.98,0.11657,0.059292,0.128,0.0025994
79.961,8.9719,0.11953,0.06617,0.12416,0.001916
80.017,8.9653,0.12162,0.070414,0.11971,0.0015482
80.073,8.961,0.12274,0.071629,0.11484,0.0011755
80.127,8.9592,0.12264,0.070261,0.10991,0.00031202
80.182,8.9596,0.12128,0.067371,0.1047,-0.0010585
80.235,8.9616,0.11891,0.063929,0.099516,-0.0024175
80.288,8.9649,0.11559,0.060036,0.094138,-0.0034326
80.339,8.969,0.11187,0.055203,0.088839,-0.0040937
80.39,8.9739,0.10789,0.049935,0.083531,-0.0043764
80.441,8.9793,0.10376,0.044517,0.07803,-0.0045614
80.49,8.9845,0.099912,0.039534,0.072744,-0.0050076
80.539,8.9894,0.096251,0.035026,0.067448,-0.0053654
80.587,8.9934,0.092833,0.031347,0.061996,-0.0052789
80.634,8.9964,0.089775,0.029165,0.05662,-0.0050848
80.681,8.9983,0.087063,0.027935,0.051072,-0.0045668
80.729,8.9992,0.084848,0.027201,0.045325,-0.0037678
80.776,8.9998,0.083119,0.026865,0.039594,-0.0030802
80.822,8.9997,0.081964,0.027843,0.033868,-0.0024964
80.868,8.9987,0.081517,0.029644,0.028049,-0.0022113
80.915,8.9968,0.081713,0.031822,0.022359,-0.0023718
80.961,8.9945,0.082649,0.034048,0.016681,-0.0024935
81.007,8.9921,0.084236,0.036374,0.011215,-0.0019549
81.053,8.9898,0.086394,0.038376,0.0057537,-0.0009538
81.099,8.9878,0.089128,0.040377,0.00038455,-5.3965e-05
81.146,8.9859,0.09233,0.042556,-0.0049053,0.00036354
81.194,8.9842,0.095965,0.043758,-0.010156,0.00019021
81.241,8.9832,0.099789,0.044247,-0.015295,-6.4017e-05
81.289,8.9827,0.10368,0.044759,-0.020587,-0.00015798
81.338,8.9824,0.10777,0.04507,-0.025854,-0.00027465
81.387,8.9821,0.11188,0.044987,-0.03103,-0.00061311
81.436,8.9823,0.11587,0.044742,-0.036041,-0.0012184
81.486,8.9824,0.12016,0.044943,-0.040977,-0.0017514
81.537,8.9822,0.12444,0.045095,-0.045651,-0.0024638
81.588,8.9821,0.12877,0.04508,-0.049966,-0.0031981
81.64,8.9819,0.13328,0.045434,-0.053866,-0.003648
81.692,8.9815,0.13764,0.04571,-0.057212,-0.0037805
81.744,8.9808,0.142,0.046526,-0.060117,-0.0036284
81.797,8.9797,0.14631,0.048052,-0.06252,-0.0034859
81.85,8.9783,0.15029,0.049068,-0.064304,-0.0035737
81.904,8.9772,0.15414,0.049916,-0.065641,-0.003604
81.959,8.9762,0.1575,0.051089,-0.066462,-0.0033265
82.014,8.9752,0.16037,0.052102,-0.066695,-0.0028164
82.068,8.9744,0.16283,0.053043,-0.066442,-0.002032
82.124,8.9737,0.16477,0.054052,-0.065672,-0.00076823
82.179,8.9733,0.16641,0.054941,-0.064314,0.00089522
82.236,8.9729,0.16787,0.056361,-0.062499,0.0031112
82.292,8.9725,0.16897,0.057526,-0.060237,0.0055038
82.349,8.9724,0.17006,0.058468,-0.057395,0.0074949
82.406,8.9724,0.17103,0.059592,-0.054167,0.0090511
82.462,8.9725,0.17165,0.06024,-0.05051,0.010431
82.519,8.9731,0.17241,0.060983,-0.046442,0.012062
82.578,8.9736,0.17308,0.062008,-0.042033,0.014087
82.636,8.9744,0.17329,0.06252,-0.037391,0.016124
82.694,8.9754,0.17358,0.063188,-0.032307,0.017855
82.752,8.9765,0.17357,0.063806,-0.027057,0.018853
82.811,8.9777,0.17315,0.06375,-0.021544,0.019134
82.87,8.9794,0.1729,0.063288,-0.015694,0.01919
82.929,8.9812,0.17238,0.063016,-0.0098646,0.019139
82.988,8.9832,0.17196,0.062526,-0.0039189,0.018524
83.047,8.9853,0.17186,0.062276,0.0020852,0.017239
83.106,8.9874,0.17165,0.062607,0.0080727,0.01557
83.165,8.9891,0.17151,0.062911,0.014007,0.014132
83.223,8.9905,0.17155,0.063472,0.019815,0.013169
83.281,8.9919,0.17149,0.064251,0.025459,0.012131
83.34,8.993,0.17144,0.06482,0.031168,0.010843
83.398,8.9941,0.17133,0.065393,0.036707,0.0094629
83.456,8.9951,0.171,0.066262,0.042068,0.0082533
83.512,8.9957,0.17065,0.067023,0.047334,0.007309
83.569,8.9962,0.17024,0.067984,0.052563,0.0065375
83.626,8.9963,0.16966,0.069304,0.057625,0.005929
83.681,8.9961,0.16893,0.070636,0.062479,0.0052845
83.737,8.9958,0.16804,0.072113,0.067227,0.0048106
83.792,8.9956,0.16702,0.073331,0.071688,0.0048282
83.846,8.9956,0.16566,0.074285,0.075833,0.0054613
83.9,8.9955,0.16396,0.075394,0.079851,0.0065396
83.953,8.9954,0.1622,0.076881,0.083632,0.0078854
84.006,8.9953,0.16007,0.077897,0.087273,0.0091295
84.059,8.9956,0.15764,0.077685,0.090758,0.010073
84.111,8.9968,0.1551,0.077682,0.094101,0.011248
84.162,8.9982,0.15242,0.077565,0.097243,0.012819
84.213,8.9999,0.14948,0.076199,0.10015,0.014222
84.263,9.0022,0.14651,0.074827,0.10291,0.015556
84.314,9.0051,0.14354,0.072753,0.10548,0.016506
84.364,9.0086,0.14039,0.069876,0.10773,0.016687
84.413,9.0126,0.13732,0.066887,0.10968,0.016294
84.462,9.0169,0.13442,0.06359,0.1114,0.015443
84.511,9.0217,0.13139,0.060133,0.11272,0.013902
84.56,9.0268,0.12846,0.056798,0.11365,0.01199
84.608,9.0317,0.12567,0.053779,0.11436,0.0098384
84.655,9.0366,0.12284,0.05059,0.11476,0.007299
84.703,9.0415,0.12006,0.046972,0.11489,0.004488
84.75,9.046,0.11742,0.044027,0.11491,0.0018779
84.797,9.05,0.11489,0.041179,0.11481,-0.00065992
84.843,9.0536,0.11265,0.038226,0.11466,-0.0032525
84.888,9.0568,0.11076,0.0361,0.1145,-0.005708
84.933,9.059,0.10908,0.035421,0.11433,-0.0079205
84.978,9.0605,0.10738,0.03484,0.11401,-0.0099472
85.022,9.0615,0.10585,0.033981,0.11359,-0.011788
85.065,9.0623,0.10444,0.03347,0.11317,-0.013477
85.109,9.0628,0.10301,0.032962,0.11268,-0.01527
85.153,9.063,0.10153,0.032958,0.11198,-0.017277
85.196,9.0627,0.10011,0.033232,0.11132,-0.019117
85.239,9.0618,0.098773,0.03411,0.11066,-0.02065
85.282,9.0605,0.0973,0.034942,0.10978,-0.021709
85.324,9.0592,0.095535,0.035496,0.10872,-0.022121
85.366,9.058,0.093833,0.035548,0.10764,-0.021966
85.409,9.0571,0.092083,0.035732,0.10644,-0.021982
85.451,9.0562,0.089909,0.035568,0.10495,-0.022438
85.494,9.0552,0.087721,0.035775,0.10331,-0.022855
85.536,9.0542,0.085776,0.036066,0.10173,-0.023151
85.578,9.0532,0.083506,0.036198,0.099937,-0.023404
85.622,9.0518,0.081166,0.036918,0.097996,-0.023115
85.664,9.0503,0.079245,0.037887,0.096204,-0.022457
85.707,9.0486,0.077357,0.038722,0.094458,-0.022028
85.75,9.0469,0.075379,0.039283,0.092628,-0.021996
85.792,9.0456,0.073872,0.039426,0.091065,-0.021925
85.836,9.0447,0.07254,0.040043,0.089613,-0.0216
85.879,9.0437,0.071164,0.040713,0.08815,-0.021273
85.921,9.0425,0.070067,0.040933,0.086894,-0.02097
85.964,9.0413,0.069108,0.041112,0.085765,-0.020874
86.007,9.0404,0.068016,0.040965,0.084582,-0.021175
86.051,9.0398,0.066922,0.040548,0.083392,-0.021563
86.094,9.0393,0.066081,0.040434,0.082321,-0.021834
86.137,9.0389,0.065235,0.039979,0.081194,-0.022215
86.181,9.0388,0.064244,0.039234,0.079983,-0.02242
86.224,9.0386,0.06339,0.03842,0.078789,-0.022184
86.267,9.0384,0.062613,0.037824,0.077579,-0.022071
86.31,9.0381,0.061728,0.036953,0.076254,-0.02271
86.353,9.0379,0.061,0.03582,0.074925,-0.023652
86.396,9.038,0.060353,0.034776,0.073512,-0.023953
86.44,9.0381,0.059606,0.033958,0.071882,-0.023409
86.483,9.0378,0.058946,0.033022,0.070226,-0.0226
86.526,9.0376,0.058298,0.032174,0.068453,-0.022099
86.569,9.0374,0.05758,0.031505,0.066509,-0.021879
86.613,9.037,0.056888,0.030718,0.064451,-0.021861
86.655,9.0364,0.056202,0.030548,0.062301,-0.021707
86.699,9.0355,0.055396,0.030447,0.059826,-0.021218
86.742,9.0345,0.054804,0.030611,0.057362,-0.020473
86.784,9.0336,0.054357,0.03054,0.054961,-0.020197
86.827,9.0329,0.053869,0.029929,0.052382,-0.020152
86.869,9.0325,0.05363,0.029492,0.049885,-0.020158
86.913,9.0323,0.05357,0.028603,0.047348,-0.020015
86.954,9.0324,0.053473,0.027587,0.044886,-0.019681
86.996,9.0327,0.053498,0.0265,0.042344,-0.019459
87.038,9.0331,0.053684,0.025234,0.039875,-0.019407
87.079,9.0335,0.053824,0.024178,0.037516,-0.01966
87.121,9.0337,0.053944,0.023011,0.035097,-0.019898
87.163,9.034,0.054152,0.021529,0.032791,-0.019732
87.205,9.0347,0.054371,0.020085,0.030603,-0.019588
87.245,9.0353,0.054506,0.01895,0.028536,-0.019926
87.286,9.0355,0.054655,0.017924,0.026544,-0.020781
87.327,9.0355,0.054856,0.017302,0.024697,-0.021575
87.368,9.035,0.055027,0.017186,0.022996,-0.022027
87.409,9.0341,0.055148,0.017179,0.021334,-0.021964
87.45,9.0331,0.05526,0.017338,0.01979,-0.021631
87.491,9.0319,0.055401,0.017983,0.01844,-0.021455
87.531,9.0304,0.055568,0.01862,0.017176,-0.02172
87.572,9.029,0.055715,0.018888,0.016003,-0.022149
87.613,9.0278,0.055894,0.01906,0.014992,-0.022249
87.654,9.0266,0.056117,0.019372,0.014053,-0.021905
87.696,9.0257,0.056338,0.019423,0.013178,-0.021016
87.737,9.0249,0.0565,0.019381,0.01238,-0.020098
87.778,9.024,0.056605,0.019794,0.0117,-0.019432
87.82,9.0228,0.056657,0.020405,0.011018,-0.019161
87.862,9.0212,0.056658,0.021215,0.0104,-0.019167
87.904,9.0196,0.056551,0.021764,0.0098219,-0.019032
87.946,9.0183,0.056417,0.02218,0.0093215,-0.018188
87.988,9.0173,0.056315,0.022401,0.0089641,-0.016682
88.03,9.0167,0.056265,0.021828,0.0086931,-0.014918
88.072,9.0164,0.056198,0.021433,0.008449,-0.013397
88.113,9.0162,0.056141,0.021344,0.0083262,-0.01249
88.156,9.0159,0.056296,0.021217,0.0083182,-0.01205
88.198,9.0156,0.056522,0.020971,0.0083344,-0.011751
88.24,9.0156,0.056849,0.020257,0.0084012,-0.010902
88.281,9.016,0.057424,0.019127,0.0085618,-0.009559
88.323,9.0167,0.058273,0.017667,0.0086681,-0.0084133
88.364,9.0176,0.059395,0.01585,0.0085039,-0.0077648
88.406,9.0192,0.06109,0.013281,0.0080026,-0.0074969
88.447,9.0215,0.063055,0.010431,0.0073173,-0.007628
88.488,9.024,0.064959,0.0078148,0.0063842,-0.007774
88.53,9.0262,0.066988,0.0053175,0.0051638,-0.0076301
88.572,9.0286,0.069169,0.0023008,0.0038291,-0.0073476
88.613,9.0311,0.071082,-0.00064752,0.0022719,-0.0072781
88.655,9.0332,0.072863,-0.0027333,0.00050537,-0.0074904
88.697,9.0348,0.074719,-0.0045446,-0.0013229,-0.0077583
88.739,9.0362,0.076414,-0.0064982,-0.0031763,-0.0074865
88.781,9.0375,0.078079,-0.0080668,-0.0051098,-0.0064737
88.822,9.0383,0.079869,-0.0089345,-0.0069419,-0.004921
88.863,9.0388,0.081897,-0.0096027,-0.0086749,-0.0035115
88.904,9.039,0.084268,-0.010165,-0.010345,-0.0028557
88.945,9.0391,0.086978,-0.010377,-0.012002,-0.0027794
88.986,9.0391,0.08974,-0.010522,-0.013411,-0.0028462
89.026,9.039,0.092723,-0.010509,-0.014672,-0.0027815
89.067,9.0387,0.095953,-0.010415,-0.015863,-0.0028791
89.106,9.0383,0.099231,-0.010171,-0.016952,-0.0031278
89.147,9.0378,0.10249,-0.010005,-0.017899,-0.0035191
89.187,9.0375,0.1057,-0.01039,-0.018749,-0.0041081
89.226,9.0375,0.10894,-0.010798,-0.019532,-0.0050048
89.266,9.0374,0.11202,-0.011189,-0.02031,-0.0055868
89.306,9.0373,0.11482,-0.011691,-0.0211,-0.005834
89.345,9.0375,0.11751,-0.012631,-0.021898,-0.006047
89.385,9.038,0.12016,-0.013811,-0.022703,-0.0062514
89.424,9.0387,0.12257,-0.015025,-0.023574,-0.0065133
89.464,9.0394,0.12482,-0.016199,-0.02451,-0.0070225
89.503,9.04,0.12698,-0.017189,-0.025441,-0.0077337
89.543,9.0404,0.12933,-0.018262,-0.026415,-0.0087192
89.582,9.0407,0.13156,-0.019224,-0.027431,-0.0097244
89.621,9.0407,0.13371,-0.019757,-0.028465,-0.010567
89.66,9.0405,0.13593,-0.019995,-0.029454,-0.011221
89.699,9.0402,0.13817,-0.020621,-0.03051,-0.011747
89.739,9.0398,0.14039,-0.020972,-0.03173,-0.012445
89.778,9.0392,0.14251,-0.021052,-0.032936,-0.013325
89.817,9.0384,0.14468,-0.020556,-0.034165,-0.014218
89.855,9.0374,0.14672,-0.020186,-0.035445,-0.014918
89.895,9.0362,0.14877,-0.019934,-0.036829,-0.015453
89.933,9.0351,0.15083,-0.019924,-0.03814,-0.015812
89.972,9.0343,0.15295,-0.020111,-0.039522,-0.015628
90.011,9.0335,0.15502,-0.019962,-0.041036,-0.015282
90.05,9.0325,0.15722,-0.01982,-0.04257,-0.015407
90.089,9.0313,0.15945,-0.019324,-0.043987,-0.015985
90.128,9.03,0.16162,-0.018484,-0.045433,-0.016711
90.167,9.0285,0.16389,-0.01763,-0.046889,-0.017237
90.206,9.0271,0.1665,-0.017546,-0.048126,-0.017423
90.245,9.0261,0.16918,-0.017755,-0.049125,-0.017391
90.284,9.0252,0.17184,-0.017377,-0.049953,-0.017271
90.323,9.0241,0.17453,-0.017237,-0.050523,-0.017066
90.361,9.0232,0.17734,-0.017415,-0.050817,-0.017125
90.4,9.0224,0.18022,-0.017364,-0.050876,-0.017094
90.439,9.0214,0.18298,-0.017158,-0.050659,-0.016928
90.478,9.0204,0.18574,-0.017158,-0.050056,-0.016695
90.516,9.0198,0.18844,-0.017504,-0.049189,-0.016541
90.554,9.0193,0.19111,-0.017939,-0.048119,-0.016697
90.592,9.0187,0.19368,-0.018105,-0.046802,-0.017017
90.63,9.0181,0.19614,-0.018542,-0.04524,-0.017284
90.668,9.0179,0.19849,-0.019108,-0.04357,-0.017255
90.706,9.0179,0.20079,-0.020116,-0.041812,-0.016868
90.744,9.0183,0.20298,-0.021516,-0.039889,-0.016109
90.782,9.0189,0.20508,-0.023163,-0.037814,-0.014972
90.82,9.0198,0.2072,-0.024822,-0.0357,-0.013591
90.859,9.0207,0.20937,-0.026677,-0.03364,-0.012351
90.898,9.0216,0.21157,-0.028261,-0.031475,-0.011517
90.935,9.0222,0.21364,-0.029327,-0.029245,-0.011262
90.974,9.0226,0.21567,-0.029864,-0.026962,-0.011484
91.012,9.0225,0.21759,-0.03029,-0.024789,-0.011742
91.051,9.0222,0.21943,-0.030908,-0.022638,-0.011656
91.089,9.0219,0.22113,-0.031465,-0.020418,-0.01139
91.128,9.0217,0.22261,-0.032024,-0.018201,-0.01126
91.166,9.0217,0.22389,-0.032619,-0.01609,-0.011126
91.204,9.0217,0.22499,-0.033463,-0.014054,-0.01115
91.243,9.0216,0.22587,-0.033806,-0.011927,-0.011468
91.281,9.0211,0.22643,-0.033931,-0.0098718,-0.012051
91.32,9.0205,0.22664,-0.033763,-0.0078702,-0.012921
91.358,9.0197,0.22669,-0.033654,-0.0059174,-0.013839
91.396,9.019,0.22662,-0.033592,-0.0038406,-0.014279
91.434,9.018,0.22644,-0.033275,-0.0017916,-0.013922
91.472,9.0167,0.22621,-0.032334,0.00017929,-0.013201
91.511,9.0147,0.22602,-0.03069,0.0021131,-0.012521
91.548,9.0122,0.22603,-0.028822,0.0040794,-0.011899
91.585,9.0096,0.22642,-0.026796,0.0062965,-0.011109
91.623,9.0069,0.22691,-0.024461,0.0084783,-0.0099445
91.66,9.0039,0.22746,-0.021813,0.010619,-0.0089469
91.698,9.001,0.22827,-0.019172,0.012814,-0.0083097
91.734,8.998,0.22951,-0.016341,0.015204,-0.0078695
91.771,8.9947,0.23097,-0.013108,0.017701,-0.0071442
91.807,8.9912,0.23271,-0.0096555,0.020051,-0.0059978
91.844,8.9879,0.23478,-0.0070538,0.022335,-0.0047233
91.881,8.9855,0.23723,-0.0053158,0.024635,-0.0032713
91.917,8.9835,0.23983,-0.0034628,0.026931,-0.0018482
91.954,8.9818,0.24247,-0.0019954,0.029283,-0.00088735
91.99,8.9806,0.2451,-0.00092877,0.031544,-0.00065512
92.026,8.9797,0.24777,-0.00011985,0.033794,-0.0010707
92.061,8.9789,0.25038,0.00062316,0.036012,-0.0017214
92.097,8.978,0.25284,0.0015144,0.038225,-0.002107
92.133,8.9772,0.2552,0.0021548,0.040468,-0.0021558
92.168,8.9765,0.2573,0.0026546,0.042679,-0.0018527
92.202,8.9761,0.25912,0.0029198,0.044861,-0.0014332
92.237,8.9757,0.26065,0.0032875,0.047051,-0.001032
92.271,8.9753,0.2618,0.0034889,0.049189,-0.0007771
92.304,8.9749,0.26268,0.0039389,0.051291,-0.00073659
92.338,8.9743,0.26326,0.0045831,0.053309,-0.00067376
92.371,8.9736,0.26343,0.0053014,0.055137,-0.00036033
92.404,8.9726,0.26319,0.0065127,0.056855,9.2806e-05
92.437,8.9712,0.26258,0.0080469,0.058469,0.00062365
92.47,8.9696,0.26166,0.0098676,0.059964,0.0013418
92.502,8.9681,0.2605,0.011612,0.06128,0.0021187
92.534,8.9666,0.259,0.013319,0.062452,0.0028546
92.566,8.9652,0.25717,0.014841,0.063419,0.0035103
92.599,8.9637,0.25498,0.01656,0.064257,0.0041155
92.631,8.9624,0.25255,0.01825,0.06499,0.00458
92.663,8.961,0.24994,0.02031,0.065602,0.0050118
92.694,8.9592,0.2471,0.022772,0.066115,0.0057044
92.725,8.9572,0.24418,0.024944,0.066589,0.0065479
92.757,8.9552,0.24129,0.02724,0.067066,0.0073524
92.788,8.9534,0.23852,0.02955,0.06756,0.0081016
92.818,8.952,0.23584,0.031357,0.068009,0.0086293
92.849,8.951,0.23316,0.032654,0.068463,0.0086801
92.879,8.9506,0.23067,0.033155,0.068954,0.0081335
92.909,8.9507,0.22845,0.03327,0.06946,0.0071738
92.938,8.9511,0.22646,0.033311,0.069992,0.0061331
92.967,8.9515,0.22462,0.033569,0.070488,0.0054657
92.997,8.9518,0.22297,0.033872,0.070924,0.0053782
93.026,8.952,0.22162,0.034017,0.071264,0.0052593
93.054,8.9521,0.22054,0.034184,0.071549,0.0050167
93.083,8.9522,0.21965,0.034496,0.071798,0.0047897
93.111,8.952,0.21882,0.035253,0.071921,0.0046868
93.14,8.9516,0.21813,0.036059,0.071937,0.0045732
93.168,8.9511,0.21758,0.036966,0.071805,0.004478
93.196,8.9503,0.21701,0.037982,0.071532,0.0042205
93.225,8.9494,0.21638,0.039109,0.071107,0.003911
93.253,8.9487,0.21564,0.039784,0.070545,0.0037517
93.282,8.9484,0.21481,0.040424,0.0698,0.0040209
93.311,8.9482,0.21382,0.041045,0.068888,0.004703
93.34,8.9481,0.21263,0.041548,0.0679,0.0056984
93.369,8.9481,0.21137,0.041859,0.066863,0.0066942
93.398,8.9483,0.21008,0.042558,0.065853,0.0075085
93.427,8.9484,0.20873,0.043484,0.064895,0.0081846
93.456,8.9481,0.20737,0.044219,0.064063,0.0085725
93.485,8.9479,0.20601,0.04469,0.063411,0.0086118
93.513,8.9479,0.20475,0.045243,0.062944,0.0084828
93.542,8.9479,0.20354,0.045693,0.062657,0.008486
93.57,8.948,0.20233,0.046045,0.062538,0.0086901
93.599,8.9482,0.20121,0.046461,0.062627,0.0087807
93.627,8.9486,0.20022,0.046412,0.063022,0.0087246
93.655,8.9494,0.19949,0.046182,0.063628,0.0086433
93.682,8.9501,0.19888,0.046163,0.064469,0.0087537
93.71,8.9507,0.19833,0.046262,0.065503,0.0091752
93.738,8.951,0.19786,0.046672,0.066716,0.010018
93.764,8.9513,0.19749,0.047365,0.068117,0.010931
93.791,8.9515,0.19713,0.047981,0.069682,0.011859
93.818,8.9519,0.19674,0.04832,0.071396,0.012475
93.845,8.9525,0.19626,0.047839,0.073143,0.012527
93.872,8.9538,0.19559,0.046695,0.074863,0.01216
93.899,8.9558,0.19469,0.044972,0.076539,0.011863
93.926,8.9583,0.19359,0.043228,0.078191,0.011662
93.953,8.9607,0.19226,0.041668,0.079746,0.011563
93.98,8.9629,0.19071,0.040124,0.081167,0.01144
94.007,8.9648,0.18889,0.038687,0.082373,0.011182
94.035,8.9666,0.18684,0.037584,0.083407,0.010859
94.062,8.9682,0.18455,0.036771,0.084322,0.010889
94.09,8.9695,0.18206,0.036204,0.08522,0.011536
94.118,8.9708,0.1795,0.035778,0.086051,0.012767
94.145,8.9721,0.17691,0.035627,0.086776,0.014258
94.173,8.9733,0.17425,0.035626,0.087384,0.015835
94.2,8.9745,0.17175,0.035326,0.087899,0.017341
94.228,8.9759,0.16936,0.03464,0.088427,0.018438
94.255,8.9774,0.16727,0.034201,0.088979,0.018933
94.281,8.9787,0.16545,0.033756,0.089623,0.018945
94.308,8.9799,0.16396,0.033379,0.090357,0.018371
94.334,8.981,0.16279,0.033047,0.091142,0.017371
94.359,8.9821,0.16191,0.03257,0.091864,0.016289
94.385,8.9832,0.16135,0.032162,0.092533,0.015707
94.41,8.9843,0.16114,0.031866,0.093136,0.015861
94.435,8.9854,0.16119,0.031664,0.093573,0.016711
94.46,8.9863,0.16149,0.031677,0.093822,0.01765
94.484,8.987,0.16194,0.03149,0.093934,0.018318
94.509,8.988,0.16247,0.030726,0.093865,0.01857
94.533,8.9894,0.16325,0.02959,0.093431,0.018814
94.557,8.9914,0.16469,0.027972,0.092261,0.019232
94.582,8.9938,0.16642,0.026589,0.090638,0.019328
94.605,8.9958,0.16802,0.025701,0.088888,0.018868
94.629,8.9972,0.16943,0.02521,0.087118,0.017858
94.653,8.9983,0.17062,0.024611,0.085306,0.016694
94.676,8.9993,0.17143,0.024066,0.083511,0.015991
94.7,9.0002,0.17188,0.024019,0.081638,0.016171
94.724,9.0009,0.17194,0.023752,0.079808,0.01688
94.747,9.0018,0.17168,0.023173,0.078048,0.017342
94.77,9.0029,0.17128,0.02268,0.0764,0.01742
94.793,9.0041,0.17071,0.022258,0.074854,0.017304
94.817,9.0051,0.16994,0.022121,0.073341,0.017273
94.84,9.0059,0.16895,0.02193,0.071832,0.017607
94.863,9.0064,0.1678,0.021883,0.070403,0.017852
94.886,9.0069,0.16664,0.021637,0.069102,0.017823
94.909,9.0077,0.16573,0.021223,0.067982,0.017657
94.931,9.0088,0.16501,0.020945,0.06694,0.017245
94.953,9.0098,0.16439,0.02064,0.065934,0.016555
94.976,9.0108,0.16377,0.019919,0.064851,0.015678
94.998,9.0119,0.16318,0.019124,0.063766,0.014883
95.021,9.0134,0.16264,0.018243,0.062744,0.014175
95.042,9.0149,0.16239,0.017473,0.061822,0.013553
95.064,9.0164,0.16238,0.01676,0.06089,0.013095
95.086,9.0177,0.16252,0.016311,0.059885,0.012819
95.108,9.0185,0.1627,0.015964,0.058766,0.012624
95.13,9.0191,0.16288,0.015993,0.057502,0.012312
95.152,9.0192,0.16306,0.016597,0.056179,0.011875
95.174,9.019,0.1633,0.017419,0.054805,0.011179
95.195,9.0188,0.16365,0.018001,0.053402,0.010349
95.217,9.0188,0.16402,0.018409,0.051857,0.0095741
95.24,9.0189,0.16431,0.018378,0.050119,0.0089978
95.262,9.0195,0.16454,0.017927,0.048231,0.0088051
95.284,9.0205,0.16479,0.017284,0.046315,0.0089625
95.307,9.0218,0.16503,0.016291,0.044383,0.0089274
95.329,9.0233,0.16522,0.014781,0.042522,0.0085445
95.351,9.025,0.16534,0.013176,0.040642,0.0080089
95.373,9.027,0.16536,0.011574,0.038773,0.0074474
95.396,9.0291,0.16525,0.0099611,0.036865,0.0065676
95.418,9.0311,0.16515,0.0084073,0.035053,0.0053385
95.44,9.033,0.16499,0.0068318,0.033353,0.0039964
95.462,9.0349,0.16472,0.0053188,0.03178,0.0026565
95.484,9.0367,0.16441,0.0038413,0.030386,0.0013595
95.505,9.0385,0.16417,0.0022431,0.02913,0.00029631
95.527,9.0403,0.16408,0.00086056,0.028036,-0.00031902
95.548,9.042,0.16417,-0.00042848,0.027021,-0.00054497
95.57,9.0433,0.16439,-0.0014879,0.026079,-0.00060937
95.591,9.0443,0.16455,-0.0025096,0.02522,-0.0009518
95.612,9.0452,0.16455,-0.0030727,0.024416,-0.0016627
95.632,9.0458,0.16464,-0.0031784,0.023744,-0.0025299
95.652,9.0462,0.16488,-0.0032263,0.023186,-0.0035757
95.673,9.0464,0.16531,-0.003308,0.022742,-0.0048996
95.693,9.0466,0.16581,-0.003572,0.022313,-0.0064954
95.714,9.0469,0.16636,-0.003829,0.02183,-0.008374
95.734,9.0472,0.16685,-0.0038256,0.02129,-0.0098105
95.754,9.0473,0.1673,-0.0038946,0.020646,-0.010475
95.774,9.0473,0.16784,-0.0038341,0.019957,-0.010332
95.795,9.047,0.16851,-0.0036452,0.019259,-0.0096119
95.815,9.0466,0.16921,-0.003475,0.018566,-0.0090702
95.836,9.0463,0.16991,-0.003476,0.017781,-0.0089674
95.856,9.0464,0.17055,-0.0038805,0.016939,-0.0092163
95.876,9.0466,0.17117,-0.0042344,0.016052,-0.0095027
95.896,9.0469,0.17183,-0.0048346,0.015171,-0.0098572
95.916,9.0474,0.17259,-0.0054467,0.014256,-0.010362
95.936,9.048,0.17344,-0.0060332,0.013338,-0.01098
95.957,9.0485,0.17429,-0.0067408,0.012353,-0.011608
95.977,9.0491,0.17502,-0.0075161,0.011328,-0.012179
95.997,9.0497,0.17563,-0.008157,0.010194,-0.01275
96.018,9.0502,0.1762,-0.0086248,0.0090094,-0.013129
96.038,9.0506,0.17675,-0.009145,0.0078384,-0.013213
96.058,9.0509,0.17735,-0.0094736,0.0066347,-0.012928
96.078,9.0512,0.17795,-0.0099256,0.0054599,-0.012379
96.099,9.0516,0.17849,-0.01033,0.004285,-0.011611
96.119,9.0518,0.17896,-0.010681,0.0031473,-0.01081
96.139,9.052,0.17944,-0.011207,0.0020008,-0.010149
96.159,9.0524,0.17992,-0.011734,0.00089628,-0.0097328
