-3.9658,1.08,-0.14387,0,0,0,-3.9658,-1.08,-0.14387,0,0,0
-3.9629,1.08,-0.15714,0,0,0,-3.9629,-1.08,-0.15714,0,0,0
-3.9577,1.08,-0.17889,0,0,0,-3.9577,-1.08,-0.17889,0,0,0
-3.9533,1.08,-0.2034,0,0,0,-3.9533,-1.08,-0.2034,0,0,0
-3.9485,1.08,-0.22631,0,0,0,-3.9485,-1.08,-0.22631,0,0,0
-3.9445,1.08,-0.24339,0,0,0,-3.9445,-1.08,-0.24339,0,0,0
-3.9415,1.08,-0.25216,0,0,0,-3.9415,-1.08,-0.25216,0,0,0
-3.9389,1.08,-0.25289,0,0,0,-3.9389,-1.08,-0.25289,0,0,0
-3.935,1.08,-0.24666,0,0,0,-3.935,-1.08,-0.24666,0,0,0
-3.93,1.08,-0.23451,0,0,0,-3.93,-1.08,-0.23451,0,0,0
-3.9232,1.08,-0.21803,0,0,0,-3.9232,-1.08,-0.21803,0,0,0
-3.9145,1.08,-0.19971,0,0,0,-3.9145,-1.08,-0.19971,0,0,0
-3.9046,1.08,-0.1813,0,0,0,-3.9046,-1.08,-0.1813,0,0,0
-3.8943,1.08,-0.16404,0,0,0,-3.8943,-1.08,-0.16404,0,0,0
-3.884,1.08,-0.14962,0,0,0,-3.884,-1.08,-0.14962,0,0,0
-3.8746,1.08,-0.13759,0,0,0,-3.8746,-1.08,-0.13759,0,0,0
-3.8668,1.08,-0.12792,0,0,0,-3.8668,-1.08,-0.12792,0,0,0
-3.8616,1.08,-0.11988,0,0,0,-3.8616,-1.08,-0.11988,0,0,0
-3.8594,1.08,-0.11366,0,0,0,-3.8594,-1.08,-0.11366,0,0,0
-3.8604,1.08,-0.10938,0,0,0,-3.8604,-1.08,-0.10938,0,0,0
-3.864,1.08,-0.10683,0,0,0,-3.864,-1.08,-0.10683,0,0,0
-3.8691,1.08,-0.1064,0,0,0,-3.8691,-1.08,-0.1064,0,0,0
-3.8754,1.08,-0.10921,0,0,0,-3.8754,-1.08,-0.10921,0,0,0
-3.8827,1.08,-0.11474,0,0,0,-3.8827,-1.08,-0.11474,0,0,0
-3.889,1.08,-0.12368,0,0,0,-3.889,-1.08,-0.12368,0,0,0
-3.8944,1.08,-0.13645,0,0,0,-3.8944,-1.08,-0.13645,0,0,0
-3.8992,1.08,-0.15273,0,0,0,-3.8992,-1.08,-0.15273,0,0,0
-3.9035,1.08,-0.17084,0,0,0,-3.9035,-1.08,-0.17084,0,0,0
-3.9072,1.08,-0.18913,0,0,0,-3.9072,-1.08,-0.18913,0,0,0
-3.9104,1.08,-0.20533,0,0,0,-3.9104,-1.08,-0.20533,0,0,0
-3.9139,1.08,-0.21714,0,0,0,-3.9139,-1.08,-0.21714,0,0,0
-3.9179,1.08,-0.22277,0,0,0,-3.9179,-1.08,-0.22277,0,0,0
-3.9222,1.08,-0.22268,0,0,0,-3.9222,-1.08,-0.22268,0,0,0
-3.9266,1.08,-0.21787,0,0,0,-3.9266,-1.08,-0.21787,0,0,0
-3.9309,1.08,-0.20979,0,0,0,-3.9309,-1.08,-0.20979,0,0,0
-3.9348,1.08,-0.20008,0,0,0,-3.9348,-1.08,-0.20008,0,0,0
-3.9376,1.08,-0.19067,0,0,0,-3.9376,-1.08,-0.19067,0,0,0
-3.9391,1.08,-0.18283,0,0,0,-3.9391,-1.08,-0.18283,0,0,0
-3.9393,1.08,-0.17748,0,0,0,-3.9393,-1.08,-0.17748,0,0,0
-3.9382,1.08,-0.17488,0,0,0,-3.9382,-1.08,-0.17488,0,0,0
-3.9359,1.08,-0.175,0,0,0,-3.9359,-1.08,-0.175,0,0,0
-3.9328,1.08,-0.1771,0,0,0,-3.9328,-1.08,-0.1771,0,0,0
-3.9293,1.08,-0.18013,0,0,0,-3.9293,-1.08,-0.18013,0,0,0
-3.9259,1.08,-0.18319,0,0,0,-3.9259,-1.08,-0.18319,0,0,0
-3.9227,1.08,-0.18553,0,0,0,-3.9227,-1.08,-0.18553,0,0,0
-3.9199,1.08,-0.18652,0,0,0,-3.9199,-1.08,-0.18652,0,0,0
-3.9176,1.08,-0.18589,0,0,0,-3.9176,-1.08,-0.18589,0,0,0
-3.9156,1.08,-0.18368,0,0,0,-3.9156,-1.08,-0.18368,0,0,0
-3.9139,1.08,-0.18016,0,0,0,-3.9139,-1.08,-0.18016,0,0,0
-3.9121,1.08,-0.17575,0,0,0,-3.9121,-1.08,-0.17575,0,0,0
-3.9103,1.08,-0.17107,0,0,0,-3.9103,-1.08,-0.17107,0,0,0
-3.9082,1.08,-0.16667,0,0,0,-3.9082,-1.08,-0.16667,0,0,0
-3.9059,1.08,-0.163,0,0,0,-3.9059,-1.08,-0.163,0,0,0
-3.9036,1.08,-0.16032,0,0,0,-3.9036,-1.08,-0.16032,0,0,0
-3.9012,1.08,-0.15882,0,0,0,-3.9012,-1.08,-0.15882,0,0,0
-3.8987,1.08,-0.15835,0,0,0,-3.8987,-1.08,-0.15835,0,0,0
-3.8965,1.08,-0.1587,0,0,0,-3.8965,-1.08,-0.1587,0,0,0
-3.8947,1.08,-0.15956,0,0,0,-3.8947,-1.08,-0.15956,0,0,0
-3.8934,1.08,-0.16066,0,0,0,-3.8934,-1.08,-0.16066,0,0,0
-3.8931,1.08,-0.16165,0,0,0,-3.8931,-1.08,-0.16165,0,0,0
-3.8937,1.08,-0.16249,0,0,0,-3.8937,-1.08,-0.16249,0,0,0
-3.8952,1.08,-0.16326,0,0,0,-3.8952,-1.08,-0.16326,0,0,0
-3.8974,1.08,-0.16413,0,0,0,-3.8974,-1.08,-0.16413,0,0,0
-3.9002,1.08,-0.16529,0,0,0,-3.9002,-1.08,-0.16529,0,0,0
-3.9032,1.08,-0.16703,0,0,0,-3.9032,-1.08,-0.16703,0,0,0
-3.9062,1.08,-0.16933,0,0,0,-3.9062,-1.08,-0.16933,0,0,0
-3.9091,1.08,-0.17191,0,0,0,-3.9091,-1.08,-0.17191,0,0,0
-3.9117,1.08,-0.17468,0,0,0,-3.9117,-1.08,-0.17468,0,0,0
-3.9138,1.08,-0.17748,0,0,0,-3.9138,-1.08,-0.17748,0,0,0
-3.9154,1.08,-0.18007,0,0,0,-3.9154,-1.08,-0.18007,0,0,0
-3.9167,1.08,-0.18231,0,0,0,-3.9167,-1.08,-0.18231,0,0,0
-3.9176,1.08,-0.18406,0,0,0,-3.9176,-1.08,-0.18406,0,0,0
-3.9181,1.08,-0.18521,0,0,0,-3.9181,-1.08,-0.18521,0,0,0
-3.9183,1.08,-0.18569,0,0,0,-3.9183,-1.08,-0.18569,0,0,0
-3.9183,1.08,-0.18553,0,0,0,-3.9183,-1.08,-0.18553,0,0,0
-3.9181,1.08,-0.18483,0,0,0,-3.9181,-1.08,-0.18483,0,0,0
-3.9177,1.08,-0.18365,0,0,0,-3.9177,-1.08,-0.18365,0,0,0
-3.9172,1.08,-0.18213,0,0,0,-3.9172,-1.08,-0.18213,0,0,0
-3.9165,1.08,-0.18043,0,0,0,-3.9165,-1.08,-0.18043,0,0,0
-3.9156,1.08,-0.1787,0,0,0,-3.9156,-1.08,-0.1787,0,0,0
-3.9146,1.08,-0.17706,0,0,0,-3.9146,-1.08,-0.17706,0,0,0
-3.9134,1.08,-0.1756,0,0,0,-3.9134,-1.08,-0.1756,0,0,0
-3.9121,1.08,-0.17439,0,0,0,-3.9121,-1.08,-0.17439,0,0,0
-3.9106,1.08,-0.17342,0,0,0,-3.9106,-1.08,-0.17342,0,0,0
-3.9092,1.08,-0.17263,0,0,0,-3.9092,-1.08,-0.17263,0,0,0
-3.9078,1.08,-0.17201,0,0,0,-3.9078,-1.08,-0.17201,0,0,0
-3.9065,1.08,-0.17152,0,0,0,-3.9065,-1.08,-0.17152,0,0,0
-3.9053,1.08,-0.1711,0,0,0,-3.9053,-1.08,-0.1711,0,0,0
-3.9043,1.08,-0.17077,0,0,0,-3.9043,-1.08,-0.17077,0,0,0
-3.9033,1.08,-0.17061,0,0,0,-3.9033,-1.08,-0.17061,0,0,0
-3.9024,1.08,-0.17057,0,0,0,-3.9024,-1.08,-0.17057,0,0,0
-3.9015,1.08,-0.17067,0,0,0,-3.9015,-1.08,-0.17067,0,0,0
-3.9009,1.08,-0.1709,0,0,0,-3.9009,-1.08,-0.1709,0,0,0
-3.9004,1.08,-0.17118,0,0,0,-3.9004,-1.08,-0.17118,0,0,0
-3.9003,1.08,-0.17146,0,0,0,-3.9003,-1.08,-0.17146,0,0,0
-3.9004,1.08,-0.17175,0,0,0,-3.9004,-1.08,-0.17175,0,0,0
-3.9008,1.08,-0.17207,0,0,0,-3.9008,-1.08,-0.17207,0,0,0
-3.9015,1.08,-0.1724,0,0,0,-3.9015,-1.08,-0.1724,0,0,0
-3.9024,1.08,-0.17274,0,0,0,-3.9024,-1.08,-0.17274,0,0,0
-3.9034,1.08,-0.17315,0,0,0,-3.9034,-1.08,-0.17315,0,0,0
-3.9043,1.08,-0.17364,0,0,0,-3.9043,-1.08,-0.17364,0,0,0
-3.9053,1.08,-0.17421,0,0,0,-3.9053,-1.08,-0.17421,0,0,0
-3.9061,1.08,-0.17484,0,0,0,-3.9061,-1.08,-0.17484,0,0,0
-3.9068,1.08,-0.17553,0,0,0,-3.9068,-1.08,-0.17553,0,0,0
-3.9073,1.08,-0.17622,0,0,0,-3.9073,-1.08,-0.17622,0,0,0
-3.9077,1.08,-0.17687,0,0,0,-3.9077,-1.08,-0.17687,0,0,0
-3.9078,1.08,-0.17745,0,0,0,-3.9078,-1.08,-0.17745,0,0,0
-3.9078,1.08,-0.17789,0,0,0,-3.9078,-1.08,-0.17789,0,0,0
-3.9077,1.08,-0.17815,0,0,0,-3.9077,-1.08,-0.17815,0,0,0
-3.9076,1.08,-0.17818,0,0,0,-3.9076,-1.08,-0.17818,0,0,0
-3.9073,1.08,-0.178,0,0,0,-3.9073,-1.08,-0.178,0,0,0
-3.907,1.08,-0.17763,0,0,0,-3.907,-1.08,-0.17763,0,0,0
-3.9067,1.08,-0.1771,0,0,0,-3.9067,-1.08,-0.1771,0,0,0
-3.9062,1.08,-0.17649,0,0,0,-3.9062,-1.08,-0.17649,0,0,0
-3.9057,1.08,-0.17585,0,0,0,-3.9057,-1.08,-0.17585,0,0,0
-3.9052,1.08,-0.17522,0,0,0,-3.9052,-1.08,-0.17522,0,0,0
-3.9046,1.08,-0.17463,0,0,0,-3.9046,-1.08,-0.17463,0,0,0
-3.9039,1.08,-0.17413,0,0,0,-3.9039,-1.08,-0.17413,0,0,0
-3.9032,1.08,-0.17374,0,0,0,-3.9032,-1.08,-0.17374,0,0,0
-3.9025,1.08,-0.17346,0,0,0,-3.9025,-1.08,-0.17346,0,0,0
-3.9018,1.08,-0.1733,0,0,0,-3.9018,-1.08,-0.1733,0,0,0
-3.9012,1.08,-0.17324,0,0,0,-3.9012,-1.08,-0.17324,0,0,0
-3.9006,1.08,-0.17326,0,0,0,-3.9006,-1.08,-0.17326,0,0,0
-3.9002,1.08,-0.17334,0,0,0,-3.9002,-1.08,-0.17334,0,0,0
-3.8999,1.08,-0.17345,0,0,0,-3.8999,-1.08,-0.17345,0,0,0
-3.8997,1.08,-0.1736,0,0,0,-3.8997,-1.08,-0.1736,0,0,0
-3.8997,1.08,-0.17376,0,0,0,-3.8997,-1.08,-0.17376,0,0,0
-3.8998,1.08,-0.17393,0,0,0,-3.8998,-1.08,-0.17393,0,0,0
-3.9,1.08,-0.17411,0,0,0,-3.9,-1.08,-0.17411,0,0,0
-3.9002,1.08,-0.17432,0,0,0,-3.9002,-1.08,-0.17432,0,0,0
-3.9005,1.08,-0.17455,0,0,0,-3.9005,-1.08,-0.17455,0,0,0
-3.9009,1.08,-0.17481,0,0,0,-3.9009,-1.08,-0.17481,0,0,0
-3.9013,1.08,-0.17511,0,0,0,-3.9013,-1.08,-0.17511,0,0,0
-3.9016,1.08,-0.17542,0,0,0,-3.9016,-1.08,-0.17542,0,0,0
-3.9019,1.08,-0.17574,0,0,0,-3.9019,-1.08,-0.17574,0,0,0
-3.9022,1.08,-0.17605,0,0,0,-3.9022,-1.08,-0.17605,0,0,0
-3.9025,1.08,-0.17635,0,0,0,-3.9025,-1.08,-0.17635,0,0,0
-3.9027,1.08,-0.1766,0,0,0,-3.9027,-1.08,-0.1766,0,0,0
-3.9028,1.08,-0.17679,0,0,0,-3.9028,-1.08,-0.17679,0,0,0
-3.9029,1.08,-0.17691,0,0,0,-3.9029,-1.08,-0.17691,0,0,0
-3.9029,1.08,-0.17697,0,0,0,-3.9029,-1.08,-0.17697,0,0,0
-3.9029,1.08,-0.17696,0,0,0,-3.9029,-1.08,-0.17696,0,0,0
-3.9029,1.08,-0.17689,0,0,0,-3.9029,-1.08,-0.17689,0,0,0
-3.9027,1.08,-0.17678,0,0,0,-3.9027,-1.08,-0.17678,0,0,0
-3.9025,1.08,-0.17663,0,0,0,-3.9025,-1.08,-0.17663,0,0,0
-3.9023,1.08,-0.17645,0,0,0,-3.9023,-1.08,-0.17645,0,0,0
-3.902,1.08,-0.17627,0,0,0,-3.902,-1.08,-0.17627,0,0,0
-3.9016,1.08,-0.17609,0,0,0,-3.9016,-1.08,-0.17609,0,0,0
-3.9012,1.08,-0.17592,0,0,0,-3.9012,-1.08,-0.17592,0,0,0
-3.9008,1.08,-0.17577,0,0,0,-3.9008,-1.08,-0.17577,0,0,0
-3.9003,1.08,-0.17564,0,0,0,-3.9003,-1.08,-0.17564,0,0,0
-3.8999,1.08,-0.17563,0,0,0,-3.8999,-1.08,-0.17563,0,0,0
-3.8994,1.08,-0.17579,0,0,0,-3.8994,-1.08,-0.17579,0,0,0
-3.8987,1.08,-0.17622,0,0,0,-3.8987,-1.08,-0.17622,0,0,0
-3.8977,1.08,-0.17709,0,0,0,-3.8977,-1.08,-0.17709,0,0,0
-3.8962,1.08,-0.17853,0,0,0,-3.8962,-1.08,-0.17853,0,0,0
-3.8939,1.08,-0.18056,0,0,0,-3.8939,-1.08,-0.18056,0,0,0
-3.8908,1.08,-0.18305,0,0,0,-3.8908,-1.08,-0.18305,0,0,0
-3.8866,1.08,-0.18588,0,0,0,-3.8866,-1.08,-0.18588,0,0,0
-3.8815,1.08,-0.18878,0,0,0,-3.8815,-1.08,-0.18878,0,0,0
-3.8754,1.08,-0.19147,0,0,0,-3.8754,-1.08,-0.19147,0,0,0
-3.8685,1.08,-0.19362,0,0,0,-3.8685,-1.08,-0.19362,0,0,0
-3.8611,1.08,-0.19512,0,0,0,-3.8611,-1.08,-0.19512,0,0,0
-3.853,1.08,-0.19603,0,0,0,-3.853,-1.08,-0.19603,0,0,0
-3.8442,1.08,-0.1965,0,0,0,-3.8442,-1.08,-0.1965,0,0,0
-3.8346,1.08,-0.19672,0,0,0,-3.8346,-1.08,-0.19672,0,0,0
-3.8237,1.08,-0.19704,0,0,0,-3.8237,-1.08,-0.19704,0,0,0
-3.8109,1.08,-0.19811,0,0,0,-3.8109,-1.08,-0.19811,0,0,0
-3.7958,1.08,-0.2,0,0,0,-3.7958,-1.08,-0.2,0,0,0
-3.7787,1.08,-0.2023,0,0,0,-3.7787,-1.08,-0.2023,0,0,0
-3.7601,1.08,-0.204,0,0,0,-3.7601,-1.08,-0.204,0,0,0
-3.7406,1.08,-0.20477,0,0,0,-3.7406,-1.08,-0.20477,0,0,0
-3.7206,1.08,-0.20476,0,0,0,-3.7206,-1.08,-0.20476,0,0,0
-3.7003,1.08,-0.20322,0,0,0,-3.7003,-1.08,-0.20322,0,0,0
-3.6801,1.08,-0.2001,0,0,0,-3.6801,-1.08,-0.2001,0,0,0
-3.6598,1.08,-0.19601,0,0,0,-3.6598,-1.08,-0.19601,0,0,0
-3.6387,1.08,-0.19198,0,0,0,-3.6387,-1.08,-0.19198,0,0,0
-3.6158,1.08,-0.18856,0,0,0,-3.6158,-1.08,-0.18856,0,0,0
-3.5911,1.08,-0.18632,0,0,0,-3.5911,-1.08,-0.18632,0,0,0
-3.5651,1.08,-0.1851,0,0,0,-3.5651,-1.08,-0.1851,0,0,0
-3.5382,1.08,-0.18397,0,0,0,-3.5382,-1.08,-0.18397,0,0,0
-3.5104,1.08,-0.18306,0,0,0,-3.5104,-1.08,-0.18306,0,0,0
-3.482,1.08,-0.18233,0,0,0,-3.482,-1.08,-0.18233,0,0,0
-3.4528,1.08,-0.18204,0,0,0,-3.4528,-1.08,-0.18204,0,0,0
-3.4224,1.08,-0.18275,0,0,0,-3.4224,-1.08,-0.18275,0,0,0
-3.3915,1.08,-0.18312,0,0,0,-3.3915,-1.08,-0.18312,0,0,0
-3.3607,1.08,-0.18266,0,0,0,-3.3607,-1.08,-0.18266,0,0,0
-3.3301,1.08,-0.18154,0,0,0,-3.3301,-1.08,-0.18154,0,0,0
-3.2987,1.08,-0.18083,0,0,0,-3.2987,-1.08,-0.18083,0,0,0
-3.2662,1.08,-0.18096,0,0,0,-3.2662,-1.08,-0.18096,0,0,0
-3.2334,1.08,-0.18094,0,0,0,-3.2334,-1.08,-0.18094,0,0,0
-3.2002,1.08,-0.18077,0,0,0,-3.2002,-1.08,-0.18077,0,0,0
-3.1663,1.08,-0.18087,0,0,0,-3.1663,-1.08,-0.18087,0,0,0
-3.1309,1.08,-0.18238,0,0,0,-3.1309,-1.08,-0.18238,0,0,0
-3.0944,1.08,-0.18428,0,0,0,-3.0944,-1.08,-0.18428,0,0,0
-3.0574,1.08,-0.18595,0,0,0,-3.0574,-1.08,-0.18595,0,0,0
-3.0199,1.08,-0.18743,0,0,0,-3.0199,-1.08,-0.18743,0,0,0
-2.9808,1.08,-0.1897,0,0,0,-2.9808,-1.08,-0.1897,0,0,0
-2.9405,1.08,-0.19212,0,0,0,-2.9405,-1.08,-0.19212,0,0,0
-2.9004,1.08,-0.1933,0,0,0,-2.9004,-1.08,-0.1933,0,0,0
-2.8596,1.08,-0.19406,0,0,0,-2.8596,-1.08,-0.19406,0,0,0
-2.8169,1.08,-0.1955,0,0,0,-2.8169,-1.08,-0.1955,0,0,0
-2.7735,1.08,-0.19638,0,0,0,-2.7735,-1.08,-0.19638,0,0,0
-2.7304,1.08,-0.19595,0,0,0,-2.7304,-1.08,-0.19595,0,0,0
-2.6856,1.08,-0.19583,0,0,0,-2.6856,-1.08,-0.19583,0,0,0
-2.639,1.08,-0.19674,0,0,0,-2.639,-1.08,-0.19674,0,0,0
-2.5921,1.08,-0.19644,0,0,0,-2.5921,-1.08,-0.19644,0,0,0
-2.5443,1.08,-0.19599,0,0,0,-2.5443,-1.08,-0.19599,0,0,0
-2.4946,1.08,-0.19664,0,0,0,-2.4946,-1.08,-0.19664,0,0,0
-2.4439,1.08,-0.19666,0,0,0,-2.4439,-1.08,-0.19666,0,0,0
-2.3928,1.08,-0.19608,0,0,0,-2.3928,-1.08,-0.19608,0,0,0
-2.3406,1.08,-0.19583,0,0,0,-2.3406,-1.08,-0.19583,0,0,0
-2.2874,1.08,-0.19494,0,0,0,-2.2874,-1.08,-0.19494,0,0,0
-2.2333,1.08,-0.1938,0,0,0,-2.2333,-1.08,-0.1938,0,0,0
-2.1787,1.08,-0.19277,0,0,0,-2.1787,-1.08,-0.19277,0,0,0
-2.1234,1.08,-0.19094,0,0,0,-2.1234,-1.08,-0.19094,0,0,0
-2.0667,1.08,-0.18982,0,0,0,-2.0667,-1.08,-0.18982,0,0,0
-2.0093,1.08,-0.18888,0,0,0,-2.0093,-1.08,-0.18888,0,0,0
-1.9515,1.08,-0.18751,0,0,0,-1.9515,-1.08,-0.18751,0,0,0
-1.8923,1.08,-0.18727,0,0,0,-1.8923,-1.08,-0.18727,0,0,0
-1.8324,1.08,-0.18658,0,0,0,-1.8324,-1.08,-0.18658,0,0,0
-1.7718,1.08,-0.18621,0,0,0,-1.7718,-1.08,-0.18621,0,0,0
-1.7105,1.08,-0.1863,0,0,0,-1.7105,-1.08,-0.1863,0,0,0
-1.6485,1.08,-0.18586,0,0,0,-1.6485,-1.08,-0.18586,0,0,0
-1.5855,1.08,-0.18657,0,0,0,-1.5855,-1.08,-0.18657,0,0,0
-1.5222,1.08,-0.18644,0,0,0,-1.5222,-1.08,-0.18644,0,0,0
-1.458,1.08,-0.18688,0,0,0,-1.458,-1.08,-0.18688,0,0,0
-1.3931,1.08,-0.18719,0,0,0,-1.3931,-1.08,-0.18719,0,0,0
-1.3276,1.08,-0.18734,0,0,0,-1.3276,-1.08,-0.18734,0,0,0
-1.2613,1.08,-0.18813,0,0,0,-1.2613,-1.08,-0.18813,0,0,0
-1.1944,1.08,-0.18817,0,0,0,-1.1944,-1.08,-0.18817,0,0,0
-1.1263,1.08,-0.18943,0,0,0,-1.1263,-1.08,-0.18943,0,0,0
-1.0578,1.08,-0.18954,0,0,0,-1.0578,-1.08,-0.18954,0,0,0
-0.98796,1.08,-0.19085,0,0,0,-0.98796,-1.08,-0.19085,0,0,0
-0.91785,1.08,-0.19119,0,0,0,-0.91785,-1.08,-0.19119,0,0,0
-0.84627,1.08,-0.19236,0,0,0,-0.84627,-1.08,-0.19236,0,0,0
-0.77428,1.08,-0.19288,0,0,0,-0.77428,-1.08,-0.19288,0,0,0
-0.70109,1.08,-0.19378,0,0,0,-0.70109,-1.08,-0.19378,0,0,0
-0.62723,1.08,-0.19415,0,0,0,-0.62723,-1.08,-0.19415,0,0,0
-0.55239,1.08,-0.19465,0,0,0,-0.55239,-1.08,-0.19465,0,0,0
-0.47663,1.08,-0.19476,0,0,0,-0.47663,-1.08,-0.19476,0,0,0
-0.39996,1.08,-0.19501,0,0,0,-0.39996,-1.08,-0.19501,0,0,0
-0.32235,1.08,-0.19483,0,0,0,-0.32235,-1.08,-0.19483,0,0,0
-0.24372,1.08,-0.19483,0,0,0,-0.24372,-1.08,-0.19483,0,0,0
-0.16409,1.08,-0.19433,0,0,0,-0.16409,-1.08,-0.19433,0,0,0
-0.083508,1.08,-0.19426,0,0,0,-0.083508,-1.08,-0.19426,0,0,0
-0.0019883,1.08,-0.19325,0,0,0,-0.0019883,-1.08,-0.19325,0,0,0
0.080469,1.08,-0.19283,0,0,0,0.080469,-1.08,-0.19283,0,0,0
0.16391,1.08,-0.19164,0,0,0,0.16391,-1.08,-0.19164,0,0,0
0.24824,1.08,-0.19131,0,0,0,0.24824,-1.08,-0.19131,0,0,0
0.3332,1.08,-0.18999,0,0,0,0.3332,-1.08,-0.18999,0,0,0
0.41925,1.08,-0.18975,0,0,0,0.41925,-1.08,-0.18975,0,0,0
0.50618,1.08,-0.18888,0,0,0,0.50618,-1.08,-0.18888,0,0,0
0.59397,1.08,-0.18822,0,0,0,0.59397,-1.08,-0.18822,0,0,0
0.68263,1.08,-0.18839,0,0,0,0.68263,-1.08,-0.18839,0,0,0
0.77232,1.08,-0.18738,0,0,0,0.77232,-1.08,-0.18738,0,0,0
0.86276,1.08,-0.18782,0,0,0,0.86276,-1.08,-0.18782,0,0,0
0.9537,1.08,-0.18718,0,0,0,0.9537,-1.08,-0.18718,0,0,0
1.0454,1.08,-0.18732,0,0,0,1.0454,-1.08,-0.18732,0,0,0
1.138,1.08,-0.18753,0,0,0,1.138,-1.08,-0.18753,0,0,0
1.2318,1.08,-0.18655,0,0,0,1.2318,-1.08,-0.18655,0,0,0
1.3264,1.08,-0.18697,0,0,0,1.3264,-1.08,-0.18697,0,0,0
1.4211,1.08,-0.18623,0,0,0,1.4211,-1.08,-0.18623,0,0,0
1.5167,1.08,-0.18606,0,0,0,1.5167,-1.08,-0.18606,0,0,0
1.6133,1.08,-0.18589,0,0,0,1.6133,-1.08,-0.18589,0,0,0
1.711,1.08,-0.1854,0,0,0,1.711,-1.08,-0.1854,0,0,0
1.8092,1.08,-0.18588,0,0,0,1.8092,-1.08,-0.18588,0,0,0
1.908,1.08,-0.186,0,0,0,1.908,-1.08,-0.186,0,0,0
2.0083,1.08,-0.18609,0,0,0,2.0083,-1.08,-0.18609,0,0,0
2.1091,1.08,-0.18687,0,0,0,2.1091,-1.08,-0.18687,0,0,0
2.2103,1.08,-0.1873,0,0,0,2.2103,-1.08,-0.1873,0,0,0
2.3128,1.08,-0.18779,0,0,0,2.3128,-1.08,-0.18779,0,0,0
2.4158,1.08,-0.18864,0,0,0,2.4158,-1.08,-0.18864,0,0,0
2.5196,1.08,-0.18934,0,0,0,2.5196,-1.08,-0.18934,0,0,0
2.6242,1.08,-0.18981,0,0,0,2.6242,-1.08,-0.18981,0,0,0
2.7294,1.08,-0.19048,0,0,0,2.7294,-1.08,-0.19048,0,0,0
2.8359,1.08,-0.19118,0,0,0,2.8359,-1.08,-0.19118,0,0,0
2.9428,1.08,-0.19177,0,0,0,2.9428,-1.08,-0.19177,0,0,0
3.051,1.08,-0.19213,0,0,0,3.051,-1.08,-0.19213,0,0,0
3.16,1.08,-0.19285,0,0,0,3.16,-1.08,-0.19285,0,0,0
3.2701,1.08,-0.19352,0,0,0,3.2701,-1.08,-0.19352,0,0,0
3.3813,1.08,-0.19409,0,0,0,3.3813,-1.08,-0.19409,0,0,0
3.4933,1.08,-0.19448,0,0,0,3.4933,-1.08,-0.19448,0,0,0
3.6064,1.08,-0.19488,0,0,0,3.6064,-1.08,-0.19488,0,0,0
3.7204,1.08,-0.19501,0,0,0,3.7204,-1.08,-0.19501,0,0,0
3.8352,1.08,-0.19504,0,0,0,3.8352,-1.08,-0.19504,0,0,0
3.951,1.08,-0.19466,0,0,0,3.951,-1.08,-0.19466,0,0,0
4.0675,1.08,-0.1944,0,0,0,4.0675,-1.08,-0.1944,0,0,0
4.1852,1.08,-0.194,0,0,0,4.1852,-1.08,-0.194,0,0,0
4.3034,1.08,-0.19334,0,0,0,4.3034,-1.08,-0.19334,0,0,0
4.4229,1.08,-0.19288,0,0,0,4.4229,-1.08,-0.19288,0,0,0
4.5429,1.08,-0.19234,0,0,0,4.5429,-1.08,-0.19234,0,0,0
4.6641,1.08,-0.19194,0,0,0,4.6641,-1.08,-0.19194,0,0,0
4.7862,1.08,-0.19156,0,0,0,4.7862,-1.08,-0.19156,0,0,0
4.9089,1.08,-0.1911,0,0,0,4.9089,-1.08,-0.1911,0,0,0
5.0328,1.08,-0.19109,0,0,0,5.0328,-1.08,-0.19109,0,0,0
5.1575,1.08,-0.19084,0,0,0,5.1575,-1.08,-0.19084,0,0,0
5.2828,1.08,-0.19072,0,0,0,5.2828,-1.08,-0.19072,0,0,0
5.4093,1.08,-0.19055,0,0,0,5.4093,-1.08,-0.19055,0,0,0
5.5364,1.08,-0.19035,0,0,0,5.5364,-1.08,-0.19035,0,0,0
5.6642,1.08,-0.19006,0,0,0,5.6642,-1.08,-0.19006,0,0,0
5.7928,1.08,-0.19011,0,0,0,5.7928,-1.08,-0.19011,0,0,0
5.9224,1.08,-0.18978,0,0,0,5.9224,-1.08,-0.18978,0,0,0
6.0525,1.08,-0.18931,0,0,0,6.0525,-1.08,-0.18931,0,0,0
6.183,1.08,-0.18862,0,0,0,6.183,-1.08,-0.18862,0,0,0
6.314,1.08,-0.18747,0,0,0,6.314,-1.08,-0.18747,0,0,0
6.4452,1.08,-0.18581,0,0,0,6.4452,-1.08,-0.18581,0,0,0
6.5763,1.08,-0.1837,0,0,0,6.5763,-1.08,-0.1837,0,0,0
6.7074,1.08,-0.18115,0,0,0,6.7074,-1.08,-0.18115,0,0,0
6.8385,1.08,-0.17848,0,0,0,6.8385,-1.08,-0.17848,0,0,0
6.9694,1.08,-0.17531,0,0,0,6.9694,-1.08,-0.17531,0,0,0
7.1,1.08,-0.17225,0,0,0,7.1,-1.08,-0.17225,0,0,0
7.2307,1.08,-0.16931,0,0,0,7.2307,-1.08,-0.16931,0,0,0
7.3614,1.08,-0.16656,0,0,0,7.3614,-1.08,-0.16656,0,0,0
7.492,1.08,-0.16431,0,0,0,7.492,-1.08,-0.16431,0,0,0
7.6225,1.08,-0.1623,0,0,0,7.6225,-1.08,-0.1623,0,0,0
7.7531,1.08,-0.16118,0,0,0,7.7531,-1.08,-0.16118,0,0,0
7.8834,1.08,-0.16007,0,0,0,7.8834,-1.08,-0.16007,0,0,0
8.0134,1.08,-0.15955,0,0,0,8.0134,-1.08,-0.15955,0,0,0
8.1435,1.08,-0.15947,0,0,0,8.1435,-1.08,-0.15947,0,0,0
8.2733,1.08,-0.15959,0,0,0,8.2733,-1.08,-0.15959,0,0,0
8.4025,1.08,-0.16006,0,0,0,8.4025,-1.08,-0.16006,0,0,0
8.5314,1.08,-0.16052,0,0,0,8.5314,-1.08,-0.16052,0,0,0
8.6601,1.08,-0.16164,0,0,0,8.6601,-1.08,-0.16164,0,0,0
8.7886,1.08,-0.1626,0,0,0,8.7886,-1.08,-0.1626,0,0,0
8.9166,1.08,-0.16382,0,0,0,8.9166,-1.08,-0.16382,0,0,0
9.0444,1.08,-0.16517,0,0,0,9.0444,-1.08,-0.16517,0,0,0
9.1721,1.08,-0.16654,0,0,0,9.1721,-1.08,-0.16654,0,0,0
9.2996,1.08,-0.16825,0,0,0,9.2996,-1.08,-0.16825,0,0,0
9.4271,1.08,-0.16993,0,0,0,9.4271,-1.08,-0.16993,0,0,0
9.5547,1.08,-0.17216,0,0,0,9.5547,-1.08,-0.17216,0,0,0
9.6822,1.08,-0.17395,0,0,0,9.6822,-1.08,-0.17395,0,0,0
9.8096,1.08,-0.17581,0,0,0,9.8096,-1.08,-0.17581,0,0,0
9.9375,1.08,-0.17767,0,0,0,9.9375,-1.08,-0.17767,0,0,0
10.065,1.08,-0.1793,0,0,0,10.065,-1.08,-0.1793,0,0,0
10.194,1.08,-0.18074,0,0,0,10.194,-1.08,-0.18074,0,0,0
10.322,1.08,-0.18172,0,0,0,10.322,-1.08,-0.18172,0,0,0
10.45,1.08,-0.18271,0,0,0,10.45,-1.08,-0.18271,0,0,0
10.579,1.08,-0.18294,0,0,0,10.579,-1.08,-0.18294,0,0,0
10.708,1.08,-0.18301,0,0,0,10.708,-1.08,-0.18301,0,0,0
10.837,1.08,-0.18283,0,0,0,10.837,-1.08,-0.18283,0,0,0
10.966,1.08,-0.18238,0,0,0,10.966,-1.08,-0.18238,0,0,0
11.096,1.08,-0.18174,0,0,0,11.096,-1.08,-0.18174,0,0,0
11.225,1.08,-0.18074,0,0,0,11.225,-1.08,-0.18074,0,0,0
11.355,1.08,-0.17997,0,0,0,11.355,-1.08,-0.17997,0,0,0
11.485,1.08,-0.17866,0,0,0,11.485,-1.08,-0.17866,0,0,0
11.615,1.08,-0.17749,0,0,0,11.615,-1.08,-0.17749,0,0,0
11.745,1.08,-0.17635,0,0,0,11.745,-1.08,-0.17635,0,0,0
11.875,1.08,-0.17512,0,0,0,11.875,-1.08,-0.17512,0,0,0
12.005,1.08,-0.17394,0,0,0,12.005,-1.08,-0.17394,0,0,0
12.135,1.08,-0.17251,0,0,0,12.135,-1.08,-0.17251,0,0,0
12.265,1.08,-0.17151,0,0,0,12.265,-1.08,-0.17151,0,0,0
12.395,1.08,-0.17022,0,0,0,12.395,-1.08,-0.17022,0,0,0
12.525,1.08,-0.1692,0,0,0,12.525,-1.08,-0.1692,0,0,0
12.655,1.08,-0.1684,0,0,0,12.655,-1.08,-0.1684,0,0,0
12.785,1.08,-0.1676,0,0,0,12.785,-1.08,-0.1676,0,0,0
12.915,1.08,-0.167,0,0,0,12.915,-1.08,-0.167,0,0,0
13.044,1.08,-0.16631,0,0,0,13.044,-1.08,-0.16631,0,0,0
13.174,1.08,-0.16614,0,0,0,13.174,-1.08,-0.16614,0,0,0
13.303,1.08,-0.16607,0,0,0,13.303,-1.08,-0.16607,0,0,0
13.432,1.08,-0.16624,0,0,0,13.432,-1.08,-0.16624,0,0,0
13.561,1.08,-0.16659,0,0,0,13.561,-1.08,-0.16659,0,0,0
13.69,1.08,-0.16692,0,0,0,13.69,-1.08,-0.16692,0,0,0
13.818,1.08,-0.16756,0,0,0,13.818,-1.08,-0.16756,0,0,0
13.947,1.08,-0.16822,0,0,0,13.947,-1.08,-0.16822,0,0,0
14.075,1.08,-0.16936,0,0,0,14.075,-1.08,-0.16936,0,0,0
14.204,1.08,-0.1704,0,0,0,14.204,-1.08,-0.1704,0,0,0
14.332,1.08,-0.17139,0,0,0,14.332,-1.08,-0.17139,0,0,0
14.46,1.08,-0.17244,0,0,0,14.46,-1.08,-0.17244,0,0,0
14.589,1.08,-0.17343,0,0,0,14.589,-1.08,-0.17343,0,0,0
14.717,1.08,-0.1745,0,0,0,14.717,-1.08,-0.1745,0,0,0
14.846,1.08,-0.17535,0,0,0,14.846,-1.08,-0.17535,0,0,0
14.974,1.08,-0.17642,0,0,0,14.974,-1.08,-0.17642,0,0,0
15.103,1.08,-0.17696,0,0,0,15.103,-1.08,-0.17696,0,0,0
15.231,1.08,-0.17737,0,0,0,15.231,-1.08,-0.17737,0,0,0
15.36,1.08,-0.17782,0,0,0,15.36,-1.08,-0.17782,0,0,0
15.489,1.08,-0.17807,0,0,0,15.489,-1.08,-0.17807,0,0,0
15.618,1.08,-0.17826,0,0,0,15.618,-1.08,-0.17826,0,0,0
15.746,1.08,-0.17812,0,0,0,15.746,-1.08,-0.17812,0,0,0
15.876,1.08,-0.17817,0,0,0,15.876,-1.08,-0.17817,0,0,0
16.005,1.08,-0.17775,0,0,0,16.005,-1.08,-0.17775,0,0,0
16.134,1.08,-0.17734,0,0,0,16.134,-1.08,-0.17734,0,0,0
16.263,1.08,-0.17696,0,0,0,16.263,-1.08,-0.17696,0,0,0
16.393,1.08,-0.17652,0,0,0,16.393,-1.08,-0.17652,0,0,0
16.523,1.08,-0.17605,0,0,0,16.523,-1.08,-0.17605,0,0,0
16.652,1.08,-0.1753,0,0,0,16.652,-1.08,-0.1753,0,0,0
16.783,1.08,-0.17674,0,0,0,16.783,-1.08,-0.17674,0,0,0
16.918,1.08,-0.19105,0,0,0,16.918,-1.08,-0.19105,0,0,0
17.051,1.08,-0.20662,0,0,0,17.051,-1.08,-0.20662,0,0,0
17.182,1.08,-0.21995,0,0,0,17.182,-1.08,-0.21995,0,0,0
17.31,1.08,-0.23055,0,0,0,17.31,-1.08,-0.23055,0,0,0
17.433,1.08,-0.23812,0,0,0,17.433,-1.08,-0.23812,0,0,0
17.553,1.08,-0.244,0,0,0,17.553,-1.08,-0.244,0,0,0
17.672,1.08,-0.24993,0,0,0,17.672,-1.08,-0.24993,0,0,0
17.79,1.08,-0.25621,0,0,0,17.79,-1.08,-0.25621,0,0,0
17.907,1.08,-0.26256,0,0,0,17.907,-1.08,-0.26256,0,0,0
18.025,1.08,-0.26973,0,0,0,18.025,-1.08,-0.26973,0,0,0
18.145,1.08,-0.27784,0,0,0,18.145,-1.08,-0.27784,0,0,0
18.265,1.08,-0.28574,0,0,0,18.265,-1.08,-0.28574,0,0,0
18.387,1.08,-0.2938,0,0,0,18.387,-1.08,-0.2938,0,0,0
18.51,1.08,-0.30165,0,0,0,18.51,-1.08,-0.30165,0,0,0
18.635,1.08,-0.30787,0,0,0,18.635,-1.08,-0.30787,0,0,0
18.761,1.08,-0.3118,0,0,0,18.761,-1.08,-0.3118,0,0,0
18.887,1.08,-0.31264,0,0,0,18.887,-1.08,-0.31264,0,0,0
19.014,1.08,-0.30951,0,0,0,19.014,-1.08,-0.30951,0,0,0
19.141,1.08,-0.30457,0,0,0,19.141,-1.08,-0.30457,0,0,0
19.268,1.08,-0.29781,0,0,0,19.268,-1.08,-0.29781,0,0,0
19.395,1.08,-0.28793,0,0,0,19.395,-1.08,-0.28793,0,0,0
19.52,1.08,-0.27255,0,0,0,19.52,-1.08,-0.27255,0,0,0
19.644,1.08,-0.25148,0,0,0,19.644,-1.08,-0.25148,0,0,0
19.768,1.08,-0.22508,0,0,0,19.768,-1.08,-0.22508,0,0,0
19.893,1.08,-0.19525,0,0,0,19.893,-1.08,-0.19525,0,0,0
20.017,1.08,-0.15968,0,0,0,20.017,-1.08,-0.15968,0,0,0
20.141,1.08,-0.11851,0,0,0,20.141,-1.08,-0.11851,0,0,0
20.267,1.08,-0.071853,0,0,0,20.267,-1.08,-0.071853,0,0,0
20.395,1.08,-0.0252,0,0,0,20.395,-1.08,-0.0252,0,0,0
20.528,1.08,0.016854,0,0,0,20.528,-1.08,0.016854,0,0,0
20.668,1.08,0.049861,0,0,0,20.668,-1.08,0.049861,0,0,0
20.813,1.08,0.072688,0,0,0,20.813,-1.08,0.072688,0,0,0
20.962,1.08,0.086731,0,0,0,20.962,-1.08,0.086731,0,0,0
21.114,1.08,0.091959,0,0,0,21.114,-1.08,0.091959,0,0,0
21.265,1.08,0.088975,0,0,0,21.265,-1.08,0.088975,0,0,0
21.413,1.08,0.083185,0,0,0,21.413,-1.08,0.083185,0,0,0
21.556,1.08,0.079336,0,0,0,21.556,-1.08,0.079336,0,0,0
21.694,1.08,0.0802,0,0,0,21.694,-1.08,0.0802,0,0,0
21.826,1.08,0.087315,0,0,0,21.826,-1.08,0.087315,0,0,0
21.953,1.08,0.099618,0,0,0,21.953,-1.08,0.099618,0,0,0
22.075,1.08,0.11636,0,0,0,22.075,-1.08,0.11636,0,0,0
22.195,1.08,0.13858,0,0,0,22.195,-1.08,0.13858,0,0,0
22.312,1.08,0.16684,0,0,0,22.312,-1.08,0.16684,0,0,0
22.431,1.08,0.19796,0,0,0,22.431,-1.08,0.19796,0,0,0
22.553,1.08,0.22473,0,0,0,22.553,-1.08,0.22473,0,0,0
22.681,1.08,0.24429,0,0,0,22.681,-1.08,0.24429,0,0,0
22.811,1.08,0.25548,0,0,0,22.811,-1.08,0.25548,0,0,0
22.947,1.08,0.25569,0,0,0,22.947,-1.08,0.25569,0,0,0
23.086,1.08,0.24414,0,0,0,23.086,-1.08,0.24414,0,0,0
23.226,1.08,0.22834,0,0,0,23.226,-1.08,0.22834,0,0,0
23.363,1.08,0.20964,0,0,0,23.363,-1.08,0.20964,0,0,0
23.499,1.08,0.18711,0,0,0,23.499,-1.08,0.18711,0,0,0
23.631,1.08,0.16251,0,0,0,23.631,-1.08,0.16251,0,0,0
23.759,1.08,0.13809,0,0,0,23.759,-1.08,0.13809,0,0,0
23.884,1.08,0.11308,0,0,0,23.884,-1.08,0.11308,0,0,0
24.008,1.08,0.084135,0,0,0,24.008,-1.08,0.084135,0,0,0
24.129,1.08,0.04587,0,0,0,24.129,-1.08,0.04587,0,0,0
24.25,1.08,-0.0051618,0,0,0,24.25,-1.08,-0.0051618,0,0,0
24.369,1.08,-0.061177,0,0,0,24.369,-1.08,-0.061177,0,0,0
24.487,1.08,-0.11662,0,0,0,24.487,-1.08,-0.11662,0,0,0
24.602,1.08,-0.16894,0,0,0,24.602,-1.08,-0.16894,0,0,0
24.714,1.08,-0.2147,0,0,0,24.714,-1.08,-0.2147,0,0,0
24.824,1.08,-0.2519,0,0,0,24.824,-1.08,-0.2519,0,0,0
24.934,1.08,-0.28086,0,0,0,24.934,-1.08,-0.28086,0,0,0
25.044,1.08,-0.30137,0,0,0,25.044,-1.08,-0.30137,0,0,0
25.154,1.08,-0.31308,0,0,0,25.154,-1.08,-0.31308,0,0,0
25.265,1.08,-0.31708,0,0,0,25.265,-1.08,-0.31708,0,0,0
25.378,1.08,-0.31349,0,0,0,25.378,-1.08,-0.31349,0,0,0
25.493,1.08,-0.30493,0,0,0,25.493,-1.08,-0.30493,0,0,0
25.612,1.08,-0.29454,0,0,0,25.612,-1.08,-0.29454,0,0,0
25.736,1.08,-0.28591,0,0,0,25.736,-1.08,-0.28591,0,0,0
25.865,1.08,-0.28017,0,0,0,25.865,-1.08,-0.28017,0,0,0
25.998,1.08,-0.27682,0,0,0,25.998,-1.08,-0.27682,0,0,0
26.134,1.08,-0.27626,0,0,0,26.134,-1.08,-0.27626,0,0,0
26.27,1.08,-0.27624,0,0,0,26.27,-1.08,-0.27624,0,0,0
26.405,1.08,-0.2759,0,0,0,26.405,-1.08,-0.2759,0,0,0
26.539,1.08,-0.27519,0,0,0,26.539,-1.08,-0.27519,0,0,0
26.672,1.08,-0.27271,0,0,0,26.672,-1.08,-0.27271,0,0,0
26.802,1.08,-0.26781,0,0,0,26.802,-1.08,-0.26781,0,0,0
26.929,1.08,-0.26022,0,0,0,26.929,-1.08,-0.26022,0,0,0
27.053,1.08,-0.2505,0,0,0,27.053,-1.08,-0.2505,0,0,0
27.177,1.08,-0.2408,0,0,0,27.177,-1.08,-0.2408,0,0,0
27.3,1.08,-0.2309,0,0,0,27.3,-1.08,-0.2309,0,0,0
27.421,1.08,-0.21883,0,0,0,27.421,-1.08,-0.21883,0,0,0
27.542,1.08,-0.20298,0,0,0,27.542,-1.08,-0.20298,0,0,0
27.663,1.08,-0.18293,0,0,0,27.663,-1.08,-0.18293,0,0,0
27.785,1.08,-0.16069,0,0,0,27.785,-1.08,-0.16069,0,0,0
27.91,1.08,-0.13618,0,0,0,27.91,-1.08,-0.13618,0,0,0
28.038,1.08,-0.11288,0,0,0,28.038,-1.08,-0.11288,0,0,0
28.169,1.08,-0.089447,0,0,0,28.169,-1.08,-0.089447,0,0,0
28.305,1.08,-0.065596,0,0,0,28.305,-1.08,-0.065596,0,0,0
28.442,1.08,-0.042205,0,0,0,28.442,-1.08,-0.042205,0,0,0
28.582,1.08,-0.019038,0,0,0,28.582,-1.08,-0.019038,0,0,0
28.722,1.08,0.003286,0,0,0,28.722,-1.08,0.003286,0,0,0
28.859,1.08,0.028852,0,0,0,28.859,-1.08,0.028852,0,0,0
28.995,1.08,0.055314,0,0,0,28.995,-1.08,0.055314,0,0,0
29.131,1.08,0.079268,0,0,0,29.131,-1.08,0.079268,0,0,0
29.266,1.08,0.099067,0,0,0,29.266,-1.08,0.099067,0,0,0
29.401,1.08,0.11631,0,0,0,29.401,-1.08,0.11631,0,0,0
29.534,1.08,0.13137,0,0,0,29.534,-1.08,0.13137,0,0,0
29.667,1.08,0.14601,0,0,0,29.667,-1.08,0.14601,0,0,0
29.799,1.08,0.15869,0,0,0,29.799,-1.08,0.15869,0,0,0
29.931,1.08,0.17145,0,0,0,29.931,-1.08,0.17145,0,0,0
30.062,1.08,0.18555,0,0,0,30.062,-1.08,0.18555,0,0,0
30.196,1.08,0.19811,0,0,0,30.196,-1.08,0.19811,0,0,0
30.334,1.08,0.20829,0,0,0,30.334,-1.08,0.20829,0,0,0
30.476,1.08,0.20641,0,0,0,30.476,-1.08,0.20641,0,0,0
30.62,1.08,0.18877,0,0,0,30.62,-1.08,0.18877,0,0,0
30.763,1.08,0.16568,0,0,0,30.763,-1.08,0.16568,0,0,0
30.905,1.08,0.14042,0,0,0,30.905,-1.08,0.14042,0,0,0
31.04,1.08,0.11712,0,0,0,31.04,-1.08,0.11712,0,0,0
31.171,1.08,0.096681,0,0,0,31.171,-1.08,0.096681,0,0,0
31.298,1.08,0.078311,0,0,0,31.298,-1.08,0.078311,0,0,0
31.422,1.08,0.060191,0,0,0,31.422,-1.08,0.060191,0,0,0
31.543,1.08,0.033719,0,0,0,31.543,-1.08,0.033719,0,0,0
31.663,1.08,-0.0039204,0,0,0,31.663,-1.08,-0.0039204,0,0,0
31.782,1.08,-0.048948,0,0,0,31.782,-1.08,-0.048948,0,0,0
31.901,1.08,-0.097244,0,0,0,31.901,-1.08,-0.097244,0,0,0
32.02,1.08,-0.14706,0,0,0,32.02,-1.08,-0.14706,0,0,0
32.137,1.08,-0.19502,0,0,0,32.137,-1.08,-0.19502,0,0,0
32.254,1.08,-0.23761,0,0,0,32.254,-1.08,-0.23761,0,0,0
32.37,1.08,-0.27256,0,0,0,32.37,-1.08,-0.27256,0,0,0
32.485,1.08,-0.29855,0,0,0,32.485,-1.08,-0.29855,0,0,0
32.6,1.08,-0.31484,0,0,0,32.6,-1.08,-0.31484,0,0,0
32.713,1.08,-0.32175,0,0,0,32.713,-1.08,-0.32175,0,0,0
32.827,1.08,-0.32083,0,0,0,32.827,-1.08,-0.32083,0,0,0
32.943,1.08,-0.31427,0,0,0,32.943,-1.08,-0.31427,0,0,0
33.06,1.08,-0.30505,0,0,0,33.06,-1.08,-0.30505,0,0,0
33.18,1.08,-0.2949,0,0,0,33.18,-1.08,-0.2949,0,0,0
33.303,1.08,-0.28495,0,0,0,33.303,-1.08,-0.28495,0,0,0
33.427,1.08,-0.27693,0,0,0,33.427,-1.08,-0.27693,0,0,0
33.555,1.08,-0.27207,0,0,0,33.555,-1.08,-0.27207,0,0,0
33.684,1.08,-0.27056,0,0,0,33.684,-1.08,-0.27056,0,0,0
33.815,1.08,-0.27016,0,0,0,33.815,-1.08,-0.27016,0,0,0
33.946,1.08,-0.26975,0,0,0,33.946,-1.08,-0.26975,0,0,0
34.076,1.08,-0.26859,0,0,0,34.076,-1.08,-0.26859,0,0,0
34.206,1.08,-0.26572,0,0,0,34.206,-1.08,-0.26572,0,0,0
34.335,1.08,-0.26091,0,0,0,34.335,-1.08,-0.26091,0,0,0
34.463,1.08,-0.25309,0,0,0,34.463,-1.08,-0.25309,0,0,0
34.591,1.08,-0.24128,0,0,0,34.591,-1.08,-0.24128,0,0,0
34.718,1.08,-0.22274,0,0,0,34.718,-1.08,-0.22274,0,0,0
34.844,1.08,-0.19834,0,0,0,34.844,-1.08,-0.19834,0,0,0
34.969,1.08,-0.16926,0,0,0,34.969,-1.08,-0.16926,0,0,0
35.096,1.08,-0.13638,0,0,0,35.096,-1.08,-0.13638,0,0,0
35.224,1.08,-0.10382,0,0,0,35.224,-1.08,-0.10382,0,0,0
35.354,1.08,-0.072813,0,0,0,35.354,-1.08,-0.072813,0,0,0
35.486,1.08,-0.043482,0,0,0,35.486,-1.08,-0.043482,0,0,0
35.62,1.08,-0.015741,0,0,0,35.62,-1.08,-0.015741,0,0,0
35.756,1.08,0.01055,0,0,0,35.756,-1.08,0.01055,0,0,0
35.893,1.08,0.036863,0,0,0,35.893,-1.08,0.036863,0,0,0
36.031,1.08,0.065187,0,0,0,36.031,-1.08,0.065187,0,0,0
36.174,1.08,0.083815,0,0,0,36.174,-1.08,0.083815,0,0,0
36.324,1.08,0.074411,0,0,0,36.324,-1.08,0.074411,0,0,0
36.472,1.08,0.057558,0,0,0,36.472,-1.08,0.057558,0,0,0
36.615,1.08,0.04036,0,0,0,36.615,-1.08,0.04036,0,0,0
36.749,1.08,0.024545,0,0,0,36.749,-1.08,0.024545,0,0,0
36.879,1.08,0.0085971,0,0,0,36.879,-1.08,0.0085971,0,0,0
37.005,1.08,-0.0073946,0,0,0,37.005,-1.08,-0.0073946,0,0,0
37.124,1.08,-0.025262,0,0,0,37.124,-1.08,-0.025262,0,0,0
37.24,1.08,-0.045,0,0,0,37.24,-1.08,-0.045,0,0,0
37.355,1.08,-0.069431,0,0,0,37.355,-1.08,-0.069431,0,0,0
37.47,1.08,-0.10008,0,0,0,37.47,-1.08,-0.10008,0,0,0
37.586,1.08,-0.14021,0,0,0,37.586,-1.08,-0.14021,0,0,0
37.706,1.08,-0.18717,0,0,0,37.706,-1.08,-0.18717,0,0,0
37.827,1.08,-0.22909,0,0,0,37.827,-1.08,-0.22909,0,0,0
37.946,1.08,-0.24727,0,0,0,37.946,-1.08,-0.24727,0,0,0
38.065,1.08,-0.25253,0,0,0,38.065,-1.08,-0.25253,0,0,0
38.186,1.08,-0.25325,0,0,0,38.186,-1.08,-0.25325,0,0,0
38.308,1.08,-0.24949,0,0,0,38.308,-1.08,-0.24949,0,0,0
38.435,1.08,-0.24738,0,0,0,38.435,-1.08,-0.24738,0,0,0
38.563,1.08,-0.24483,0,0,0,38.563,-1.08,-0.24483,0,0,0
38.687,1.08,-0.23369,0,0,0,38.687,-1.08,-0.23369,0,0,0
38.81,1.08,-0.21428,0,0,0,38.81,-1.08,-0.21428,0,0,0
38.935,1.08,-0.18576,0,0,0,38.935,-1.08,-0.18576,0,0,0
39.058,1.08,-0.15347,0,0,0,39.058,-1.08,-0.15347,0,0,0
39.183,1.08,-0.11832,0,0,0,39.183,-1.08,-0.11832,0,0,0
39.308,1.08,-0.080092,0,0,0,39.308,-1.08,-0.080092,0,0,0
39.434,1.08,-0.039098,0,0,0,39.434,-1.08,-0.039098,0,0,0
39.563,1.08,0.0017223,0,0,0,39.563,-1.08,0.0017223,0,0,0
39.695,1.08,0.03775,0,0,0,39.695,-1.08,0.03775,0,0,0
39.832,1.08,0.063031,0,0,0,39.832,-1.08,0.063031,0,0,0
39.973,1.08,0.081972,0,0,0,39.973,-1.08,0.081972,0,0,0
40.117,1.08,0.093747,0,0,0,40.117,-1.08,0.093747,0,0,0
40.265,1.08,0.094555,0,0,0,40.265,-1.08,0.094555,0,0,0
40.412,1.08,0.081139,0,0,0,40.412,-1.08,0.081139,0,0,0
40.56,1.08,0.055316,0,0,0,40.56,-1.08,0.055316,0,0,0
40.705,1.08,0.022572,0,0,0,40.705,-1.08,0.022572,0,0,0
40.842,1.08,-0.0051499,0,0,0,40.842,-1.08,-0.0051499,0,0,0
40.972,1.08,-0.027346,0,0,0,40.972,-1.08,-0.027346,0,0,0
41.095,1.08,-0.045277,0,0,0,41.095,-1.08,-0.045277,0,0,0
41.212,1.08,-0.0609,0,0,0,41.212,-1.08,-0.0609,0,0,0
41.325,1.08,-0.076459,0,0,0,41.325,-1.08,-0.076459,0,0,0
41.434,1.08,-0.088043,0,0,0,41.434,-1.08,-0.088043,0,0,0
41.542,1.08,-0.096083,0,0,0,41.542,-1.08,-0.096083,0,0,0
41.65,1.08,-0.10208,0,0,0,41.65,-1.08,-0.10208,0,0,0
41.758,1.08,-0.10899,0,0,0,41.758,-1.08,-0.10899,0,0,0
41.868,1.08,-0.11603,0,0,0,41.868,-1.08,-0.11603,0,0,0
41.98,1.08,-0.12052,0,0,0,41.98,-1.08,-0.12052,0,0,0
42.095,1.08,-0.1237,0,0,0,42.095,-1.08,-0.1237,0,0,0
42.213,1.08,-0.12359,0,0,0,42.213,-1.08,-0.12359,0,0,0
42.333,1.08,-0.12267,0,0,0,42.333,-1.08,-0.12267,0,0,0
42.458,1.08,-0.12246,0,0,0,42.458,-1.08,-0.12246,0,0,0
42.585,1.08,-0.12364,0,0,0,42.585,-1.08,-0.12364,0,0,0
42.713,1.08,-0.12394,0,0,0,42.713,-1.08,-0.12394,0,0,0
42.842,1.08,-0.12154,0,0,0,42.842,-1.08,-0.12154,0,0,0
42.97,1.08,-0.11255,0,0,0,42.97,-1.08,-0.11255,0,0,0
43.098,1.08,-0.094796,0,0,0,43.098,-1.08,-0.094796,0,0,0
43.224,1.08,-0.069399,0,0,0,43.224,-1.08,-0.069399,0,0,0
43.354,1.08,-0.045784,0,0,0,43.354,-1.08,-0.045784,0,0,0
43.484,1.08,-0.024231,0,0,0,43.484,-1.08,-0.024231,0,0,0
43.616,1.08,-0.0026832,0,0,0,43.616,-1.08,-0.0026832,0,0,0
43.751,1.08,0.017458,0,0,0,43.751,-1.08,0.017458,0,0,0
43.887,1.08,0.035902,0,0,0,43.887,-1.08,0.035902,0,0,0
44.026,1.08,0.053463,0,0,0,44.026,-1.08,0.053463,0,0,0
44.17,1.08,0.065961,0,0,0,44.17,-1.08,0.065961,0,0,0
44.321,1.08,0.070151,0,0,0,44.321,-1.08,0.070151,0,0,0
44.474,1.08,0.064884,0,0,0,44.474,-1.08,0.064884,0,0,0
44.629,1.08,0.037064,0,0,0,44.629,-1.08,0.037064,0,0,0
44.782,1.08,-0.00025611,0,0,0,44.782,-1.08,-0.00025611,0,0,0
44.929,1.08,-0.036926,0,0,0,44.929,-1.08,-0.036926,0,0,0
45.068,1.08,-0.070515,0,0,0,45.068,-1.08,-0.070515,0,0,0
45.2,1.08,-0.099716,0,0,0,45.2,-1.08,-0.099716,0,0,0
45.325,1.08,-0.12344,0,0,0,45.325,-1.08,-0.12344,0,0,0
45.444,1.08,-0.14193,0,0,0,45.444,-1.08,-0.14193,0,0,0
45.558,1.08,-0.1569,0,0,0,45.558,-1.08,-0.1569,0,0,0
45.669,1.08,-0.16881,0,0,0,45.669,-1.08,-0.16881,0,0,0
45.779,1.08,-0.17812,0,0,0,45.779,-1.08,-0.17812,0,0,0
45.889,1.08,-0.18612,0,0,0,45.889,-1.08,-0.18612,0,0,0
46.002,1.08,-0.19408,0,0,0,46.002,-1.08,-0.19408,0,0,0
46.117,1.08,-0.20261,0,0,0,46.117,-1.08,-0.20261,0,0,0
46.235,1.08,-0.21164,0,0,0,46.235,-1.08,-0.21164,0,0,0
46.357,1.08,-0.22097,0,0,0,46.357,-1.08,-0.22097,0,0,0
46.483,1.08,-0.22972,0,0,0,46.483,-1.08,-0.22972,0,0,0
46.611,1.08,-0.2371,0,0,0,46.611,-1.08,-0.2371,0,0,0
46.741,1.08,-0.24235,0,0,0,46.741,-1.08,-0.24235,0,0,0
46.871,1.08,-0.24487,0,0,0,46.871,-1.08,-0.24487,0,0,0
47.002,1.08,-0.24443,0,0,0,47.002,-1.08,-0.24443,0,0,0
47.132,1.08,-0.24054,0,0,0,47.132,-1.08,-0.24054,0,0,0
47.262,1.08,-0.23354,0,0,0,47.262,-1.08,-0.23354,0,0,0
47.392,1.08,-0.22435,0,0,0,47.392,-1.08,-0.22435,0,0,0
47.522,1.08,-0.21399,0,0,0,47.522,-1.08,-0.21399,0,0,0
47.653,1.08,-0.20311,0,0,0,47.653,-1.08,-0.20311,0,0,0
47.784,1.08,-0.19277,0,0,0,47.784,-1.08,-0.19277,0,0,0
47.917,1.08,-0.18368,0,0,0,47.917,-1.08,-0.18368,0,0,0
48.052,1.08,-0.17672,0,0,0,48.052,-1.08,-0.17672,0,0,0
48.189,1.08,-0.17099,0,0,0,48.189,-1.08,-0.17099,0,0,0
48.326,1.08,-0.16594,0,0,0,48.326,-1.08,-0.16594,0,0,0
48.463,1.08,-0.16154,0,0,0,48.463,-1.08,-0.16154,0,0,0
48.601,1.08,-0.15721,0,0,0,48.601,-1.08,-0.15721,0,0,0
48.738,1.08,-0.15274,0,0,0,48.738,-1.08,-0.15274,0,0,0
48.874,1.08,-0.14808,0,0,0,48.874,-1.08,-0.14808,0,0,0
49.008,1.08,-0.14306,0,0,0,49.008,-1.08,-0.14306,0,0,0
49.141,1.08,-0.13808,0,0,0,49.141,-1.08,-0.13808,0,0,0
49.273,1.08,-0.13331,0,0,0,49.273,-1.08,-0.13331,0,0,0
49.403,1.08,-0.12915,0,0,0,49.403,-1.08,-0.12915,0,0,0
49.532,1.08,-0.12581,0,0,0,49.532,-1.08,-0.12581,0,0,0
49.659,1.08,-0.12346,0,0,0,49.659,-1.08,-0.12346,0,0,0
49.786,1.08,-0.1229,0,0,0,49.786,-1.08,-0.1229,0,0,0
49.912,1.08,-0.12456,0,0,0,49.912,-1.08,-0.12456,0,0,0
50.038,1.08,-0.12866,0,0,0,50.038,-1.08,-0.12866,0,0,0
50.164,1.08,-0.13426,0,0,0,50.164,-1.08,-0.13426,0,0,0
50.289,1.08,-0.14166,0,0,0,50.289,-1.08,-0.14166,0,0,0
50.415,1.08,-0.15035,0,0,0,50.415,-1.08,-0.15035,0,0,0
50.54,1.08,-0.15971,0,0,0,50.54,-1.08,-0.15971,0,0,0
50.665,1.08,-0.16913,0,0,0,50.665,-1.08,-0.16913,0,0,0
50.79,1.08,-0.17771,0,0,0,50.79,-1.08,-0.17771,0,0,0
50.915,1.08,-0.18571,0,0,0,50.915,-1.08,-0.18571,0,0,0
51.04,1.08,-0.19185,0,0,0,51.04,-1.08,-0.19185,0,0,0
51.164,1.08,-0.19636,0,0,0,51.164,-1.08,-0.19636,0,0,0
51.289,1.08,-0.19936,0,0,0,51.289,-1.08,-0.19936,0,0,0
51.414,1.08,-0.20112,0,0,0,51.414,-1.08,-0.20112,0,0,0
51.54,1.08,-0.20177,0,0,0,51.54,-1.08,-0.20177,0,0,0
51.667,1.08,-0.20207,0,0,0,51.667,-1.08,-0.20207,0,0,0
51.795,1.08,-0.20149,0,0,0,51.795,-1.08,-0.20149,0,0,0
51.924,1.08,-0.20065,0,0,0,51.924,-1.08,-0.20065,0,0,0
52.054,1.08,-0.19955,0,0,0,52.054,-1.08,-0.19955,0,0,0
52.184,1.08,-0.19808,0,0,0,52.184,-1.08,-0.19808,0,0,0
52.315,1.08,-0.19623,0,0,0,52.315,-1.08,-0.19623,0,0,0
52.446,1.08,-0.19393,0,0,0,52.446,-1.08,-0.19393,0,0,0
52.578,1.08,-0.19146,0,0,0,52.578,-1.08,-0.19146,0,0,0
52.71,1.08,-0.18844,0,0,0,52.71,-1.08,-0.18844,0,0,0
52.842,1.08,-0.18492,0,0,0,52.842,-1.08,-0.18492,0,0,0
52.974,1.08,-0.18112,0,0,0,52.974,-1.08,-0.18112,0,0,0
53.106,1.08,-0.17704,0,0,0,53.106,-1.08,-0.17704,0,0,0
53.239,1.08,-0.17277,0,0,0,53.239,-1.08,-0.17277,0,0,0
53.37,1.08,-0.16852,0,0,0,53.37,-1.08,-0.16852,0,0,0
53.502,1.08,-0.16434,0,0,0,53.502,-1.08,-0.16434,0,0,0
53.634,1.08,-0.16101,0,0,0,53.634,-1.08,-0.16101,0,0,0
53.766,1.08,-0.15765,0,0,0,53.766,-1.08,-0.15765,0,0,0
53.897,1.08,-0.15494,0,0,0,53.897,-1.08,-0.15494,0,0,0
54.028,1.08,-0.15286,0,0,0,54.028,-1.08,-0.15286,0,0,0
54.159,1.08,-0.15139,0,0,0,54.159,-1.08,-0.15139,0,0,0
54.289,1.08,-0.15064,0,0,0,54.289,-1.08,-0.15064,0,0,0
54.419,1.08,-0.15035,0,0,0,54.419,-1.08,-0.15035,0,0,0
54.549,1.08,-0.15104,0,0,0,54.549,-1.08,-0.15104,0,0,0
54.678,1.08,-0.15193,0,0,0,54.678,-1.08,-0.15193,0,0,0
54.806,1.08,-0.15333,0,0,0,54.806,-1.08,-0.15333,0,0,0
54.934,1.08,-0.15524,0,0,0,54.934,-1.08,-0.15524,0,0,0
55.062,1.08,-0.15743,0,0,0,55.062,-1.08,-0.15743,0,0,0
55.189,1.08,-0.16004,0,0,0,55.189,-1.08,-0.16004,0,0,0
55.316,1.08,-0.16267,0,0,0,55.316,-1.08,-0.16267,0,0,0
55.442,1.08,-0.1659,0,0,0,55.442,-1.08,-0.1659,0,0,0
55.569,1.08,-0.16886,0,0,0,55.569,-1.08,-0.16886,0,0,0
55.695,1.08,-0.17187,0,0,0,55.695,-1.08,-0.17187,0,0,0
55.822,1.08,-0.17495,0,0,0,55.822,-1.08,-0.17495,0,0,0
55.949,1.08,-0.17784,0,0,0,55.949,-1.08,-0.17784,0,0,0
56.076,1.08,-0.18052,0,0,0,56.076,-1.08,-0.18052,0,0,0
56.203,1.08,-0.18272,0,0,0,56.203,-1.08,-0.18272,0,0,0
56.33,1.08,-0.18493,0,0,0,56.33,-1.08,-0.18493,0,0,0
56.458,1.08,-0.18637,0,0,0,56.458,-1.08,-0.18637,0,0,0
56.586,1.08,-0.18749,0,0,0,56.586,-1.08,-0.18749,0,0,0
56.715,1.08,-0.18814,0,0,0,56.715,-1.08,-0.18814,0,0,0
56.844,1.08,-0.18828,0,0,0,56.844,-1.08,-0.18828,0,0,0
56.973,1.08,-0.18795,0,0,0,56.973,-1.08,-0.18795,0,0,0
57.102,1.08,-0.1871,0,0,0,57.102,-1.08,-0.1871,0,0,0
57.232,1.08,-0.18623,0,0,0,57.232,-1.08,-0.18623,0,0,0
57.361,1.08,-0.18475,0,0,0,57.361,-1.08,-0.18475,0,0,0
57.491,1.08,-0.18321,0,0,0,57.491,-1.08,-0.18321,0,0,0
57.622,1.08,-0.18153,0,0,0,57.622,-1.08,-0.18153,0,0,0
57.752,1.08,-0.17967,0,0,0,57.752,-1.08,-0.17967,0,0,0
57.883,1.08,-0.17776,0,0,0,57.883,-1.08,-0.17776,0,0,0
58.013,1.08,-0.17564,0,0,0,58.013,-1.08,-0.17564,0,0,0
58.144,1.08,-0.17398,0,0,0,58.144,-1.08,-0.17398,0,0,0
58.275,1.08,-0.172,0,0,0,58.275,-1.08,-0.172,0,0,0
58.405,1.08,-0.17021,0,0,0,58.405,-1.08,-0.17021,0,0,0
58.536,1.08,-0.16859,0,0,0,58.536,-1.08,-0.16859,0,0,0
58.667,1.08,-0.16698,0,0,0,58.667,-1.08,-0.16698,0,0,0
58.797,1.08,-0.16564,0,0,0,58.797,-1.08,-0.16564,0,0,0
58.927,1.08,-0.16428,0,0,0,58.927,-1.08,-0.16428,0,0,0
59.057,1.08,-0.16352,0,0,0,59.057,-1.08,-0.16352,0,0,0
59.187,1.08,-0.16281,0,0,0,59.187,-1.08,-0.16281,0,0,0
59.316,1.08,-0.16231,0,0,0,59.316,-1.08,-0.16231,0,0,0
59.446,1.08,-0.16214,0,0,0,59.446,-1.08,-0.16214,0,0,0
59.575,1.08,-0.16213,0,0,0,59.575,-1.08,-0.16213,0,0,0
59.704,1.08,-0.16259,0,0,0,59.704,-1.08,-0.16259,0,0,0
59.832,1.08,-0.16317,0,0,0,59.832,-1.08,-0.16317,0,0,0
59.961,1.08,-0.16419,0,0,0,59.961,-1.08,-0.16419,0,0,0
60.089,1.08,-0.16528,0,0,0,60.089,-1.08,-0.16528,0,0,0
60.217,1.08,-0.16655,0,0,0,60.217,-1.08,-0.16655,0,0,0
60.345,1.08,-0.16816,0,0,0,60.345,-1.08,-0.16816,0,0,0
60.473,1.08,-0.16978,0,0,0,60.473,-1.08,-0.16978,0,0,0
60.601,1.08,-0.17151,0,0,0,60.601,-1.08,-0.17151,0,0,0
60.729,1.08,-0.17298,0,0,0,60.729,-1.08,-0.17298,0,0,0
60.856,1.08,-0.17465,0,0,0,60.856,-1.08,-0.17465,0,0,0
60.985,1.08,-0.17605,0,0,0,60.985,-1.08,-0.17605,0,0,0
61.112,1.08,-0.1774,0,0,0,61.112,-1.08,-0.1774,0,0,0
61.241,1.08,-0.17863,0,0,0,61.241,-1.08,-0.17863,0,0,0
61.369,1.08,-0.1795,0,0,0,61.369,-1.08,-0.1795,0,0,0
61.497,1.08,-0.18014,0,0,0,61.497,-1.08,-0.18014,0,0,0
61.626,1.08,-0.18037,0,0,0,61.626,-1.08,-0.18037,0,0,0
61.755,1.08,-0.18081,0,0,0,61.755,-1.08,-0.18081,0,0,0
61.884,1.08,-0.1807,0,0,0,61.884,-1.08,-0.1807,0,0,0
62.013,1.08,-0.18057,0,0,0,62.013,-1.08,-0.18057,0,0,0
62.142,1.08,-0.18033,0,0,0,62.142,-1.08,-0.18033,0,0,0
62.271,1.08,-0.17982,0,0,0,62.271,-1.08,-0.17982,0,0,0
62.401,1.08,-0.17916,0,0,0,62.401,-1.08,-0.17916,0,0,0
62.53,1.08,-0.17825,0,0,0,62.53,-1.08,-0.17825,0,0,0
62.66,1.08,-0.17764,0,0,0,62.66,-1.08,-0.17764,0,0,0
62.79,1.08,-0.17671,0,0,0,62.79,-1.08,-0.17671,0,0,0
62.92,1.08,-0.17577,0,0,0,62.92,-1.08,-0.17577,0,0,0
63.05,1.08,-0.17483,0,0,0,63.05,-1.08,-0.17483,0,0,0
63.18,1.08,-0.17376,0,0,0,63.18,-1.08,-0.17376,0,0,0
63.31,1.08,-0.17273,0,0,0,63.31,-1.08,-0.17273,0,0,0
63.44,1.08,-0.17161,0,0,0,63.44,-1.08,-0.17161,0,0,0
63.569,1.08,-0.17074,0,0,0,63.569,-1.08,-0.17074,0,0,0
63.699,1.08,-0.17001,0,0,0,63.699,-1.08,-0.17001,0,0,0