-0.0042946,1.08,-0.0024535,0,0.098343,0,-0.0042946,-1.08,-0.0024535,0,0.098343,0
-0.00094023,1.08,-0.0131,0,0.096727,0,-0.00094023,-1.08,-0.0131,0,0.096727,0
0.0044476,1.08,-0.027787,0,0.095369,0,0.0044476,-1.08,-0.027787,0,0.095369,0
0.0084948,1.08,-0.049293,0,0.095836,0,0.0084948,-1.08,-0.049293,0,0.095836,0
0.013083,1.08,-0.077129,0,0.096412,0,0.013083,-1.08,-0.077129,0,0.096412,0
0.017823,1.08,-0.10847,0,0.096741,0,0.017823,-1.08,-0.10847,0,0.096741,0
0.021611,1.08,-0.14257,0,0.096747,0,0.021611,-1.08,-0.14257,0,0.096747,0
0.025355,1.08,-0.17576,0,0.096582,0,0.025355,-1.08,-0.17576,0,0.096582,0
0.029638,1.08,-0.20499,0,0.09583,0,0.029638,-1.08,-0.20499,0,0.09583,0
0.035066,1.08,-0.22902,0,0.094914,0,0.035066,-1.08,-0.22902,0,0.094914,0
0.041678,1.08,-0.24643,0,0.094115,0,0.041678,-1.08,-0.24643,0,0.094115,0
0.05,1.08,-0.25687,0,0.094065,0,0.05,-1.08,-0.25687,0,0.094065,0
0.059534,1.08,-0.26082,0,0.094351,0,0.059534,-1.08,-0.26082,0,0.094351,0
0.069426,1.08,-0.25954,0,0.095514,0,0.069426,-1.08,-0.25954,0,0.095514,0
0.079305,1.08,-0.25382,0,0.097164,0,0.079305,-1.08,-0.25382,0,0.097164,0
0.088641,1.08,-0.24577,0,0.099549,0,0.088641,-1.08,-0.24577,0,0.099549,0
0.096315,1.08,-0.23725,0,0.10247,0,0.096315,-1.08,-0.23725,0,0.10247,0
0.10153,1.08,-0.22979,0,0.10585,0,0.10153,-1.08,-0.22979,0,0.10585,0
0.10357,1.08,-0.22464,0,0.10934,0,0.10357,-1.08,-0.22464,0,0.10934,0
0.10264,1.08,-0.22183,0,0.11288,0,0.10264,-1.08,-0.22183,0,0.11288,0
0.099141,1.08,-0.22147,0,0.11589,0,0.099141,-1.08,-0.22147,0,0.11589,0
0.093865,1.08,-0.22215,0,0.11848,0,0.093865,-1.08,-0.22215,0,0.11848,0
0.087474,1.08,-0.22313,0,0.12032,0,0.087474,-1.08,-0.22313,0,0.12032,0
0.080669,1.08,-0.22344,0,0.12168,0,0.080669,-1.08,-0.22344,0,0.12168,0
0.074595,1.08,-0.22198,0,0.12271,0,0.074595,-1.08,-0.22198,0,0.12271,0
0.069523,1.08,-0.21824,0,0.12331,0,0.069523,-1.08,-0.21824,0,0.12331,0
0.065115,1.08,-0.21225,0,0.12357,0,0.065115,-1.08,-0.21225,0,0.12357,0
0.061278,1.08,-0.20396,0,0.12376,0,0.061278,-1.08,-0.20396,0,0.12376,0
0.057722,1.08,-0.19447,0,0.12403,0,0.057722,-1.08,-0.19447,0,0.12403,0
0.054329,1.08,-0.18431,0,0.12444,0,0.054329,-1.08,-0.18431,0,0.12444,0
0.050774,1.08,-0.17382,0,0.12474,0,0.050774,-1.08,-0.17382,0,0.12474,0
0.046637,1.08,-0.1633,0,0.12505,0,0.046637,-1.08,-0.1633,0,0.12505,0
0.042122,1.08,-0.15324,0,0.12514,0,0.042122,-1.08,-0.15324,0,0.12514,0
0.037599,1.08,-0.14389,0,0.12512,0,0.037599,-1.08,-0.14389,0,0.12512,0
0.033284,1.08,-0.13572,0,0.12473,0,0.033284,-1.08,-0.13572,0,0.12473,0
0.029417,1.08,-0.12886,0,0.12422,0,0.029417,-1.08,-0.12886,0,0.12422,0
0.026637,1.08,-0.12306,0,0.12347,0,0.026637,-1.08,-0.12306,0,0.12347,0
0.025119,1.08,-0.11849,0,0.12265,0,0.025119,-1.08,-0.11849,0,0.12265,0
0.024966,1.08,-0.11512,0,0.12176,0,0.024966,-1.08,-0.11512,0,0.12176,0
0.026021,1.08,-0.11318,0,0.12107,0,0.026021,-1.08,-0.11318,0,0.12107,0
0.028313,1.08,-0.11258,0,0.1206,0,0.028313,-1.08,-0.11258,0,0.1206,0
0.031439,1.08,-0.11357,0,0.1204,0,0.031439,-1.08,-0.11357,0,0.1204,0
0.034904,1.08,-0.11646,0,0.12045,0,0.034904,-1.08,-0.11646,0,0.12045,0
0.038361,1.08,-0.12116,0,0.12077,0,0.038361,-1.08,-0.12116,0,0.12077,0
0.041675,1.08,-0.1276,0,0.12127,0,0.041675,-1.08,-0.1276,0,0.12127,0
0.044571,1.08,-0.1355,0,0.12182,0,0.044571,-1.08,-0.1355,0,0.12182,0
0.047,1.08,-0.14438,0,0.12239,0,0.047,-1.08,-0.14438,0,0.12239,0
0.049072,1.08,-0.15374,0,0.12293,0,0.049072,-1.08,-0.15374,0,0.12293,0
0.050956,1.08,-0.16301,0,0.12338,0,0.050956,-1.08,-0.16301,0,0.12338,0
0.052728,1.08,-0.1716,0,0.12374,0,0.052728,-1.08,-0.1716,0,0.12374,0
0.054575,1.08,-0.17887,0,0.12404,0,0.054575,-1.08,-0.17887,0,0.12404,0
0.056598,1.08,-0.18443,0,0.12434,0,0.056598,-1.08,-0.18443,0,0.12434,0
0.058828,1.08,-0.18816,0,0.1247,0,0.058828,-1.08,-0.18816,0,0.1247,0
0.061143,1.08,-0.19006,0,0.12515,0,0.061143,-1.08,-0.19006,0,0.12515,0
0.063547,1.08,-0.19008,0,0.12574,0,0.063547,-1.08,-0.19008,0,0.12574,0
0.065972,1.08,-0.1885,0,0.12651,0,0.065972,-1.08,-0.1885,0,0.12651,0
0.068216,1.08,-0.18573,0,0.1275,0,0.068216,-1.08,-0.18573,0,0.1275,0
0.070105,1.08,-0.18228,0,0.12871,0,0.070105,-1.08,-0.18228,0,0.12871,0
0.071322,1.08,-0.17864,0,0.13009,0,0.071322,-1.08,-0.17864,0,0.13009,0
0.071675,1.08,-0.17527,0,0.13155,0,0.071675,-1.08,-0.17527,0,0.13155,0
0.071036,1.08,-0.17239,0,0.13301,0,0.071036,-1.08,-0.17239,0,0.13301,0
0.069553,1.08,-0.17005,0,0.13441,0,0.069553,-1.08,-0.17005,0,0.13441,0
0.067354,1.08,-0.16821,0,0.13559,0,0.067354,-1.08,-0.16821,0,0.13559,0
0.064612,1.08,-0.1667,0,0.13655,0,0.064612,-1.08,-0.1667,0,0.13655,0
0.061635,1.08,-0.1652,0,0.13729,0,0.061635,-1.08,-0.1652,0,0.13729,0
0.058605,1.08,-0.16354,0,0.13779,0,0.058605,-1.08,-0.16354,0,0.13779,0
0.055696,1.08,-0.16169,0,0.13808,0,0.055696,-1.08,-0.16169,0,0.13808,0
0.053126,1.08,-0.15951,0,0.13822,0,0.053126,-1.08,-0.15951,0,0.13822,0
0.051032,1.08,-0.15698,0,0.13823,0,0.051032,-1.08,-0.15698,0,0.13823,0
0.049318,1.08,-0.15428,0,0.13816,0,0.049318,-1.08,-0.15428,0,0.13816,0
0.048002,1.08,-0.15151,0,0.13807,0,0.048002,-1.08,-0.15151,0,0.13807,0
0.047105,1.08,-0.14881,0,0.13799,0,0.047105,-1.08,-0.14881,0,0.13799,0
0.046563,1.08,-0.14641,0,0.13791,0,0.046563,-1.08,-0.14641,0,0.13791,0
0.046287,1.08,-0.14448,0,0.13786,0,0.046287,-1.08,-0.14448,0,0.13786,0
0.046278,1.08,-0.14312,0,0.13787,0,0.046278,-1.08,-0.14312,0,0.13787,0
0.046508,1.08,-0.14239,0,0.13791,0,0.046508,-1.08,-0.14239,0,0.13791,0
0.046911,1.08,-0.14236,0,0.13797,0,0.046911,-1.08,-0.14236,0,0.13797,0
0.04746,1.08,-0.14306,0,0.13806,0,0.04746,-1.08,-0.14306,0,0.13806,0
0.048186,1.08,-0.14442,0,0.13818,0,0.048186,-1.08,-0.14442,0,0.13818,0
0.049089,1.08,-0.14632,0,0.13831,0,0.049089,-1.08,-0.14632,0,0.13831,0
0.050139,1.08,-0.14864,0,0.13846,0,0.050139,-1.08,-0.14864,0,0.13846,0
0.05134,1.08,-0.15121,0,0.13864,0,0.05134,-1.08,-0.15121,0,0.13864,0
0.052696,1.08,-0.1539,0,0.13886,0,0.052696,-1.08,-0.1539,0,0.13886,0
0.054148,1.08,-0.15664,0,0.13912,0,0.054148,-1.08,-0.15664,0,0.13912,0
0.05561,1.08,-0.15935,0,0.13944,0,0.05561,-1.08,-0.15935,0,0.13944,0
0.057033,1.08,-0.16194,0,0.13982,0,0.057033,-1.08,-0.16194,0,0.13982,0
0.058354,1.08,-0.1643,0,0.14025,0,0.058354,-1.08,-0.1643,0,0.14025,0
0.059489,1.08,-0.16639,0,0.14073,0,0.059489,-1.08,-0.16639,0,0.14073,0
0.060486,1.08,-0.16803,0,0.14123,0,0.060486,-1.08,-0.16803,0,0.14123,0
0.061506,1.08,-0.16908,0,0.14177,0,0.061506,-1.08,-0.16908,0,0.14177,0
0.062452,1.08,-0.16961,0,0.14235,0,0.062452,-1.08,-0.16961,0,0.14235,0
0.063275,1.08,-0.16964,0,0.143,0,0.063275,-1.08,-0.16964,0,0.143,0
0.063952,1.08,-0.16921,0,0.14369,0,0.063952,-1.08,-0.16921,0,0.14369,0
0.064396,1.08,-0.1685,0,0.14442,0,0.064396,-1.08,-0.1685,0,0.14442,0
0.064535,1.08,-0.16763,0,0.14516,0,0.064535,-1.08,-0.16763,0,0.14516,0
0.064384,1.08,-0.16664,0,0.14591,0,0.064384,-1.08,-0.16664,0,0.14591,0
0.063969,1.08,-0.16554,0,0.14663,0,0.063969,-1.08,-0.16554,0,0.14663,0
0.063299,1.08,-0.16444,0,0.14731,0,0.063299,-1.08,-0.16444,0,0.14731,0
0.062426,1.08,-0.16336,0,0.14792,0,0.062426,-1.08,-0.16336,0,0.14792,0
0.061454,1.08,-0.16224,0,0.14847,0,0.061454,-1.08,-0.16224,0,0.14847,0
0.060463,1.08,-0.16106,0,0.14894,0,0.060463,-1.08,-0.16106,0,0.14894,0
0.059502,1.08,-0.15982,0,0.14934,0,0.059502,-1.08,-0.15982,0,0.14934,0
0.058648,1.08,-0.15852,0,0.14969,0,0.058648,-1.08,-0.15852,0,0.14969,0
0.057966,1.08,-0.15719,0,0.15001,0,0.057966,-1.08,-0.15719,0,0.15001,0
0.057452,1.08,-0.1559,0,0.1503,0,0.057452,-1.08,-0.1559,0,0.1503,0
0.057105,1.08,-0.1547,0,0.15058,0,0.057105,-1.08,-0.1547,0,0.15058,0
0.056933,1.08,-0.15364,0,0.15087,0,0.056933,-1.08,-0.15364,0,0.15087,0
0.05691,1.08,-0.15277,0,0.15117,0,0.05691,-1.08,-0.15277,0,0.15117,0
0.056994,1.08,-0.15217,0,0.15149,0,0.056994,-1.08,-0.15217,0,0.15149,0
0.057161,1.08,-0.15191,0,0.15182,0,0.057161,-1.08,-0.15191,0,0.15182,0
0.057409,1.08,-0.15201,0,0.15218,0,0.057409,-1.08,-0.15201,0,0.15218,0
0.05772,1.08,-0.15242,0,0.15253,0,0.05772,-1.08,-0.15242,0,0.15253,0
0.058085,1.08,-0.15312,0,0.15289,0,0.058085,-1.08,-0.15312,0,0.15289,0
0.058513,1.08,-0.15403,0,0.15326,0,0.058513,-1.08,-0.15403,0,0.15326,0
0.05902,1.08,-0.15509,0,0.15364,0,0.05902,-1.08,-0.15509,0,0.15364,0
0.059595,1.08,-0.15625,0,0.15402,0,0.059595,-1.08,-0.15625,0,0.15402,0
0.06022,1.08,-0.15748,0,0.15441,0,0.06022,-1.08,-0.15748,0,0.15441,0
0.060899,1.08,-0.15866,0,0.15483,0,0.060899,-1.08,-0.15866,0,0.15483,0
0.061613,1.08,-0.15976,0,0.15526,0,0.061613,-1.08,-0.15976,0,0.15526,0
0.062319,1.08,-0.16074,0,0.15572,0,0.062319,-1.08,-0.16074,0,0.15572,0
0.062998,1.08,-0.16158,0,0.15621,0,0.062998,-1.08,-0.16158,0,0.15621,0
0.06363,1.08,-0.16228,0,0.15672,0,0.06363,-1.08,-0.16228,0,0.15672,0
0.064179,1.08,-0.16284,0,0.15726,0,0.064179,-1.08,-0.16284,0,0.15726,0
0.06461,1.08,-0.16326,0,0.15781,0,0.06461,-1.08,-0.16326,0,0.15781,0
0.064916,1.08,-0.1635,0,0.15838,0,0.064916,-1.08,-0.1635,0,0.15838,0
0.065094,1.08,-0.16359,0,0.15894,0,0.065094,-1.08,-0.16359,0,0.15894,0
0.065134,1.08,-0.16353,0,0.1595,0,0.065134,-1.08,-0.16353,0,0.1595,0
0.065043,1.08,-0.16334,0,0.16005,0,0.065043,-1.08,-0.16334,0,0.16005,0
0.064852,1.08,-0.16302,0,0.16058,0,0.064852,-1.08,-0.16302,0,0.16058,0
0.064583,1.08,-0.16254,0,0.16108,0,0.064583,-1.08,-0.16254,0,0.16108,0
0.064254,1.08,-0.16193,0,0.16156,0,0.064254,-1.08,-0.16193,0,0.16156,0
0.063894,1.08,-0.16122,0,0.16201,0,0.063894,-1.08,-0.16122,0,0.16201,0
0.063532,1.08,-0.16042,0,0.16244,0,0.063532,-1.08,-0.16042,0,0.16244,0
0.063181,1.08,-0.15958,0,0.16285,0,0.063181,-1.08,-0.15958,0,0.16285,0
0.062852,1.08,-0.15871,0,0.16324,0,0.062852,-1.08,-0.15871,0,0.16324,0
0.062561,1.08,-0.15786,0,0.16362,0,0.062561,-1.08,-0.15786,0,0.16362,0
0.062314,1.08,-0.15706,0,0.16399,0,0.062314,-1.08,-0.15706,0,0.16399,0
0.062111,1.08,-0.15635,0,0.16435,0,0.062111,-1.08,-0.15635,0,0.16435,0
0.061956,1.08,-0.15578,0,0.1647,0,0.061956,-1.08,-0.15578,0,0.1647,0
0.061855,1.08,-0.15536,0,0.16505,0,0.061855,-1.08,-0.15536,0,0.16505,0
0.061812,1.08,-0.15509,0,0.16539,0,0.061812,-1.08,-0.15509,0,0.16539,0
0.061824,1.08,-0.15497,0,0.16573,0,0.061824,-1.08,-0.15497,0,0.16573,0
0.061897,1.08,-0.15501,0,0.16607,0,0.061897,-1.08,-0.15501,0,0.16607,0
0.062035,1.08,-0.15518,0,0.16641,0,0.062035,-1.08,-0.15518,0,0.16641,0
0.062237,1.08,-0.15547,0,0.16675,0,0.062237,-1.08,-0.15547,0,0.16675,0
0.062497,1.08,-0.15587,0,0.1671,0,0.062497,-1.08,-0.15587,0,0.1671,0
0.062815,1.08,-0.15634,0,0.16745,0,0.062815,-1.08,-0.15634,0,0.16745,0
0.063182,1.08,-0.15684,0,0.16781,0,0.063182,-1.08,-0.15684,0,0.16781,0
0.063586,1.08,-0.15737,0,0.16819,0,0.063586,-1.08,-0.15737,0,0.16819,0
0.064013,1.08,-0.15791,0,0.16857,0,0.064013,-1.08,-0.15791,0,0.16857,0
0.064453,1.08,-0.15843,0,0.16916,0,0.064453,-1.08,-0.15843,0,0.16916,0
0.064909,1.08,-0.15884,0,0.17243,0,0.064909,-1.08,-0.15884,0,0.17243,0
0.065403,1.08,-0.15904,0,0.1792,0,0.065403,-1.08,-0.15904,0,0.1792,0
0.066057,1.08,-0.15889,0,0.18942,0,0.066057,-1.08,-0.15889,0,0.18942,0
0.067076,1.08,-0.1582,0,0.20304,0,0.067076,-1.08,-0.1582,0,0.20304,0
0.068633,1.08,-0.15681,0,0.22003,0,0.068633,-1.08,-0.15681,0,0.22003,0
0.070879,1.08,-0.15461,0,0.24042,0,0.070879,-1.08,-0.15461,0,0.24042,0
0.073977,1.08,-0.15163,0,0.2643,0,0.073977,-1.08,-0.15163,0,0.2643,0
0.078042,1.08,-0.14793,0,0.29168,0,0.078042,-1.08,-0.14793,0,0.29168,0
0.083108,1.08,-0.1437,0,0.32258,0,0.083108,-1.08,-0.1437,0,0.32258,0
0.089109,1.08,-0.13922,0,0.35704,0,0.089109,-1.08,-0.13922,0,0.35704,0
0.095847,1.08,-0.1349,0,0.39508,0,0.095847,-1.08,-0.1349,0,0.39508,0
0.10317,1.08,-0.13115,0,0.43672,0,0.10317,-1.08,-0.13115,0,0.43672,0
0.11098,1.08,-0.12833,0,0.48185,0,0.11098,-1.08,-0.12833,0,0.48185,0
0.11953,1.08,-0.1266,0,0.53044,0,0.11953,-1.08,-0.1266,0,0.53044,0
0.12918,1.08,-0.12583,0,0.58239,0,0.12918,-1.08,-0.12583,0,0.58239,0
0.14013,1.08,-0.12567,0,0.63763,0,0.14013,-1.08,-0.12567,0,0.63763,0
0.15306,1.08,-0.1252,0,0.69612,0,0.15306,-1.08,-0.1252,0,0.69612,0
0.16818,1.08,-0.12392,0,0.75808,0,0.16818,-1.08,-0.12392,0,0.75808,0
0.18534,1.08,-0.12191,0,0.82388,0,0.18534,-1.08,-0.12191,0,0.82388,0
0.20369,1.08,-0.11989,0,0.89378,0,0.20369,-1.08,-0.11989,0,0.89378,0
0.22305,1.08,-0.11842,0,0.96739,0,0.22305,-1.08,-0.11842,0,0.96739,0
0.24308,1.08,-0.11793,0,1.0448,0,0.24308,-1.08,-0.11793,0,1.0448,0
0.26325,1.08,-0.1194,0,1.1262,0,0.26325,-1.08,-0.1194,0,1.1262,0
0.28348,1.08,-0.12321,0,1.2112,0,0.28348,-1.08,-0.12321,0,1.2112,0
0.30416,1.08,-0.12863,0,1.2995,0,0.30416,-1.08,-0.12863,0,1.2995,0
0.32576,1.08,-0.13415,0,1.3909,0,0.32576,-1.08,-0.13415,0,1.3909,0
0.34878,1.08,-0.1387,0,1.4857,0,0.34878,-1.08,-0.1387,0,1.4857,0
0.37335,1.08,-0.1419,0,1.5842,0,0.37335,-1.08,-0.1419,0,1.5842,0
0.3995,1.08,-0.14384,0,1.6862,0,0.3995,-1.08,-0.14384,0,1.6862,0
0.4263,1.08,-0.14556,0,1.7922,0,0.4263,-1.08,-0.14556,0,1.7922,0
0.4541,1.08,-0.1473,0,1.9021,0,0.4541,-1.08,-0.1473,0,1.9021,0
0.48265,1.08,-0.14889,0,2.0154,0,0.48265,-1.08,-0.14889,0,2.0154,0
0.51188,1.08,-0.14969,0,2.1322,0,0.51188,-1.08,-0.14969,0,2.1322,0
0.5423,1.08,-0.14919,0,2.2528,0,0.5423,-1.08,-0.14919,0,2.2528,0
0.57319,1.08,-0.1487,0,2.3773,0,0.57319,-1.08,-0.1487,0,2.3773,0
0.60388,1.08,-0.14905,0,2.5055,0,0.60388,-1.08,-0.14905,0,2.5055,0
0.6346,1.08,-0.15007,0,2.6371,0,0.6346,-1.08,-0.15007,0,2.6371,0
0.66601,1.08,-0.15067,0,2.7721,0,0.66601,-1.08,-0.15067,0,2.7721,0
0.69852,1.08,-0.15018,0,2.9106,0,0.69852,-1.08,-0.15018,0,2.9106,0
0.73137,1.08,-0.14979,0,3.0527,0,0.73137,-1.08,-0.14979,0,3.0527,0
0.76455,1.08,-0.14962,0,3.1985,0,0.76455,-1.08,-0.14962,0,3.1985,0
0.79842,1.08,-0.14914,0,3.3474,0,0.79842,-1.08,-0.14914,0,3.3474,0
0.83381,1.08,-0.14718,0,3.4999,0,0.83381,-1.08,-0.14718,0,3.4999,0
0.87012,1.08,-0.14481,0,3.6561,0,0.87012,-1.08,-0.14481,0,3.6561,0
0.90708,1.08,-0.14292,0,3.8159,0,0.90708,-1.08,-0.14292,0,3.8159,0
0.94465,1.08,-0.14102,0,3.979,0,0.94465,-1.08,-0.14102,0,3.979,0
0.98368,1.08,-0.13809,0,4.1459,0,0.98368,-1.08,-0.13809,0,4.1459,0
1.0237,1.08,-0.13508,0,4.3164,0,1.0237,-1.08,-0.13508,0,4.3164,0
1.064,1.08,-0.13341,0,4.4905,0,1.064,-1.08,-0.13341,0,4.4905,0
1.1048,1.08,-0.13196,0,4.6679,0,1.1048,-1.08,-0.13196,0,4.6679,0
1.1473,1.08,-0.12976,0,4.8492,0,1.1473,-1.08,-0.12976,0,4.8492,0
1.1904,1.08,-0.12857,0,5.034,0,1.1904,-1.08,-0.12857,0,5.034,0
1.2338,1.08,-0.12883,0,5.2218,0,1.2338,-1.08,-0.12883,0,5.2218,0
1.2783,1.08,-0.12845,0,5.4136,0,1.2783,-1.08,-0.12845,0,5.4136,0
1.3249,1.08,-0.12741,0,5.609,0,1.3249,-1.08,-0.12741,0,5.609,0
1.3722,1.08,-0.12775,0,5.8075,0,1.3722,-1.08,-0.12775,0,5.8075,0
1.4197,1.08,-0.12807,0,6.0098,0,1.4197,-1.08,-0.12807,0,6.0098,0
1.4693,1.08,-0.1276,0,6.2161,0,1.4693,-1.08,-0.1276,0,6.2161,0
1.5202,1.08,-0.12794,0,6.4257,0,1.5202,-1.08,-0.12794,0,6.4257,0
1.5712,1.08,-0.1286,0,6.6386,0,1.5712,-1.08,-0.1286,0,6.6386,0
1.6234,1.08,-0.12936,0,6.8558,0,1.6234,-1.08,-0.12936,0,6.8558,0
1.677,1.08,-0.13095,0,7.0764,0,1.677,-1.08,-0.13095,0,7.0764,0
1.7308,1.08,-0.13232,0,7.3002,0,1.7308,-1.08,-0.13232,0,7.3002,0
1.7855,1.08,-0.13393,0,7.5282,0,1.7855,-1.08,-0.13393,0,7.5282,0
1.8411,1.08,-0.13627,0,7.7594,0,1.8411,-1.08,-0.13627,0,7.7594,0
1.8976,1.08,-0.13779,0,7.9942,0,1.8976,-1.08,-0.13779,0,7.9942,0
1.955,1.08,-0.13941,0,8.2328,0,1.955,-1.08,-0.13941,0,8.2328,0
2.0131,1.08,-0.14114,0,8.4747,0,2.0131,-1.08,-0.14114,0,8.4747,0
2.0722,1.08,-0.142,0,8.7205,0,2.0722,-1.08,-0.142,0,8.7205,0
2.1322,1.08,-0.14322,0,8.9697,0,2.1322,-1.08,-0.14322,0,8.9697,0
2.1926,1.08,-0.14375,0,9.2224,0,2.1926,-1.08,-0.14375,0,9.2224,0
2.2541,1.08,-0.14403,0,9.4791,0,2.2541,-1.08,-0.14403,0,9.4791,0
2.3162,1.08,-0.14428,0,9.739,0,2.3162,-1.08,-0.14428,0,9.739,0
2.379,1.08,-0.1438,0,10.003,0,2.379,-1.08,-0.1438,0,10.003,0
2.4425,1.08,-0.14383,0,10.27,0,2.4425,-1.08,-0.14383,0,10.27,0
2.5065,1.08,-0.14329,0,10.541,0,2.5065,-1.08,-0.14329,0,10.541,0
2.5714,1.08,-0.14294,0,10.815,0,2.5714,-1.08,-0.14294,0,10.815,0
2.6367,1.08,-0.14217,0,11.093,0,2.6367,-1.08,-0.14217,0,11.093,0
2.7032,1.08,-0.14119,0,11.375,0,2.7032,-1.08,-0.14119,0,11.375,0
2.7703,1.08,-0.14035,0,11.659,0,2.7703,-1.08,-0.14035,0,11.659,0
2.8382,1.08,-0.13895,0,11.948,0,2.8382,-1.08,-0.13895,0,11.948,0
2.9069,1.08,-0.13817,0,12.24,0,2.9069,-1.08,-0.13817,0,12.24,0
2.9762,1.08,-0.13673,0,12.536,0,2.9762,-1.08,-0.13673,0,12.536,0
3.0467,1.08,-0.13604,0,12.835,0,3.0467,-1.08,-0.13604,0,12.835,0
3.1177,1.08,-0.13467,0,13.138,0,3.1177,-1.08,-0.13467,0,13.138,0
3.1901,1.08,-0.13385,0,13.444,0,3.1901,-1.08,-0.13385,0,13.444,0
3.2629,1.08,-0.13264,0,13.754,0,3.2629,-1.08,-0.13264,0,13.754,0
3.337,1.08,-0.13205,0,14.067,0,3.337,-1.08,-0.13205,0,14.067,0
3.4116,1.08,-0.13133,0,14.384,0,3.4116,-1.08,-0.13133,0,14.384,0
3.4875,1.08,-0.13106,0,14.704,0,3.4875,-1.08,-0.13106,0,14.704,0
3.564,1.08,-0.13076,0,15.028,0,3.564,-1.08,-0.13076,0,15.028,0
3.6418,1.08,-0.1308,0,15.356,0,3.6418,-1.08,-0.1308,0,15.356,0
3.7202,1.08,-0.13076,0,15.687,0,3.7202,-1.08,-0.13076,0,15.687,0
3.8,1.08,-0.13088,0,16.022,0,3.8,-1.08,-0.13088,0,16.022,0
3.8806,1.08,-0.1309,0,16.36,0,3.8806,-1.08,-0.1309,0,16.36,0
3.9621,1.08,-0.13139,0,16.702,0,3.9621,-1.08,-0.13139,0,16.702,0
4.0446,1.08,-0.13187,0,17.047,0,4.0446,-1.08,-0.13187,0,17.047,0
4.1277,1.08,-0.1328,0,17.396,0,4.1277,-1.08,-0.1328,0,17.396,0
4.2123,1.08,-0.13368,0,17.749,0,4.2123,-1.08,-0.13368,0,17.749,0
4.2972,1.08,-0.13501,0,18.105,0,4.2972,-1.08,-0.13501,0,18.105,0
4.3834,1.08,-0.13618,0,18.465,0,4.3834,-1.08,-0.13618,0,18.465,0
4.4702,1.08,-0.13735,0,18.828,0,4.4702,-1.08,-0.13735,0,18.828,0
4.558,1.08,-0.13838,0,19.195,0,4.558,-1.08,-0.13838,0,19.195,0
4.6466,1.08,-0.13917,0,19.566,0,4.6466,-1.08,-0.13917,0,19.566,0
4.7358,1.08,-0.14048,0,19.939,0,4.7358,-1.08,-0.14048,0,19.939,0
4.8265,1.08,-0.1413,0,20.317,0,4.8265,-1.08,-0.1413,0,20.317,0
4.9177,1.08,-0.14272,0,20.698,0,4.9177,-1.08,-0.14272,0,20.698,0
5.0099,1.08,-0.14338,0,21.083,0,5.0099,-1.08,-0.14338,0,21.083,0
5.1025,1.08,-0.14385,0,21.472,0,5.1025,-1.08,-0.14385,0,21.472,0
5.1955,1.08,-0.14449,0,21.864,0,5.1955,-1.08,-0.14449,0,21.864,0
5.29,1.08,-0.14447,0,22.259,0,5.29,-1.08,-0.14447,0,22.259,0
5.3851,1.08,-0.14498,0,22.659,0,5.3851,-1.08,-0.14498,0,22.659,0
5.4812,1.08,-0.14464,0,23.061,0,5.4812,-1.08,-0.14464,0,23.061,0
5.5778,1.08,-0.1444,0,23.468,0,5.5778,-1.08,-0.1444,0,23.468,0
5.6747,1.08,-0.14433,0,23.878,0,5.6747,-1.08,-0.14433,0,23.878,0
5.7736,1.08,-0.14321,0,24.292,0,5.7736,-1.08,-0.14321,0,24.292,0
5.8728,1.08,-0.1424,0,24.709,0,5.8728,-1.08,-0.1424,0,24.709,0
5.9723,1.08,-0.14134,0,25.13,0,5.9723,-1.08,-0.14134,0,25.13,0
6.0733,1.08,-0.13987,0,25.554,0,6.0733,-1.08,-0.13987,0,25.554,0
6.175,1.08,-0.13893,0,25.982,0,6.175,-1.08,-0.13893,0,25.982,0
6.2768,1.08,-0.13816,0,26.414,0,6.2768,-1.08,-0.13816,0,26.414,0
6.3801,1.08,-0.13695,0,26.849,0,6.3801,-1.08,-0.13695,0,26.849,0
6.4839,1.08,-0.13618,0,27.288,0,6.4839,-1.08,-0.13618,0,27.288,0
6.5882,1.08,-0.13553,0,27.73,0,6.5882,-1.08,-0.13553,0,27.73,0
6.6938,1.08,-0.13463,0,28.176,0,6.6938,-1.08,-0.13463,0,28.176,0
6.7999,1.08,-0.13415,0,28.626,0,6.7999,-1.08,-0.13415,0,28.626,0
6.9072,1.08,-0.13369,0,29.078,0,6.9072,-1.08,-0.13369,0,29.078,0
7.0149,1.08,-0.13328,0,29.535,0,7.0149,-1.08,-0.13328,0,29.535,0
7.1242,1.08,-0.1325,0,29.995,0,7.1242,-1.08,-0.1325,0,29.995,0
7.2342,1.08,-0.13186,0,30.459,0,7.2342,-1.08,-0.13186,0,30.459,0
7.3453,1.08,-0.13117,0,30.926,0,7.3453,-1.08,-0.13117,0,30.926,0
7.4574,1.08,-0.13049,0,31.397,0,7.4574,-1.08,-0.13049,0,31.397,0
7.5705,1.08,-0.1298,0,31.871,0,7.5705,-1.08,-0.1298,0,31.871,0
7.6844,1.08,-0.12956,0,32.349,0,7.6844,-1.08,-0.12956,0,32.349,0
7.7993,1.08,-0.1295,0,32.831,0,7.7993,-1.08,-0.1295,0,32.831,0
7.9149,1.08,-0.12964,0,33.316,0,7.9149,-1.08,-0.12964,0,33.316,0
8.0318,1.08,-0.12959,0,33.805,0,8.0318,-1.08,-0.12959,0,33.805,0
8.1492,1.08,-0.13,0,34.297,0,8.1492,-1.08,-0.13,0,34.297,0
8.2677,1.08,-0.13047,0,34.793,0,8.2677,-1.08,-0.13047,0,34.793,0
8.3867,1.08,-0.13121,0,35.293,0,8.3867,-1.08,-0.13121,0,35.293,0
8.5072,1.08,-0.13199,0,35.796,0,8.5072,-1.08,-0.13199,0,35.796,0
8.6284,1.08,-0.13256,0,36.302,0,8.6284,-1.08,-0.13256,0,36.302,0
8.7503,1.08,-0.1334,0,36.813,0,8.7503,-1.08,-0.1334,0,36.813,0
8.8733,1.08,-0.13396,0,37.327,0,8.8733,-1.08,-0.13396,0,37.327,0
8.997,1.08,-0.1344,0,37.844,0,8.997,-1.08,-0.1344,0,37.844,0
9.1216,1.08,-0.13481,0,38.365,0,9.1216,-1.08,-0.13481,0,38.365,0
9.2474,1.08,-0.13497,0,38.89,0,9.2474,-1.08,-0.13497,0,38.89,0
9.3736,1.08,-0.13541,0,39.418,0,9.3736,-1.08,-0.13541,0,39.418,0
9.5006,1.08,-0.13581,0,39.95,0,9.5006,-1.08,-0.13581,0,39.95,0
9.6286,1.08,-0.13595,0,40.485,0,9.6286,-1.08,-0.13595,0,40.485,0
9.7573,1.08,-0.13601,0,41.024,0,9.7573,-1.08,-0.13601,0,41.024,0
9.8865,1.08,-0.13614,0,41.562,0,9.8865,-1.08,-0.13614,0,41.562,0
10.017,1.08,-0.13642,0,42.1,0,10.017,-1.08,-0.13642,0,42.1,0
10.148,1.08,-0.13696,0,42.639,0,10.148,-1.08,-0.13696,0,42.639,0
10.279,1.08,-0.1383,0,43.178,0,10.279,-1.08,-0.1383,0,43.178,0
10.41,1.08,-0.14017,0,43.717,0,10.41,-1.08,-0.14017,0,43.717,0
10.541,1.08,-0.14248,0,44.256,0,10.541,-1.08,-0.14248,0,44.256,0
10.672,1.08,-0.14532,0,44.795,0,10.672,-1.08,-0.14532,0,44.795,0
10.803,1.08,-0.14874,0,45.334,0,10.803,-1.08,-0.14874,0,45.334,0
10.934,1.08,-0.15271,0,45.873,0,10.934,-1.08,-0.15271,0,45.873,0
11.065,1.08,-0.15668,0,46.412,0,11.065,-1.08,-0.15668,0,46.412,0
11.196,1.08,-0.16068,0,46.952,0,11.196,-1.08,-0.16068,0,46.952,0
11.326,1.08,-0.16444,0,47.491,0,11.326,-1.08,-0.16444,0,47.491,0
11.457,1.08,-0.16763,0,48.03,0,11.457,-1.08,-0.16763,0,48.03,0
11.588,1.08,-0.17026,0,48.57,0,11.588,-1.08,-0.17026,0,48.57,0
11.718,1.08,-0.17235,0,49.109,0,11.718,-1.08,-0.17235,0,49.109,0
11.848,1.08,-0.174,0,49.648,0,11.848,-1.08,-0.174,0,49.648,0
11.979,1.08,-0.17479,0,50.188,0,11.979,-1.08,-0.17479,0,50.188,0
12.108,1.08,-0.17485,0,50.727,0,12.108,-1.08,-0.17485,0,50.727,0
12.238,1.08,-0.1746,0,51.267,0,12.238,-1.08,-0.1746,0,51.267,0
12.367,1.08,-0.17402,0,51.807,0,12.367,-1.08,-0.17402,0,51.807,0
12.497,1.08,-0.17302,0,52.346,0,12.497,-1.08,-0.17302,0,52.346,0
12.625,1.08,-0.17162,0,52.886,0,12.625,-1.08,-0.17162,0,52.886,0
12.753,1.08,-0.17001,0,53.425,0,12.753,-1.08,-0.17001,0,53.425,0
12.882,1.08,-0.16824,0,53.965,0,12.882,-1.08,-0.16824,0,53.965,0
13.009,1.08,-0.16641,0,54.504,0,13.009,-1.08,-0.16641,0,54.504,0
13.137,1.08,-0.16467,0,55.043,0,13.137,-1.08,-0.16467,0,55.043,0
13.264,1.08,-0.16257,0,55.583,0,13.264,-1.08,-0.16257,0,55.583,0
13.392,1.08,-0.16024,0,56.122,0,13.392,-1.08,-0.16024,0,56.122,0
13.519,1.08,-0.1579,0,56.661,0,13.519,-1.08,-0.1579,0,56.661,0
13.647,1.08,-0.15583,0,57.2,0,13.647,-1.08,-0.15583,0,57.2,0
13.775,1.08,-0.15377,0,57.739,0,13.775,-1.08,-0.15377,0,57.739,0
13.902,1.08,-0.15171,0,58.278,0,13.902,-1.08,-0.15171,0,58.278,0
14.03,1.08,-0.14973,0,58.817,0,14.03,-1.08,-0.14973,0,58.817,0
14.158,1.08,-0.14782,0,59.356,0,14.158,-1.08,-0.14782,0,59.356,0
14.287,1.08,-0.1462,0,59.895,0,14.287,-1.08,-0.1462,0,59.895,0
14.415,1.08,-0.14509,0,60.434,0,14.415,-1.08,-0.14509,0,60.434,0
14.544,1.08,-0.14453,0,60.973,0,14.544,-1.08,-0.14453,0,60.973,0
14.673,1.08,-0.14415,0,61.512,0,14.673,-1.08,-0.14415,0,61.512,0
14.802,1.08,-0.14409,0,62.05,0,14.802,-1.08,-0.14409,0,62.05,0
14.931,1.08,-0.14435,0,62.589,0,14.931,-1.08,-0.14435,0,62.589,0
15.06,1.08,-0.14484,0,63.128,0,15.06,-1.08,-0.14484,0,63.128,0
15.19,1.08,-0.1458,0,63.667,0,15.19,-1.08,-0.1458,0,63.667,0
15.319,1.08,-0.1472,0,64.206,0,15.319,-1.08,-0.1472,0,64.206,0
15.449,1.08,-0.14895,0,64.745,0,15.449,-1.08,-0.14895,0,64.745,0
15.58,1.08,-0.15064,0,65.284,0,15.58,-1.08,-0.15064,0,65.284,0
15.71,1.08,-0.15227,0,65.823,0,15.71,-1.08,-0.15227,0,65.823,0
15.84,1.08,-0.15402,0,66.362,0,15.84,-1.08,-0.15402,0,66.362,0
15.97,1.08,-0.1558,0,66.901,0,15.97,-1.08,-0.1558,0,66.901,0
16.1,1.08,-0.1577,0,67.441,0,16.1,-1.08,-0.1577,0,67.441,0
16.23,1.08,-0.15961,0,67.98,0,16.23,-1.08,-0.15961,0,67.98,0
16.36,1.08,-0.16139,0,68.519,0,16.36,-1.08,-0.16139,0,68.519,0
16.49,1.08,-0.16266,0,69.058,0,16.49,-1.08,-0.16266,0,69.058,0
16.62,1.08,-0.16353,0,69.598,0,16.62,-1.08,-0.16353,0,69.598,0
16.75,1.08,-0.16443,0,70.137,0,16.75,-1.08,-0.16443,0,70.137,0
16.88,1.08,-0.16521,0,70.676,0,16.88,-1.08,-0.16521,0,70.676,0
17.009,1.08,-0.16584,0,71.216,0,17.009,-1.08,-0.16584,0,71.216,0
17.138,1.08,-0.16609,0,71.755,0,17.138,-1.08,-0.16609,0,71.755,0
17.268,1.08,-0.16593,0,72.294,0,17.268,-1.08,-0.16593,0,72.294,0
17.397,1.08,-0.1655,0,72.834,0,17.397,-1.08,-0.1655,0,72.834,0
17.526,1.08,-0.16489,0,73.373,0,17.526,-1.08,-0.16489,0,73.373,0
17.654,1.08,-0.16452,0,73.912,0,17.654,-1.08,-0.16452,0,73.912,0
17.783,1.08,-0.16387,0,74.452,0,17.783,-1.08,-0.16387,0,74.452,0
17.912,1.08,-0.16287,0,74.991,0,17.912,-1.08,-0.16287,0,74.991,0
18.04,1.08,-0.16158,0,75.53,0,18.04,-1.08,-0.16158,0,75.53,0
18.169,1.08,-0.16033,0,76.069,0,18.169,-1.08,-0.16033,0,76.069,0
18.297,1.08,-0.1592,0,76.609,0,18.297,-1.08,-0.1592,0,76.609,0
18.425,1.08,-0.15806,0,77.148,0,18.425,-1.08,-0.15806,0,77.148,0
18.554,1.08,-0.157,0,77.687,0,18.554,-1.08,-0.157,0,77.687,0
18.682,1.08,-0.15574,0,78.226,0,18.682,-1.08,-0.15574,0,78.226,0
18.81,1.08,-0.1544,0,78.765,0,18.81,-1.08,-0.1544,0,78.765,0
18.939,1.08,-0.15323,0,79.304,0,18.939,-1.08,-0.15323,0,79.304,0
19.067,1.08,-0.15242,0,79.843,0,19.067,-1.08,-0.15242,0,79.843,0
19.196,1.08,-0.15187,0,80.382,0,19.196,-1.08,-0.15187,0,80.382,0
19.325,1.08,-0.15119,0,80.921,0,19.325,-1.08,-0.15119,0,80.921,0
19.453,1.08,-0.15069,0,81.46,0,19.453,-1.08,-0.15069,0,81.46,0
19.582,1.08,-0.15024,0,81.999,0,19.582,-1.08,-0.15024,0,81.999,0
19.711,1.08,-0.15,0,82.538,0,19.711,-1.08,-0.15,0,82.538,0
19.84,1.08,-0.15017,0,83.077,0,19.84,-1.08,-0.15017,0,83.077,0
19.969,1.08,-0.15067,0,83.616,0,19.969,-1.08,-0.15067,0,83.616,0
20.099,1.08,-0.15124,0,84.155,0,20.099,-1.08,-0.15124,0,84.155,0
20.228,1.08,-0.15168,0,84.694,0,20.228,-1.08,-0.15168,0,84.694,0
20.358,1.08,-0.15228,0,85.234,0,20.358,-1.08,-0.15228,0,85.234,0
20.487,1.08,-0.15292,0,85.773,0,20.487,-1.08,-0.15292,0,85.773,0
20.617,1.08,-0.1538,0,86.312,0,20.617,-1.08,-0.1538,0,86.312,0
20.748,1.08,-0.14745,0,86.849,0,20.748,-1.08,-0.14745,0,86.849,0
20.882,1.08,-0.11431,0,87.389,0,20.882,-1.08,-0.11431,0,87.389,0
21.014,1.08,-0.07422,0,87.929,0,21.014,-1.08,-0.07422,0,87.929,0
21.143,1.08,-0.037695,0,88.471,0,21.143,-1.08,-0.037695,0,88.471,0
21.268,1.08,-0.0050054,0,89.012,0,21.268,-1.08,-0.0050054,0,89.012,0
21.389,1.08,0.0232,0,89.553,0,21.389,-1.08,0.0232,0,89.553,0
21.507,1.08,0.049609,0,90.094,0,21.507,-1.08,0.049609,0,90.094,0
21.624,1.08,0.075425,0,90.634,0,21.624,-1.08,0.075425,0,90.634,0
21.739,1.08,0.099042,0,91.173,0,21.739,-1.08,0.099042,0,91.173,0
21.853,1.08,0.12229,0,91.711,0,21.853,-1.08,0.12229,0,91.711,0
21.967,1.08,0.14544,0,92.248,0,21.967,-1.08,0.14544,0,92.248,0
22.082,1.08,0.16861,0,92.785,0,22.082,-1.08,0.16861,0,92.785,0
22.199,1.08,0.19105,0,93.321,0,22.199,-1.08,0.19105,0,93.321,0
22.317,1.08,0.21245,0,93.858,0,22.317,-1.08,0.21245,0,93.858,0
22.437,1.08,0.23313,0,94.394,0,22.437,-1.08,0.23313,0,94.394,0
22.558,1.08,0.25339,0,94.93,0,22.558,-1.08,0.25339,0,94.93,0
22.68,1.08,0.27373,0,95.467,0,22.68,-1.08,0.27373,0,95.467,0
22.803,1.08,0.2925,0,96.003,0,22.803,-1.08,0.2925,0,96.003,0
22.928,1.08,0.30746,0,96.54,0,22.928,-1.08,0.30746,0,96.54,0
23.053,1.08,0.31996,0,97.076,0,23.053,-1.08,0.31996,0,97.076,0
23.18,1.08,0.33016,0,97.612,0,23.18,-1.08,0.33016,0,97.612,0
23.307,1.08,0.33737,0,98.149,0,23.307,-1.08,0.33737,0,98.149,0
23.434,1.08,0.33817,0,98.685,0,23.434,-1.08,0.33817,0,98.685,0
23.562,1.08,0.33469,0,99.222,0,23.562,-1.08,0.33469,0,99.222,0
23.691,1.08,0.32586,0,99.758,0,23.691,-1.08,0.32586,0,99.758,0
23.821,1.08,0.31372,0,100.29,0,23.821,-1.08,0.31372,0,100.29,0
23.952,1.08,0.29499,0,100.83,0,23.952,-1.08,0.29499,0,100.83,0
24.084,1.08,0.26719,0,101.37,0,24.084,-1.08,0.26719,0,101.37,0
24.217,1.08,0.22893,0,101.9,0,24.217,-1.08,0.22893,0,101.9,0
24.352,1.08,0.18292,0,102.44,0,24.352,-1.08,0.18292,0,102.44,0
24.489,1.08,0.13415,0,102.97,0,24.489,-1.08,0.13415,0,102.97,0
24.631,1.08,0.088413,0,103.51,0,24.631,-1.08,0.088413,0,103.51,0
24.776,1.08,0.049273,0,104.04,0,24.776,-1.08,0.049273,0,104.04,0
24.925,1.08,0.016486,0,104.58,0,24.925,-1.08,0.016486,0,104.58,0
25.075,1.08,-0.010368,0,105.12,0,25.075,-1.08,-0.010368,0,105.12,0
25.226,1.08,-0.031316,0,105.66,0,25.226,-1.08,-0.031316,0,105.66,0
25.374,1.08,-0.050863,0,106.2,0,25.374,-1.08,-0.050863,0,106.2,0
25.516,1.08,-0.068698,0,106.75,0,25.516,-1.08,-0.068698,0,106.75,0
25.653,1.08,-0.08583,0,107.29,0,25.653,-1.08,-0.08583,0,107.29,0
25.783,1.08,-0.10439,0,107.84,0,25.783,-1.08,-0.10439,0,107.84,0
25.91,1.08,-0.12459,0,108.38,0,25.91,-1.08,-0.12459,0,108.38,0
26.03,1.08,-0.14753,0,108.92,0,26.03,-1.08,-0.14753,0,108.92,0
26.145,1.08,-0.17518,0,109.46,0,26.145,-1.08,-0.17518,0,109.46,0
26.257,1.08,-0.20806,0,110,0,26.257,-1.08,-0.20806,0,110,0
26.369,1.08,-0.24275,0,110.54,0,26.369,-1.08,-0.24275,0,110.54,0
26.485,1.08,-0.27333,0,111.08,0,26.485,-1.08,-0.27333,0,111.08,0
26.606,1.08,-0.29855,0,111.61,0,26.606,-1.08,-0.29855,0,111.61,0
26.733,1.08,-0.31793,0,112.15,0,26.733,-1.08,-0.31793,0,112.15,0
26.868,1.08,-0.32415,0,112.69,0,26.868,-1.08,-0.32415,0,112.69,0
27.011,1.08,-0.31712,0,113.23,0,27.011,-1.08,-0.31712,0,113.23,0
27.153,1.08,-0.30625,0,113.77,0,27.153,-1.08,-0.30625,0,113.77,0
27.294,1.08,-0.29668,0,114.31,0,27.294,-1.08,-0.29668,0,114.31,0
27.434,1.08,-0.28944,0,114.85,0,27.434,-1.08,-0.28944,0,114.85,0
27.57,1.08,-0.2856,0,115.39,0,27.57,-1.08,-0.2856,0,115.39,0
27.701,1.08,-0.2856,0,115.94,0,27.701,-1.08,-0.2856,0,115.94,0
27.828,1.08,-0.28733,0,116.48,0,27.828,-1.08,-0.28733,0,116.48,0
27.954,1.08,-0.2884,0,117.02,0,27.954,-1.08,-0.2884,0,117.02,0
28.079,1.08,-0.27934,0,117.56,0,28.079,-1.08,-0.27934,0,117.56,0
28.206,1.08,-0.24997,0,118.1,0,28.206,-1.08,-0.24997,0,118.1,0
28.33,1.08,-0.21099,0,118.65,0,28.33,-1.08,-0.21099,0,118.65,0
28.451,1.08,-0.17342,0,119.19,0,28.451,-1.08,-0.17342,0,119.19,0
28.567,1.08,-0.14033,0,119.73,0,28.567,-1.08,-0.14033,0,119.73,0
28.678,1.08,-0.11127,0,120.27,0,28.678,-1.08,-0.11127,0,120.27,0
28.786,1.08,-0.084532,0,120.81,0,28.786,-1.08,-0.084532,0,120.81,0
28.893,1.08,-0.058396,0,121.35,0,28.893,-1.08,-0.058396,0,121.35,0
29,1.08,-0.031761,0,121.89,0,29,-1.08,-0.031761,0,121.89,0
29.106,1.08,-0.006108,0,122.43,0,29.106,-1.08,-0.006108,0,122.43,0
29.214,1.08,0.018082,0,122.96,0,29.214,-1.08,0.018082,0,122.96,0
29.325,1.08,0.039743,0,123.5,0,29.325,-1.08,0.039743,0,123.5,0
29.439,1.08,0.059134,0,124.03,0,29.439,-1.08,0.059134,0,124.03,0
29.558,1.08,0.078762,0,124.56,0,29.558,-1.08,0.078762,0,124.56,0
29.681,1.08,0.09969,0,125.1,0,29.681,-1.08,0.09969,0,125.1,0
29.808,1.08,0.12134,0,125.63,0,29.808,-1.08,0.12134,0,125.63,0
29.939,1.08,0.14395,0,126.17,0,29.939,-1.08,0.14395,0,126.17,0
30.072,1.08,0.1663,0,126.71,0,30.072,-1.08,0.1663,0,126.71,0
30.207,1.08,0.18683,0,127.24,0,30.207,-1.08,0.18683,0,127.24,0
30.34,1.08,0.20347,0,127.78,0,30.34,-1.08,0.20347,0,127.78,0
30.473,1.08,0.21573,0,128.32,0,30.473,-1.08,0.21573,0,128.32,0
30.604,1.08,0.22406,0,128.86,0,30.604,-1.08,0.22406,0,128.86,0
30.734,1.08,0.22817,0,129.4,0,30.734,-1.08,0.22817,0,129.4,0
30.862,1.08,0.22874,0,129.94,0,30.862,-1.08,0.22874,0,129.94,0
30.988,1.08,0.22711,0,130.48,0,30.988,-1.08,0.22711,0,130.48,0
31.113,1.08,0.22365,0,131.02,0,31.113,-1.08,0.22365,0,131.02,0
31.237,1.08,0.21796,0,131.56,0,31.237,-1.08,0.21796,0,131.56,0
31.361,1.08,0.2081,0,132.09,0,31.361,-1.08,0.2081,0,132.09,0
31.484,1.08,0.19494,0,132.63,0,31.484,-1.08,0.19494,0,132.63,0
31.608,1.08,0.1799,0,133.17,0,31.608,-1.08,0.1799,0,133.17,0
31.734,1.08,0.16326,0,133.7,0,31.734,-1.08,0.16326,0,133.7,0
31.861,1.08,0.1448,0,134.24,0,31.861,-1.08,0.1448,0,134.24,0
31.993,1.08,0.12749,0,134.77,0,31.993,-1.08,0.12749,0,134.77,0
32.128,1.08,0.11318,0,135.31,0,32.128,-1.08,0.11318,0,135.31,0
32.264,1.08,0.10239,0,135.84,0,32.264,-1.08,0.10239,0,135.84,0
32.403,1.08,0.094995,0,136.38,0,32.403,-1.08,0.094995,0,136.38,0
32.544,1.08,0.087641,0,136.92,0,32.544,-1.08,0.087641,0,136.92,0
32.684,1.08,0.079733,0,137.46,0,32.684,-1.08,0.079733,0,137.46,0
32.822,1.08,0.066312,0,138,0,32.822,-1.08,0.066312,0,138,0
32.959,1.08,0.048064,0,138.54,0,32.959,-1.08,0.048064,0,138.54,0
33.094,1.08,0.027429,0,139.08,0,33.094,-1.08,0.027429,0,139.08,0
33.228,1.08,0.0046944,0,139.62,0,33.228,-1.08,0.0046944,0,139.62,0
33.361,1.08,-0.021198,0,140.16,0,33.361,-1.08,-0.021198,0,140.16,0
33.492,1.08,-0.051409,0,140.7,0,33.492,-1.08,-0.051409,0,140.7,0
33.622,1.08,-0.087284,0,141.24,0,33.622,-1.08,-0.087284,0,141.24,0
33.751,1.08,-0.12852,0,141.78,0,33.751,-1.08,-0.12852,0,141.78,0
33.878,1.08,-0.17499,0,142.32,0,33.878,-1.08,-0.17499,0,142.32,0
34.003,1.08,-0.22637,0,142.86,0,34.003,-1.08,-0.22637,0,142.86,0
34.132,1.08,-0.2768,0,143.39,0,34.132,-1.08,-0.2768,0,143.39,0
34.262,1.08,-0.32195,0,143.93,0,34.262,-1.08,-0.32195,0,143.93,0
34.4,1.08,-0.34174,0,144.47,0,34.4,-1.08,-0.34174,0,144.47,0
34.55,1.08,-0.32698,0,145.01,0,34.55,-1.08,-0.32698,0,145.01,0
34.7,1.08,-0.30078,0,145.55,0,34.7,-1.08,-0.30078,0,145.55,0
34.847,1.08,-0.27749,0,146.1,0,34.847,-1.08,-0.27749,0,146.1,0
34.987,1.08,-0.26022,0,146.64,0,34.987,-1.08,-0.26022,0,146.64,0
35.12,1.08,-0.25001,0,147.18,0,35.12,-1.08,-0.25001,0,147.18,0
35.249,1.08,-0.24563,0,147.73,0,35.249,-1.08,-0.24563,0,147.73,0
35.374,1.08,-0.24603,0,148.27,0,35.374,-1.08,-0.24603,0,148.27,0
35.497,1.08,-0.2412,0,148.81,0,35.497,-1.08,-0.2412,0,148.81,0
35.62,1.08,-0.22488,0,149.35,0,35.62,-1.08,-0.22488,0,149.35,0
35.743,1.08,-0.20181,0,149.89,0,35.743,-1.08,-0.20181,0,149.89,0
35.865,1.08,-0.17517,0,150.43,0,35.865,-1.08,-0.17517,0,150.43,0
35.984,1.08,-0.14586,0,150.97,0,35.984,-1.08,-0.14586,0,150.97,0
36.101,1.08,-0.11479,0,151.51,0,36.101,-1.08,-0.11479,0,151.51,0
36.216,1.08,-0.083261,0,152.05,0,36.216,-1.08,-0.083261,0,152.05,0
36.329,1.08,-0.051529,0,152.59,0,36.329,-1.08,-0.051529,0,152.59,0
36.441,1.08,-0.020078,0,153.13,0,36.441,-1.08,-0.020078,0,153.13,0
36.551,1.08,0.010262,0,153.67,0,36.551,-1.08,0.010262,0,153.67,0
36.661,1.08,0.040446,0,154.21,0,36.661,-1.08,0.040446,0,154.21,0
36.772,1.08,0.069053,0,154.74,0,36.772,-1.08,0.069053,0,154.74,0
36.886,1.08,0.096626,0,155.28,0,36.886,-1.08,0.096626,0,155.28,0
37.001,1.08,0.12232,0,155.82,0,37.001,-1.08,0.12232,0,155.82,0
37.119,1.08,0.14608,0,156.35,0,37.119,-1.08,0.14608,0,156.35,0
37.24,1.08,0.16632,0,156.89,0,37.24,-1.08,0.16632,0,156.89,0
37.363,1.08,0.18379,0,157.42,0,37.363,-1.08,0.18379,0,157.42,0
37.489,1.08,0.1988,0,157.96,0,37.489,-1.08,0.1988,0,157.96,0
37.617,1.08,0.21161,0,158.49,0,37.617,-1.08,0.21161,0,158.49,0
37.747,1.08,0.2204,0,159.03,0,37.747,-1.08,0.2204,0,159.03,0
37.878,1.08,0.22393,0,159.57,0,37.878,-1.08,0.22393,0,159.57,0
38.008,1.08,0.22331,0,160.11,0,38.008,-1.08,0.22331,0,160.11,0
38.139,1.08,0.21892,0,160.65,0,38.139,-1.08,0.21892,0,160.65,0
38.27,1.08,0.21252,0,161.18,0,38.27,-1.08,0.21252,0,161.18,0
38.4,1.08,0.20561,0,161.72,0,38.4,-1.08,0.20561,0,161.72,0
38.53,1.08,0.19698,0,162.26,0,38.53,-1.08,0.19698,0,162.26,0
38.66,1.08,0.18561,0,162.8,0,38.66,-1.08,0.18561,0,162.8,0
38.789,1.08,0.17131,0,163.33,0,38.789,-1.08,0.17131,0,163.33,0
38.919,1.08,0.15456,0,163.87,0,38.919,-1.08,0.15456,0,163.87,0
39.049,1.08,0.13478,0,164.41,0,39.049,-1.08,0.13478,0,164.41,0
39.18,1.08,0.11154,0,164.94,0,39.18,-1.08,0.11154,0,164.94,0
39.313,1.08,0.085542,0,165.48,0,39.313,-1.08,0.085542,0,165.48,0
39.447,1.08,0.056025,0,166.02,0,39.447,-1.08,0.056025,0,166.02,0
39.582,1.08,0.022335,0,166.56,0,39.582,-1.08,0.022335,0,166.56,0
39.718,1.08,-0.016602,0,167.09,0,39.718,-1.08,-0.016602,0,167.09,0
39.854,1.08,-0.06232,0,167.63,0,39.854,-1.08,-0.06232,0,167.63,0
39.989,1.08,-0.11627,0,168.17,0,39.989,-1.08,-0.11627,0,168.17,0
40.13,1.08,-0.14991,0,168.7,0,40.13,-1.08,-0.14991,0,168.7,0
40.281,1.08,-0.12884,0,169.24,0,40.281,-1.08,-0.12884,0,169.24,0
40.431,1.08,-0.091613,0,169.79,0,40.431,-1.08,-0.091613,0,169.79,0
40.576,1.08,-0.058484,0,170.33,0,40.576,-1.08,-0.058484,0,170.33,0
40.712,1.08,-0.030586,0,170.88,0,40.712,-1.08,-0.030586,0,170.88,0
40.842,1.08,-0.007071,0,171.42,0,40.842,-1.08,-0.007071,0,171.42,0
40.967,1.08,0.010419,0,171.97,0,40.967,-1.08,0.010419,0,171.97,0
41.087,1.08,0.021724,0,172.51,0,41.087,-1.08,0.021724,0,172.51,0
41.202,1.08,0.030234,0,173.05,0,41.202,-1.08,0.030234,0,173.05,0
41.315,1.08,0.037216,0,173.59,0,41.315,-1.08,0.037216,0,173.59,0
41.428,1.08,0.043054,0,174.13,0,41.428,-1.08,0.043054,0,174.13,0
41.544,1.08,0.05328,0,174.66,0,41.544,-1.08,0.05328,0,174.66,0
41.659,1.08,0.0676,0,175.2,0,41.659,-1.08,0.0676,0,175.2,0
41.776,1.08,0.081711,0,175.74,0,41.776,-1.08,0.081711,0,175.74,0
41.892,1.08,0.089708,0,176.28,0,41.892,-1.08,0.089708,0,176.28,0
42.011,1.08,0.09713,0,176.81,0,42.011,-1.08,0.09713,0,176.81,0
42.132,1.08,0.10865,0,177.35,0,42.132,-1.08,0.10865,0,177.35,0
42.253,1.08,0.12368,0,177.88,0,42.253,-1.08,0.12368,0,177.88,0
42.377,1.08,0.14168,0,178.42,0,42.377,-1.08,0.14168,0,178.42,0
42.503,1.08,0.15805,0,178.95,0,42.503,-1.08,0.15805,0,178.95,0
42.627,1.08,0.1672,0,179.49,0,42.627,-1.08,0.1672,0,179.49,0
42.753,1.08,0.17336,0,180.03,0,42.753,-1.08,0.17336,0,180.03,0
42.879,1.08,0.17592,0,180.56,0,42.879,-1.08,0.17592,0,180.56,0
43.006,1.08,0.17533,0,181.1,0,43.006,-1.08,0.17533,0,181.1,0
43.134,1.08,0.16788,0,181.64,0,43.134,-1.08,0.16788,0,181.64,0
43.263,1.08,0.15006,0,182.17,0,43.263,-1.08,0.15006,0,182.17,0
43.393,1.08,0.12113,0,182.71,0,43.393,-1.08,0.12113,0,182.71,0
43.523,1.08,0.082882,0,183.24,0,43.523,-1.08,0.082882,0,183.24,0
43.656,1.08,0.040036,0,183.78,0,43.656,-1.08,0.040036,0,183.78,0
43.794,1.08,-0.0005928,0,184.32,0,43.794,-1.08,-0.0005928,0,184.32,0
43.934,1.08,-0.040987,0,184.85,0,43.934,-1.08,-0.040987,0,184.85,0
44.076,1.08,-0.078569,0,185.39,0,44.076,-1.08,-0.078569,0,185.39,0
44.221,1.08,-0.10722,0,185.93,0,44.221,-1.08,-0.10722,0,185.93,0
44.369,1.08,-0.12255,0,186.47,0,44.369,-1.08,-0.12255,0,186.47,0
44.517,1.08,-0.12059,0,187.01,0,44.517,-1.08,-0.12059,0,187.01,0
44.665,1.08,-0.10159,0,187.56,0,44.665,-1.08,-0.10159,0,187.56,0
44.805,1.08,-0.077902,0,188.1,0,44.805,-1.08,-0.077902,0,188.1,0
44.935,1.08,-0.055134,0,188.65,0,44.935,-1.08,-0.055134,0,188.65,0
45.058,1.08,-0.03363,0,189.19,0,45.058,-1.08,-0.03363,0,189.19,0
45.175,1.08,-0.011512,0,189.74,0,45.175,-1.08,-0.011512,0,189.74,0
45.287,1.08,0.01246,0,190.28,0,45.287,-1.08,0.01246,0,190.28,0
45.397,1.08,0.036399,0,190.82,0,45.397,-1.08,0.036399,0,190.82,0
45.503,1.08,0.060157,0,191.36,0,45.503,-1.08,0.060157,0,191.36,0
45.609,1.08,0.08229,0,191.9,0,45.609,-1.08,0.08229,0,191.9,0
45.716,1.08,0.10463,0,192.43,0,45.716,-1.08,0.10463,0,192.43,0
45.824,1.08,0.12576,0,192.97,0,45.824,-1.08,0.12576,0,192.97,0
45.934,1.08,0.14527,0,193.5,0,45.934,-1.08,0.14527,0,193.5,0
46.047,1.08,0.16366,0,194.04,0,46.047,-1.08,0.16366,0,194.04,0
46.163,1.08,0.17941,0,194.57,0,46.163,-1.08,0.17941,0,194.57,0
46.283,1.08,0.19228,0,195.11,0,46.283,-1.08,0.19228,0,195.11,0
46.405,1.08,0.20279,0,195.64,0,46.405,-1.08,0.20279,0,195.64,0
46.532,1.08,0.21077,0,196.18,0,46.532,-1.08,0.21077,0,196.18,0
46.66,1.08,0.21315,0,196.71,0,46.66,-1.08,0.21315,0,196.71,0
46.789,1.08,0.21043,0,197.25,0,46.789,-1.08,0.21043,0,197.25,0
46.92,1.08,0.19964,0,197.79,0,46.92,-1.08,0.19964,0,197.79,0
47.05,1.08,0.1792,0,198.33,0,47.05,-1.08,0.1792,0,198.33,0
47.18,1.08,0.15006,0,198.86,0,47.18,-1.08,0.15006,0,198.86,0
47.312,1.08,0.11518,0,199.4,0,47.312,-1.08,0.11518,0,199.4,0
47.445,1.08,0.073681,0,199.94,0,47.445,-1.08,0.073681,0,199.94,0
47.578,1.08,0.022895,0,200.47,0,47.578,-1.08,0.022895,0,200.47,0
47.711,1.08,-0.037214,0,201.01,0,47.711,-1.08,-0.037214,0,201.01,0
47.846,1.08,-0.10588,0,201.55,0,47.846,-1.08,-0.10588,0,201.55,0
47.982,1.08,-0.18019,0,202.08,0,47.982,-1.08,-0.18019,0,202.08,0
48.121,1.08,-0.25003,0,202.62,0,48.121,-1.08,-0.25003,0,202.62,0
48.267,1.08,-0.3094,0,203.16,0,48.267,-1.08,-0.3094,0,203.16,0
48.416,1.08,-0.34658,0,203.7,0,48.416,-1.08,-0.34658,0,203.7,0
48.575,1.08,-0.33656,0,204.24,0,48.575,-1.08,-0.33656,0,204.24,0
48.734,1.08,-0.30083,0,204.79,0,48.734,-1.08,-0.30083,0,204.79,0
48.886,1.08,-0.26391,0,205.33,0,48.886,-1.08,-0.26391,0,205.33,0
49.028,1.08,-0.23189,0,205.88,0,49.028,-1.08,-0.23189,0,205.88,0
49.163,1.08,-0.20617,0,206.43,0,49.163,-1.08,-0.20617,0,206.43,0
49.289,1.08,-0.18772,0,206.97,0,49.289,-1.08,-0.18772,0,206.97,0
49.408,1.08,-0.17614,0,207.51,0,49.408,-1.08,-0.17614,0,207.51,0
49.522,1.08,-0.16899,0,208.06,0,49.522,-1.08,-0.16899,0,208.06,0
49.634,1.08,-0.16439,0,208.6,0,49.634,-1.08,-0.16439,0,208.6,0
49.744,1.08,-0.16106,0,209.14,0,49.744,-1.08,-0.16106,0,209.14,0
49.854,1.08,-0.15713,0,209.68,0,49.854,-1.08,-0.15713,0,209.68,0
49.966,1.08,-0.15069,0,210.21,0,49.966,-1.08,-0.15069,0,210.21,0
50.081,1.08,-0.14108,0,210.75,0,50.081,-1.08,-0.14108,0,210.75,0
50.199,1.08,-0.12902,0,211.28,0,50.199,-1.08,-0.12902,0,211.28,0
50.321,1.08,-0.1145,0,211.82,0,50.321,-1.08,-0.1145,0,211.82,0
50.445,1.08,-0.099197,0,212.36,0,50.445,-1.08,-0.099197,0,212.36,0
50.572,1.08,-0.084254,0,212.89,0,50.572,-1.08,-0.084254,0,212.89,0
50.7,1.08,-0.071433,0,213.43,0,50.7,-1.08,-0.071433,0,213.43,0
50.83,1.08,-0.061777,0,213.97,0,50.83,-1.08,-0.061777,0,213.97,0
50.961,1.08,-0.056413,0,214.51,0,50.961,-1.08,-0.056413,0,214.51,0
51.091,1.08,-0.056095,0,215.04,0,51.091,-1.08,-0.056095,0,215.04,0
51.222,1.08,-0.060991,0,215.58,0,51.222,-1.08,-0.060991,0,215.58,0
51.353,1.08,-0.070397,0,216.12,0,51.353,-1.08,-0.070397,0,216.12,0
51.484,1.08,-0.083652,0,216.66,0,51.484,-1.08,-0.083652,0,216.66,0
51.615,1.08,-0.10013,0,217.2,0,51.615,-1.08,-0.10013,0,217.2,0
51.748,1.08,-0.11761,0,217.74,0,51.748,-1.08,-0.11761,0,217.74,0
51.881,1.08,-0.1344,0,218.27,0,51.881,-1.08,-0.1344,0,218.27,0
52.017,1.08,-0.1493,0,218.81,0,52.017,-1.08,-0.1493,0,218.81,0
52.153,1.08,-0.16221,0,219.35,0,52.153,-1.08,-0.16221,0,219.35,0
52.291,1.08,-0.17373,0,219.89,0,52.291,-1.08,-0.17373,0,219.89,0
52.428,1.08,-0.18309,0,220.43,0,52.428,-1.08,-0.18309,0,220.43,0
52.566,1.08,-0.1906,0,220.97,0,52.566,-1.08,-0.1906,0,220.97,0
52.702,1.08,-0.19661,0,221.51,0,52.702,-1.08,-0.19661,0,221.51,0
52.838,1.08,-0.20143,0,222.05,0,52.838,-1.08,-0.20143,0,222.05,0
52.973,1.08,-0.20513,0,222.59,0,52.973,-1.08,-0.20513,0,222.59,0
53.106,1.08,-0.20806,0,223.13,0,53.106,-1.08,-0.20806,0,223.13,0
53.237,1.08,-0.21003,0,223.67,0,53.237,-1.08,-0.21003,0,223.67,0
53.367,1.08,-0.21087,0,224.21,0,53.367,-1.08,-0.21087,0,224.21,0
53.496,1.08,-0.21055,0,224.75,0,53.496,-1.08,-0.21055,0,224.75,0
53.623,1.08,-0.20946,0,225.29,0,53.623,-1.08,-0.20946,0,225.29,0
53.75,1.08,-0.2072,0,225.83,0,53.75,-1.08,-0.2072,0,225.83,0
53.876,1.08,-0.20325,0,226.37,0,53.876,-1.08,-0.20325,0,226.37,0
54.002,1.08,-0.19809,0,226.91,0,54.002,-1.08,-0.19809,0,226.91,0
54.128,1.08,-0.19194,0,227.45,0,54.128,-1.08,-0.19194,0,227.45,0
54.254,1.08,-0.18463,0,227.99,0,54.254,-1.08,-0.18463,0,227.99,0
54.38,1.08,-0.17669,0,228.53,0,54.38,-1.08,-0.17669,0,228.53,0
54.505,1.08,-0.16874,0,229.07,0,54.505,-1.08,-0.16874,0,229.07,0
54.63,1.08,-0.16079,0,229.61,0,54.63,-1.08,-0.16079,0,229.61,0
54.755,1.08,-0.15316,0,230.15,0,54.755,-1.08,-0.15316,0,230.15,0
54.879,1.08,-0.14596,0,230.69,0,54.879,-1.08,-0.14596,0,230.69,0
55.004,1.08,-0.13973,0,231.23,0,55.004,-1.08,-0.13973,0,231.23,0
55.129,1.08,-0.13433,0,231.77,0,55.129,-1.08,-0.13433,0,231.77,0
55.253,1.08,-0.13009,0,232.3,0,55.253,-1.08,-0.13009,0,232.3,0
55.378,1.08,-0.1265,0,232.84,0,55.378,-1.08,-0.1265,0,232.84,0
55.504,1.08,-0.12342,0,233.38,0,55.504,-1.08,-0.12342,0,233.38,0
55.631,1.08,-0.12096,0,233.92,0,55.631,-1.08,-0.12096,0,233.92,0
55.759,1.08,-0.11929,0,234.46,0,55.759,-1.08,-0.11929,0,234.46,0
55.888,1.08,-0.11832,0,235,0,55.888,-1.08,-0.11832,0,235,0
56.017,1.08,-0.11807,0,235.53,0,56.017,-1.08,-0.11807,0,235.53,0
56.148,1.08,-0.1192,0,236.07,0,56.148,-1.08,-0.1192,0,236.07,0
56.279,1.08,-0.12148,0,236.61,0,56.279,-1.08,-0.12148,0,236.61,0
56.41,1.08,-0.12465,0,237.15,0,56.41,-1.08,-0.12465,0,237.15,0
56.542,1.08,-0.12872,0,237.69,0,56.542,-1.08,-0.12872,0,237.69,0
56.674,1.08,-0.13367,0,238.23,0,56.674,-1.08,-0.13367,0,238.23,0
56.807,1.08,-0.13933,0,238.76,0,56.807,-1.08,-0.13933,0,238.76,0
56.939,1.08,-0.1453,0,239.3,0,56.939,-1.08,-0.1453,0,239.3,0
57.071,1.08,-0.15177,0,239.84,0,57.071,-1.08,-0.15177,0,239.84,0
57.203,1.08,-0.15831,0,240.38,0,57.203,-1.08,-0.15831,0,240.38,0
57.335,1.08,-0.16455,0,240.92,0,57.335,-1.08,-0.16455,0,240.92,0
57.467,1.08,-0.17009,0,241.46,0,57.467,-1.08,-0.17009,0,241.46,0
57.599,1.08,-0.17476,0,242,0,57.599,-1.08,-0.17476,0,242,0
57.731,1.08,-0.17882,0,242.54,0,57.731,-1.08,-0.17882,0,242.54,0
57.862,1.08,-0.18183,0,243.08,0,57.862,-1.08,-0.18183,0,243.08,0
57.993,1.08,-0.18377,0,243.62,0,57.993,-1.08,-0.18377,0,243.62,0
58.124,1.08,-0.18489,0,244.16,0,58.124,-1.08,-0.18489,0,244.16,0
58.254,1.08,-0.18521,0,244.7,0,58.254,-1.08,-0.18521,0,244.7,0
58.384,1.08,-0.18473,0,245.24,0,58.384,-1.08,-0.18473,0,245.24,0
58.514,1.08,-0.18353,0,245.78,0,58.514,-1.08,-0.18353,0,245.78,0
58.642,1.08,-0.18189,0,246.32,0,58.642,-1.08,-0.18189,0,246.32,0
58.771,1.08,-0.17979,0,246.86,0,58.771,-1.08,-0.17979,0,246.86,0
58.899,1.08,-0.17719,0,247.4,0,58.899,-1.08,-0.17719,0,247.4,0
59.027,1.08,-0.1745,0,247.94,0,59.027,-1.08,-0.1745,0,247.94,0
59.154,1.08,-0.17156,0,248.48,0,59.154,-1.08,-0.17156,0,248.48,0
59.281,1.08,-0.16845,0,249.02,0,59.281,-1.08,-0.16845,0,249.02,0
59.407,1.08,-0.16518,0,249.56,0,59.407,-1.08,-0.16518,0,249.56,0
59.534,1.08,-0.16201,0,250.09,0,59.534,-1.08,-0.16201,0,250.09,0
59.66,1.08,-0.1588,0,250.63,0,59.66,-1.08,-0.1588,0,250.63,0
59.787,1.08,-0.15549,0,251.17,0,59.787,-1.08,-0.15549,0,251.17,0
59.913,1.08,-0.15228,0,251.71,0,59.913,-1.08,-0.15228,0,251.71,0
60.04,1.08,-0.14906,0,252.25,0,60.04,-1.08,-0.14906,0,252.25,0
60.168,1.08,-0.14605,0,252.79,0,60.168,-1.08,-0.14605,0,252.79,0
60.295,1.08,-0.14334,0,253.33,0,60.295,-1.08,-0.14334,0,253.33,0
60.423,1.08,-0.14104,0,253.87,0,60.423,-1.08,-0.14104,0,253.87,0
60.551,1.08,-0.139,0,254.41,0,60.551,-1.08,-0.139,0,254.41,0
60.679,1.08,-0.13756,0,254.94,0,60.679,-1.08,-0.13756,0,254.94,0
60.808,1.08,-0.13679,0,255.48,0,60.808,-1.08,-0.13679,0,255.48,0
60.937,1.08,-0.13661,0,256.02,0,60.937,-1.08,-0.13661,0,256.02,0
61.067,1.08,-0.13716,0,256.56,0,61.067,-1.08,-0.13716,0,256.56,0
61.196,1.08,-0.13837,0,257.1,0,61.196,-1.08,-0.13837,0,257.1,0
61.326,1.08,-0.14012,0,257.64,0,61.326,-1.08,-0.14012,0,257.64,0
61.456,1.08,-0.14208,0,258.18,0,61.456,-1.08,-0.14208,0,258.18,0
61.586,1.08,-0.14446,0,258.72,0,61.586,-1.08,-0.14446,0,258.72,0
61.717,1.08,-0.14722,0,259.26,0,61.717,-1.08,-0.14722,0,259.26,0
61.847,1.08,-0.15014,0,259.79,0,61.847,-1.08,-0.15014,0,259.79,0
61.978,1.08,-0.15316,0,260.33,0,61.978,-1.08,-0.15316,0,260.33,0
62.109,1.08,-0.1561,0,260.87,0,62.109,-1.08,-0.1561,0,260.87,0
62.239,1.08,-0.15894,0,261.41,0,62.239,-1.08,-0.15894,0,261.41,0
62.37,1.08,-0.16143,0,261.95,0,62.37,-1.08,-0.16143,0,261.95,0
62.501,1.08,-0.16363,0,262.49,0,62.501,-1.08,-0.16363,0,262.49,0
62.631,1.08,-0.16575,0,263.03,0,62.631,-1.08,-0.16575,0,263.03,0
62.762,1.08,-0.16753,0,263.57,0,62.762,-1.08,-0.16753,0,263.57,0
62.892,1.08,-0.16894,0,264.11,0,62.892,-1.08,-0.16894,0,264.11,0
63.022,1.08,-0.16988,0,264.65,0,63.022,-1.08,-0.16988,0,264.65,0
63.152,1.08,-0.17048,0,265.19,0,63.152,-1.08,-0.17048,0,265.19,0
63.281,1.08,-0.17079,0,265.73,0,63.281,-1.08,-0.17079,0,265.73,0
63.411,1.08,-0.1707,0,266.27,0,63.411,-1.08,-0.1707,0,266.27,0
63.54,1.08,-0.17044,0,266.81,0,63.54,-1.08,-0.17044,0,266.81,0
63.668,1.08,-0.1697,0,267.34,0,63.668,-1.08,-0.1697,0,267.34,0
63.797,1.08,-0.16868,0,267.88,0,63.797,-1.08,-0.16868,0,267.88,0
63.925,1.08,-0.16755,0,268.42,0,63.925,-1.08,-0.16755,0,268.42,0
64.054,1.08,-0.16634,0,268.96,0,64.054,-1.08,-0.16634,0,268.96,0
64.182,1.08,-0.16487,0,269.5,0,64.182,-1.08,-0.16487,0,269.5,0
64.31,1.08,-0.16294,0,270.04,0,64.31,-1.08,-0.16294,0,270.04,0
64.438,1.08,-0.16108,0,270.58,0,64.438,-1.08,-0.16108,0,270.58,0
64.566,1.08,-0.15923,0,271.12,0,64.566,-1.08,-0.15923,0,271.12,0
64.694,1.08,-0.15748,0,271.66,0,64.694,-1.08,-0.15748,0,271.66,0
64.821,1.08,-0.15582,0,272.2,0,64.821,-1.08,-0.15582,0,272.2,0
64.949,1.08,-0.15414,0,272.74,0,64.949,-1.08,-0.15414,0,272.74,0
65.077,1.08,-0.15236,0,273.28,0,65.077,-1.08,-0.15236,0,273.28,0
65.206,1.08,-0.15056,0,273.82,0,65.206,-1.08,-0.15056,0,273.82,0
65.334,1.08,-0.14929,0,274.35,0,65.334,-1.08,-0.14929,0,274.35,0
65.462,1.08,-0.14831,0,274.89,0,65.462,-1.08,-0.14831,0,274.89,0
65.591,1.08,-0.14762,0,275.43,0,65.591,-1.08,-0.14762,0,275.43,0
65.719,1.08,-0.14716,0,275.97,0,65.719,-1.08,-0.14716,0,275.97,0
65.848,1.08,-0.14688,0,276.51,0,65.848,-1.08,-0.14688,0,276.51,0
65.977,1.08,-0.14672,0,277.05,0,65.977,-1.08,-0.14672,0,277.05,0
66.107,1.08,-0.14677,0,277.59,0,66.107,-1.08,-0.14677,0,277.59,0
66.236,1.08,-0.14743,0,278.13,0,66.236,-1.08,-0.14743,0,278.13,0
66.366,1.08,-0.14838,0,278.67,0,66.366,-1.08,-0.14838,0,278.67,0
66.495,1.08,-0.14951,0,279.21,0,66.495,-1.08,-0.14951,0,279.21,0
66.625,1.08,-0.15072,0,279.74,0,66.625,-1.08,-0.15072,0,279.74,0
66.755,1.08,-0.15198,0,280.28,0,66.755,-1.08,-0.15198,0,280.28,0
66.885,1.08,-0.15328,0,280.82,0,66.885,-1.08,-0.15328,0,280.82,0
67.015,1.08,-0.1546,0,281.36,0,67.015,-1.08,-0.1546,0,281.36,0
67.145,1.08,-0.15626,0,281.9,0,67.145,-1.08,-0.15626,0,281.9,0
67.275,1.08,-0.15786,0,282.44,0,67.275,-1.08,-0.15786,0,282.44,0
67.405,1.08,-0.15932,0,282.98,0,67.405,-1.08,-0.15932,0,282.98,0
67.534,1.08,-0.16054,0,283.52,0,67.534,-1.08,-0.16054,0,283.52,0
67.664,1.08,-0.16153,0,284.06,0,67.664,-1.08,-0.16153,0,284.06,0