0.033
0.0662
0.0994
0.1326
0.1658
0.199
0.2322
0.2654
0.2986
0.3318
0.365
0.3982
0.4314
0.4646
0.4978
0.531
0.5642
0.5974
0.6306
0.6638
0.697
0.7302
0.7634
0.7966
0.8298
0.863
0.8962
0.9294
0.9626
0.9958
1.029
1.0622
1.0954
1.1286
1.1618
1.195
1.2282
1.2614
1.2946
1.3278
1.361
1.3942
1.4274
1.4606
1.4938
1.527
1.5602
1.5934
1.6266
1.6598
1.693
1.7262
1.7594
1.7926
1.8258
1.859
1.8922
1.9254
1.9586
1.9918
2.025
2.0582
2.0914
2.1246
2.1578
2.191
2.2242
2.2574
2.2906
2.3238
2.357
2.3902
2.4234
2.4566
2.4898
2.523
2.5562
2.5894
2.6226
2.6558
2.689
2.7222
2.7554
2.7886
2.8218
2.855
2.8882
2.9214
2.9546
2.9878
3.021
3.0542
3.0874
3.1206
3.1538
3.187
3.2202
3.2534
3.2866
3.3198
3.353
3.3862
3.4194
3.4526
3.4858
3.519
3.5522
3.5854
3.6186
3.6518
3.685
3.7182
3.7514
3.7846
3.8178
3.851
3.8842
3.9174
3.9506
3.9838
4.017
4.0502
4.0834
4.1166
4.1498
4.183
4.2162
4.2494
4.2826
4.3158
4.349
4.3822
4.4154
4.4486
4.4818
4.515
4.5482
4.5814
4.6146
4.6478
4.681
4.7142
4.7474
4.7806
4.8138
4.847
4.8802
4.9134
4.9466
4.9798
5.013
5.0462
5.0794
5.1126
5.1458
5.179
5.2122
5.2454
5.2786
5.3118
5.345
5.3782
5.4114
5.4446
5.4778
5.511
5.5442
5.5774
5.6106
5.6438
5.677
5.7102
5.7434
5.7766
5.8098
5.843
5.8762
5.9094
5.9426
5.9758
6.009
6.0422
6.0754
6.1086
6.1418
6.175
6.2082
6.2414
6.2746
6.3078
6.341
6.3742
6.4074
6.4406
6.4738
6.507
6.5402
6.5734
6.6066
6.6398
6.673
6.7062
6.7394
6.7726
6.8058
6.839
6.8722
6.9054
6.9386
6.9718
7.005
7.0382
7.0714
7.1046
7.1378
7.171
7.2042
7.2374
7.2706
7.3038
7.337
7.3702
7.4034
7.4366
7.4698
7.503
7.5362
7.5694
7.6026
7.6358
7.669
7.7022
7.7354
7.7686
7.8018
7.835
7.8682
7.9014
7.9346
7.9678
8.001
8.0342
8.0674
8.1006
8.1338
8.167
8.2002
8.2334
8.2666
8.2998
8.333
8.3662
8.3994
8.4326
8.4658
8.499
8.5322
8.5654
8.5986
8.6318
8.665
8.6982
8.7314
8.7646
8.7978
8.831
8.8642
8.8974
8.9306
8.9638
8.997
9.0302
9.0634
9.0966
9.1298
9.163
9.1962
9.2294
9.2626
9.2958
9.329
9.3622
9.3954
9.4286
9.4618
9.495
9.5282
9.5614
9.5946
9.6278
9.661
9.6942
9.7274
9.7606
9.7938
9.827
9.8602
9.8934
9.9266
9.9598
9.993
10.026
10.059
10.093
10.126
10.159
10.192
10.225
10.259
10.292
10.325
10.358
10.391
10.425
10.458
10.491
10.524
10.557
10.591
10.624
10.657
10.69
10.723
10.757
10.79
10.823
10.856
10.889
10.923
10.956
10.989
11.022
11.055
11.089
11.122
11.155
11.188
11.221
11.255
11.288
11.321
11.354
11.387
11.421
11.454
11.487
11.52
11.553
11.587
11.62
11.653
11.686
11.719
11.753
11.786
11.819
11.852
11.885
11.919
11.952
11.985
12.018
12.051
12.085
12.118
12.151
12.184
12.217
12.251
12.284
12.317
12.35
12.383
12.417
12.45
12.483
12.516
12.549
12.583
12.616
12.649
12.682
12.715
12.749
12.782
12.815
12.848
12.881
12.915
12.948
12.981
13.014
13.047
13.081
13.114
13.147
13.18
13.213
13.247
13.28
13.313
13.346
13.379
13.413
13.446
13.479
13.512
13.545
13.579
13.612
13.645
13.678
13.711
13.745
13.778
13.811
13.844
13.877
13.911
13.944
13.977
14.01
14.043
14.077
14.11
14.143
14.176
14.209
14.243
14.276
14.309
14.342
14.375
14.409
14.442
14.475
14.508
14.541
14.575
14.608
14.641
14.674
14.707
14.741
14.774
14.807
14.84
14.873
14.907
14.94
14.973
15.006
15.039
15.073
15.106
15.139
15.172
15.205
15.239
15.272
15.305
15.338
15.371
15.405
15.438
15.471
15.504
15.537
15.571
15.604
15.637
15.67
15.703
15.737
15.77
15.803
15.836
15.869
15.903
15.936
15.969
16.002
16.035
16.069
16.102
16.135
16.168
16.201
16.235
16.268
16.301
16.334
16.367
16.401
16.434
16.467
16.5
16.533
16.567
16.6
16.633
16.666
16.699
16.733
16.766
16.799
16.832
16.865
16.899
16.932
16.965
16.998
17.031
17.065
17.098
17.131
17.164
17.197
17.231
17.264
17.297
17.33
17.363
17.397
17.43
17.463
17.496
17.529
17.563
17.596
17.629
17.662
17.695
17.729
17.762
17.795
17.828
17.861
17.895
17.928
17.961
17.994
18.027
18.061
18.094
18.127
18.16
18.193
18.227
18.26
18.293
18.326
18.359
18.393
18.426
18.459
18.492
18.525
18.559
18.592
18.625
18.658
18.691
18.725
18.758
18.791
18.824
18.857
18.891
18.924
18.957
18.99
19.023
19.057
19.09
19.123
19.156
19.189
19.223
19.256
19.289
19.322
19.355
19.389
19.422
19.455
19.488
19.521
19.555
19.588
19.621
19.654
19.687
19.721
19.754
19.787
19.82
19.853
19.887
19.92
19.953
19.986
20.019
20.053
20.086
20.119
20.152
20.185
20.219
20.252
20.285
20.318
20.351
20.385
20.418
20.451
20.484
20.517
20.551
20.584
20.617
20.65
20.683
20.717
20.75
20.783
20.816
20.849
20.883
20.916
20.949
20.982
21.015
21.049
21.082
21.115
21.148
21.181
21.215
21.248
21.281
21.314
21.347
21.381
21.414
21.447
21.48
21.513
21.547
21.58
21.613
21.646
21.679
21.713
21.746
21.779
21.812
21.845
21.879
21.912
21.945
21.978
22.011
22.045
22.078
22.111
22.144
22.177
22.211
22.244
22.277
22.31
22.343
22.377
22.41
22.443
22.476
22.509
22.543
22.576
22.609
22.642
22.675
22.709
22.742
22.775
22.808
22.841
22.875
22.908
22.941
22.974
23.007
23.041
23.074
23.107
23.14
23.173
23.207
23.24
23.273
23.306
23.339
23.373
23.406
23.439
23.472
23.505
23.539
23.572
23.605
23.638
23.671
23.705
23.738
23.771
23.804
23.837
23.871
23.904
23.937
23.97
24.003
24.037
24.07
24.103
24.136
24.169
24.203
24.236
24.269
24.302
24.335
24.369
24.402
24.435
24.468
24.501
24.535
24.568
24.601
24.634
24.667
24.701
24.734
24.767
24.8
24.833
24.867
24.9
24.933
24.966
24.999
